#      n =  5
#  kappa = -1
# energy = -5.45295526E+01
#     vc = -7.38008917E+07


0    1.00000000E-07 -2.436849E-02  0.000000E+00  0.000000E+00  2.349511E+00
1    1.04874499E-07 -2.555633E-02  0.000000E+00  2.465022E-05  2.349511E+00
2    1.09986593E-07 -2.680207E-02  0.000000E+00  5.050193E-05  2.240307E+00
3    1.15347860E-07 -2.810852E-02  0.000000E+00  7.761372E-05  2.136179E+00
4    1.20970444E-07 -2.947866E-02  0.000000E+00  1.060470E-04  2.036892E+00
5    1.26867083E-07 -3.091558E-02  0.000000E+00  1.358661E-04  1.942219E+00
6    1.33051131E-07 -3.242253E-02  0.000000E+00  1.671387E-04  1.851947E+00
7    1.39536597E-07 -3.400293E-02  0.000000E+00  1.999355E-04  1.765871E+00
8    1.46338171E-07 -3.566037E-02  0.000000E+00  2.343308E-04  1.683796E+00
9    1.53471259E-07 -3.739858E-02  0.000000E+00  2.704026E-04  1.605536E+00
10   1.60952016E-07 -3.922152E-02  0.000000E+00  3.082326E-04  1.530914E+00
11   1.68797387E-07 -4.113331E-02  0.000000E+00  3.479064E-04  1.459760E+00
12   1.77025142E-07 -4.313827E-02  0.000000E+00  3.895139E-04  1.391913E+00
13   1.85653915E-07 -4.524096E-02  0.000000E+00  4.331493E-04  1.327220E+00
14   1.94703250E-07 -4.744612E-02  0.000000E+00  4.789115E-04  1.265534E+00
15   2.04193642E-07 -4.975877E-02  0.000000E+00  5.269041E-04  1.206716E+00
16   2.14146586E-07 -5.218412E-02  0.000000E+00  5.772358E-04  1.150631E+00
17   2.24584623E-07 -5.472769E-02  0.000000E+00  6.300206E-04  1.097153E+00
18   2.35531394E-07 -5.739521E-02  0.000000E+00  6.853780E-04  1.046161E+00
19   2.47011689E-07 -6.019275E-02  0.000000E+00  7.434334E-04  9.975384E-01
20   2.59051508E-07 -6.312662E-02  0.000000E+00  8.043183E-04  9.511762E-01
21   2.71678118E-07 -6.620348E-02  0.000000E+00  8.681706E-04  9.069689E-01
22   2.84920114E-07 -6.943029E-02  0.000000E+00  9.351348E-04  8.648165E-01
23   2.98807483E-07 -7.281436E-02  0.000000E+00  1.005363E-03  8.246232E-01
24   3.13371674E-07 -7.636335E-02  0.000000E+00  1.079013E-03  7.862982E-01
25   3.28645669E-07 -8.008530E-02  0.000000E+00  1.156253E-03  7.497545E-01
26   3.44664055E-07 -8.398862E-02  0.000000E+00  1.237257E-03  7.149093E-01
27   3.61463105E-07 -8.808216E-02  0.000000E+00  1.322209E-03  6.816837E-01
28   3.79080860E-07 -9.237519E-02  0.000000E+00  1.411302E-03  6.500025E-01
29   3.97557212E-07 -9.687743E-02  0.000000E+00  1.504736E-03  6.197937E-01
30   4.16933998E-07 -1.015991E-01  0.000000E+00  1.602723E-03  5.909891E-01
31   4.37255094E-07 -1.065508E-01  0.000000E+00  1.705486E-03  5.635232E-01
32   4.58566510E-07 -1.117438E-01  0.000000E+00  1.813256E-03  5.373340E-01
33   4.80916500E-07 -1.171898E-01  0.000000E+00  1.926279E-03  5.123620E-01
34   5.04355668E-07 -1.229012E-01  0.000000E+00  2.044810E-03  4.885506E-01
35   5.28937083E-07 -1.288909E-01  0.000000E+00  2.169116E-03  4.658460E-01
36   5.54716399E-07 -1.351725E-01  0.000000E+00  2.299481E-03  4.441966E-01
37   5.81751979E-07 -1.417601E-01  0.000000E+00  2.436198E-03  4.235535E-01
38   6.10105033E-07 -1.486686E-01  0.000000E+00  2.579577E-03  4.038698E-01
39   6.39839747E-07 -1.559138E-01  0.000000E+00  2.729944E-03  3.851009E-01
40   6.71023437E-07 -1.635119E-01  0.000000E+00  2.887637E-03  3.672044E-01
41   7.03726698E-07 -1.714802E-01  0.000000E+00  3.053015E-03  3.501397E-01
42   7.38023559E-07 -1.798367E-01  0.000000E+00  3.226452E-03  3.338681E-01
43   7.73991660E-07 -1.886003E-01  0.000000E+00  3.408340E-03  3.183527E-01
44   8.11712417E-07 -1.977908E-01  0.000000E+00  3.599090E-03  3.035584E-01
45   8.51271215E-07 -2.074289E-01  0.000000E+00  3.799136E-03  2.894517E-01
46   8.92757594E-07 -2.175365E-01  0.000000E+00  4.008929E-03  2.760006E-01
47   9.36265457E-07 -2.281364E-01  0.000000E+00  4.228944E-03  2.631746E-01
48   9.81893279E-07 -2.392525E-01  0.000000E+00  4.459679E-03  2.509447E-01
49   1.02974433E-06 -2.509100E-01  0.000000E+00  4.701657E-03  2.392832E-01
50   1.07992691E-06 -2.631351E-01  0.000000E+00  4.955425E-03  2.281636E-01
51   1.13255458E-06 -2.759555E-01  0.000000E+00  5.221557E-03  2.175608E-01
52   1.18774646E-06 -2.894002E-01  0.000000E+00  5.500656E-03  2.074507E-01
53   1.24562743E-06 -3.034994E-01  0.000000E+00  5.793353E-03  1.978105E-01
54   1.30632849E-06 -3.182850E-01  0.000000E+00  6.100310E-03  1.886182E-01
55   1.36998699E-06 -3.337903E-01  0.000000E+00  6.422223E-03  1.798530E-01
56   1.43674698E-06 -3.500503E-01  0.000000E+00  6.759818E-03  1.714952E-01
57   1.50675952E-06 -3.671015E-01  0.000000E+00  7.113861E-03  1.635257E-01
58   1.58018301E-06 -3.849825E-01  0.000000E+00  7.485152E-03  1.559265E-01
59   1.65718360E-06 -4.037334E-01  0.000000E+00  7.874532E-03  1.486804E-01
60   1.73793547E-06 -4.233965E-01  0.000000E+00  8.282880E-03  1.417709E-01
61   1.82262134E-06 -4.440159E-01  0.000000E+00  8.711121E-03  1.351824E-01
62   1.91143278E-06 -4.656380E-01  0.000000E+00  9.160223E-03  1.289000E-01
63   2.00457069E-06 -4.883113E-01  0.000000E+00  9.631203E-03  1.229094E-01
64   2.10224578E-06 -5.120868E-01  0.000000E+00  1.012513E-02  1.171971E-01
65   2.20467897E-06 -5.370177E-01  0.000000E+00  1.064311E-02  1.117500E-01
66   2.31210197E-06 -5.631598E-01  0.000000E+00  1.118632E-02  1.065559E-01
67   2.42475774E-06 -5.905717E-01  0.000000E+00  1.175599E-02  1.016030E-01
68   2.54290108E-06 -6.193146E-01  0.000000E+00  1.235341E-02  9.688003E-02
69   2.66679918E-06 -6.494527E-01  0.000000E+00  1.297993E-02  9.237629E-02
70   2.79673223E-06 -6.810530E-01  0.000000E+00  1.363696E-02  8.808157E-02
71   2.93299406E-06 -7.141861E-01  0.000000E+00  1.432600E-02  8.398612E-02
72   3.07589279E-06 -7.489254E-01  0.000000E+00  1.504859E-02  8.008066E-02
73   3.22575155E-06 -7.853480E-01  0.000000E+00  1.580637E-02  7.635632E-02
74   3.38290915E-06 -8.235346E-01  0.000000E+00  1.660106E-02  7.280464E-02
75   3.54772092E-06 -8.635695E-01  0.000000E+00  1.743445E-02  6.941757E-02
76   3.72055946E-06 -9.055408E-01  0.000000E+00  1.830842E-02  6.618740E-02
77   3.90181551E-06 -9.495409E-01  0.000000E+00  1.922496E-02  6.310679E-02
78   4.09189878E-06 -9.956660E-01  0.000000E+00  2.018612E-02  6.016873E-02
79   4.29123894E-06 -1.044017E+00  0.000000E+00  2.119408E-02  5.736655E-02
80   4.50028655E-06 -1.094699E+00  0.000000E+00  2.225113E-02  5.469386E-02
81   4.71951407E-06 -1.147822E+00  0.000000E+00  2.335964E-02  5.214457E-02
82   4.94941696E-06 -1.203500E+00  0.000000E+00  2.452212E-02  4.971286E-02
83   5.19051473E-06 -1.261853E+00  0.000000E+00  2.574120E-02  4.739319E-02
84   5.44335220E-06 -1.323006E+00  0.000000E+00  2.701962E-02  4.518025E-02
85   5.70850065E-06 -1.387089E+00  0.000000E+00  2.836029E-02  4.306898E-02
86   5.98655914E-06 -1.454236E+00  0.000000E+00  2.976621E-02  4.105453E-02
87   6.27815585E-06 -1.524588E+00  0.000000E+00  3.124058E-02  3.913228E-02
88   6.58394950E-06 -1.598292E+00  0.000000E+00  3.278671E-02  3.729780E-02
89   6.90463084E-06 -1.675499E+00  0.000000E+00  3.440809E-02  3.554686E-02
90   7.24092416E-06 -1.756367E+00  0.000000E+00  3.610838E-02  3.387542E-02
91   7.59358899E-06 -1.841058E+00  0.000000E+00  3.789143E-02  3.227958E-02
92   7.96342175E-06 -1.929741E+00  0.000000E+00  3.976125E-02  3.075563E-02
93   8.35125755E-06 -2.022591E+00  0.000000E+00  4.172205E-02  2.930001E-02
94   8.75797212E-06 -2.119786E+00  0.000000E+00  4.377826E-02  2.790930E-02
95   9.18448368E-06 -2.221513E+00  0.000000E+00  4.593452E-02  2.658022E-02
96   9.63175511E-06 -2.327960E+00  0.000000E+00  4.819569E-02  2.530960E-02
97   1.01007960E-05 -2.439321E+00  0.000000E+00  5.056685E-02  2.409440E-02
98   1.05926651E-05 -2.555795E+00  0.000000E+00  5.305336E-02  2.293170E-02
99   1.11084725E-05 -2.677583E+00  0.000000E+00  5.566082E-02  2.181866E-02
100  1.16493821E-05 -2.804889E+00  0.000000E+00  5.839508E-02  2.075256E-02
101  1.22166145E-05 -2.937920E+00  0.000000E+00  6.126232E-02  1.973075E-02
102  1.28114495E-05 -3.076880E+00  0.000000E+00  6.426899E-02  1.875066E-02
103  1.34352290E-05 -3.221975E+00  0.000000E+00  6.742184E-02  1.780979E-02
104  1.40893602E-05 -3.373408E+00  0.000000E+00  7.072797E-02  1.690571E-02
105  1.47753182E-05 -3.531375E+00  0.000000E+00  7.419481E-02  1.603604E-02
106  1.54946503E-05 -3.696066E+00  0.000000E+00  7.783016E-02  1.519847E-02
107  1.62489783E-05 -3.867661E+00  0.000000E+00  8.164217E-02  1.439070E-02
108  1.70400032E-05 -4.046325E+00  0.000000E+00  8.563942E-02  1.361048E-02
109  1.78695081E-05 -4.232206E+00  0.000000E+00  8.983086E-02  1.285560E-02
110  1.87393630E-05 -4.425430E+00  0.000000E+00  9.422591E-02  1.212386E-02
111  1.96515282E-05 -4.626091E+00  0.000000E+00  9.883441E-02  1.141305E-02
112  2.06080596E-05 -4.834251E+00  0.000000E+00  1.036667E-01  1.072102E-02
113  2.16111122E-05 -5.049928E+00  0.000000E+00  1.087336E-01  1.004557E-02
114  2.26629461E-05 -5.273087E+00  0.000000E+00  1.140464E-01  9.384522E-03
115  2.37659305E-05 -5.503632E+00  0.000000E+00  1.196171E-01  8.735684E-03
116  2.49225497E-05 -5.741390E+00  0.000000E+00  1.254581E-01  8.096848E-03
117  2.61354084E-05 -5.986099E+00  0.000000E+00  1.315823E-01  7.465785E-03
118  2.74072375E-05 -6.237390E+00  0.000000E+00  1.380036E-01  6.840249E-03
119  2.87409003E-05 -6.494769E+00  0.000000E+00  1.447362E-01  6.217972E-03
120  3.01393987E-05 -6.757592E+00  0.000000E+00  1.517951E-01  5.596665E-03
121  3.16058802E-05 -7.025041E+00  0.000000E+00  1.591961E-01  4.974027E-03
122  3.31436446E-05 -7.296093E+00  0.000000E+00  1.669555E-01  4.347748E-03
123  3.47561516E-05 -7.569483E+00  0.000000E+00  1.750907E-01  3.715522E-03
124  3.64470284E-05 -7.843665E+00  0.000000E+00  1.836197E-01  3.075068E-03
125  3.82200779E-05 -8.116764E+00  0.000000E+00  1.925615E-01  2.424151E-03
126  4.00792870E-05 -8.386522E+00  0.000000E+00  2.019358E-01  1.760619E-03
127  4.20288355E-05 -8.650233E+00  0.000000E+00  2.117635E-01  1.082445E-03
128  4.40731056E-05 -8.904672E+00  0.000000E+00  2.220664E-01  3.877871E-04
129  4.62166914E-05 -9.146007E+00  0.000000E+00  2.328672E-01 -3.249336E-04
130  4.84644092E-05 -9.369706E+00  0.000000E+00  2.441898E-01 -1.053358E-03
131  5.08213085E-05 -9.570418E+00  0.000000E+00  2.560594E-01 -1.840299E-03
132  5.32926827E-05 -9.741848E+00  0.000000E+00  2.685020E-01 -2.988882E-03
133  5.58840812E-05 -9.876603E+00  0.000000E+00  2.815460E-01  9.144240E-05
134  5.86013216E-05 -9.966018E+00  0.000000E+00  2.952405E-01 -3.868391E-03
135  6.14505026E-05 -9.999957E+00  0.000000E+00  3.095523E-01 -1.357843E-02
136  6.44380178E-05 -1.000000E+01  0.000000E+00  3.245451E-01 -4.719659E-03
137  6.75705693E-05 -1.000000E+01  0.000000E+00  3.403315E-01 -1.362810E-03
138  7.08551831E-05 -1.000000E+01  0.000000E+00  3.568429E-01 -8.344584E-03
139  7.42992244E-05 -1.000000E+01  0.000000E+00  3.741512E-01 -8.551736E-03
140  7.79104139E-05 -1.000000E+01  0.000000E+00  3.922953E-01 -9.398288E-03
141  8.16968449E-05 -1.000000E+01  0.000000E+00  4.113154E-01 -1.032796E-02
142  8.56670012E-05 -1.000000E+01  0.000000E+00  4.312534E-01 -1.127392E-02
143  8.98297760E-05 -1.000000E+01  0.000000E+00  4.521537E-01 -1.224502E-02
144  9.41944910E-05 -1.000000E+01  0.000000E+00  4.740625E-01 -1.324343E-02
145  9.87709176E-05 -1.000000E+01  0.000000E+00  4.970284E-01 -1.427136E-02
146  1.03569298E-04 -1.000000E+01  0.000000E+00  5.211021E-01 -1.533111E-02
147  1.08600369E-04 -1.000000E+01  0.000000E+00  5.463369E-01 -1.642502E-02
148  1.13875382E-04 -1.000000E+01  0.000000E+00  5.727886E-01 -1.755554E-02
149  1.19406133E-04 -1.000000E+01  0.000000E+00  6.005157E-01 -1.872515E-02
150  1.25204985E-04 -1.000000E+01  0.000000E+00  6.295793E-01 -1.993647E-02
151  1.31284895E-04 -1.000000E+01  0.000000E+00  6.600435E-01 -2.119216E-02
152  1.37659446E-04 -1.000000E+01  0.000000E+00  6.919756E-01 -2.249502E-02
153  1.44342871E-04 -1.000000E+01  0.000000E+00  7.254458E-01 -2.384792E-02
154  1.51350089E-04 -1.000000E+01  0.000000E+00  7.605278E-01 -2.525386E-02
155  1.58696738E-04 -1.000000E+01  0.000000E+00  7.972988E-01 -2.671595E-02
156  1.66399204E-04 -1.000000E+01  0.000000E+00  8.358397E-01 -2.823740E-02
157  1.74474662E-04 -1.000000E+01  0.000000E+00  8.762350E-01 -2.982158E-02
158  1.82941113E-04 -1.000000E+01  0.000000E+00  9.185734E-01 -3.147198E-02
159  1.91817418E-04 -1.000000E+01  0.000000E+00  9.629476E-01 -3.319223E-02
160  2.01123349E-04 -1.000000E+01  0.000000E+00  1.009455E+00 -3.498613E-02
161  2.10879620E-04 -1.000000E+01  0.000000E+00  1.058197E+00 -3.685760E-02
162  2.21107943E-04 -1.000000E+01  0.000000E+00  1.109281E+00 -3.881077E-02
163  2.31831069E-04 -1.000000E+01  0.000000E+00  1.162817E+00 -4.084993E-02
164  2.43072837E-04 -1.000000E+01  0.000000E+00  1.218923E+00 -4.297953E-02
165  2.54858232E-04 -1.000000E+01  0.000000E+00  1.277721E+00 -4.520426E-02
166  2.67213430E-04 -1.000000E+01  0.000000E+00  1.339338E+00 -4.752897E-02
167  2.80165864E-04 -1.000000E+01  0.000000E+00  1.403909E+00 -4.995875E-02
168  2.93744276E-04 -1.000000E+01  0.000000E+00  1.471575E+00 -5.249890E-02
169  3.07978783E-04 -1.000000E+01  0.000000E+00  1.542480E+00 -5.515497E-02
170  3.22900941E-04 -1.000000E+01  0.000000E+00  1.616780E+00 -5.793274E-02
171  3.38543813E-04 -1.000000E+01  0.000000E+00  1.694634E+00 -6.083825E-02
172  3.54942041E-04 -1.000000E+01  0.000000E+00  1.776210E+00 -6.387784E-02
173  3.72131918E-04 -1.000000E+01  0.000000E+00  1.861686E+00 -6.705808E-02
174  3.90151469E-04 -1.000000E+01  0.000000E+00  1.951243E+00 -7.038589E-02
175  4.09040533E-04 -1.000000E+01  0.000000E+00  2.045075E+00 -7.386845E-02
176  4.28840843E-04 -1.000000E+01  0.000000E+00  2.143382E+00 -7.751331E-02
177  4.49596122E-04 -1.000000E+01  0.000000E+00  2.246376E+00 -8.132834E-02
178  4.71352172E-04 -1.000000E+01  0.000000E+00  2.354276E+00 -8.532175E-02
179  4.94156974E-04 -1.000000E+01  0.000000E+00  2.467312E+00 -8.950214E-02
180  5.18060788E-04 -1.000000E+01  0.000000E+00  2.585725E+00 -9.387851E-02
181  5.43116263E-04 -1.000000E+01  0.000000E+00  2.709766E+00 -9.846023E-02
182  5.69378545E-04 -1.000000E+01  0.000000E+00  2.839697E+00 -1.032571E-01
183  5.96905399E-04 -1.000000E+01  0.000000E+00  2.975794E+00 -1.082794E-01
184  6.25757325E-04 -1.000000E+01  0.000000E+00  3.118342E+00 -1.135379E-01
185  6.55997693E-04 -1.000000E+01  0.000000E+00  3.267643E+00 -1.190437E-01
186  6.87692871E-04 -1.000000E+01  0.000000E+00  3.424009E+00 -1.248085E-01
187  7.20912366E-04 -1.000000E+01  0.000000E+00  3.587766E+00 -1.308446E-01
188  7.55728973E-04 -1.000000E+01  0.000000E+00  3.759257E+00 -1.371648E-01
189  7.92218925E-04 -1.000000E+01  0.000000E+00  3.938838E+00 -1.437823E-01
190  8.30462055E-04 -1.000000E+01  0.000000E+00  4.126882E+00 -1.507111E-01
191  8.70541959E-04 -1.000000E+01  0.000000E+00  4.323775E+00 -1.579659E-01
192  9.12546177E-04 -1.000000E+01  0.000000E+00  4.529925E+00 -1.655617E-01
193  9.56566367E-04 -1.000000E+01  0.000000E+00  4.745753E+00 -1.735145E-01
194  1.00269851E-03 -1.000000E+01  0.000000E+00  4.971701E+00 -1.818408E-01
195  1.05104308E-03 -1.000000E+01  0.000000E+00  5.208229E+00 -1.905579E-01
196  1.10170529E-03 -1.000000E+01  0.000000E+00  5.455817E+00 -1.996840E-01
197  1.15479529E-03 -1.000000E+01  0.000000E+00  5.714963E+00 -2.092378E-01
198  1.21042838E-03 -1.000000E+01  0.000000E+00  5.986189E+00 -2.192391E-01
199  1.26872528E-03 -1.000000E+01  0.000000E+00  6.270038E+00 -2.297082E-01
200  1.32981236E-03 -1.000000E+01  0.000000E+00  6.567074E+00 -2.406667E-01
201  1.39382187E-03 -1.000000E+01  0.000000E+00  6.877886E+00 -2.521369E-01
202  1.46089227E-03 -1.000000E+01  0.000000E+00  7.203086E+00 -2.641420E-01
203  1.53116847E-03 -1.000000E+01  0.000000E+00  7.543311E+00 -2.767063E-01
204  1.60480214E-03 -1.000000E+01  0.000000E+00  7.899223E+00 -2.898551E-01
205  1.68195200E-03 -1.000000E+01  0.000000E+00  8.271512E+00 -3.036146E-01
206  1.76278418E-03 -1.000000E+01  0.000000E+00  8.660892E+00 -3.180124E-01
207  1.84747249E-03 -1.000000E+01  0.000000E+00  9.068108E+00 -3.330770E-01
208  1.93619885E-03 -1.000000E+01  0.000000E+00  9.493931E+00 -3.488382E-01
209  2.02915357E-03 -1.000000E+01  0.000000E+00  9.939164E+00 -3.653268E-01
210  2.12653582E-03 -1.000000E+01  0.000000E+00  1.040464E+01 -3.825751E-01
211  2.22855393E-03 -1.000000E+01  0.000000E+00  1.089121E+01 -4.006167E-01
212  2.33542591E-03 -1.000000E+01  0.000000E+00  1.139978E+01 -4.194862E-01
213  2.44737977E-03 -1.000000E+01  0.000000E+00  1.193127E+01 -4.392199E-01
214  2.56465405E-03 -1.000000E+01  0.000000E+00  1.248664E+01 -4.598555E-01
215  2.68749829E-03 -1.000000E+01  0.000000E+00  1.306688E+01 -4.814319E-01
216  2.81617345E-03 -1.000000E+01  0.000000E+00  1.367301E+01 -5.039896E-01
217  2.95095249E-03 -1.000000E+01  0.000000E+00  1.430608E+01 -5.275707E-01
218  3.09212087E-03 -1.000000E+01  0.000000E+00  1.496720E+01 -5.522188E-01
219  3.23997712E-03 -1.000000E+01  0.000000E+00  1.565749E+01 -5.779792E-01
220  3.39483338E-03 -1.000000E+01  0.000000E+00  1.637809E+01 -6.048985E-01
221  3.55701606E-03 -1.000000E+01  0.000000E+00  1.713022E+01 -6.330253E-01
222  3.72686641E-03 -1.000000E+01  0.000000E+00  1.791509E+01 -6.624098E-01
223  3.90474120E-03 -1.000000E+01  0.000000E+00  1.873397E+01 -6.931038E-01
224  4.09101341E-03 -1.000000E+01  0.000000E+00  1.958814E+01 -7.251608E-01
225  4.28607290E-03 -1.000000E+01  0.000000E+00  2.047894E+01 -7.586362E-01
226  4.49032717E-03 -1.000000E+01  0.000000E+00  2.140772E+01 -7.935872E-01
227  4.70420215E-03 -1.000000E+01  0.000000E+00  2.237586E+01 -8.300725E-01
228  4.92814293E-03 -1.000000E+01  0.000000E+00  2.338477E+01 -8.681528E-01
229  5.16261464E-03 -1.000000E+01  0.000000E+00  2.443591E+01 -9.078905E-01
230  5.40810331E-03 -1.000000E+01  0.000000E+00  2.553071E+01 -9.493497E-01
231  5.66511674E-03 -1.000000E+01  0.000000E+00  2.667068E+01 -9.925964E-01
232  5.93418546E-03 -1.000000E+01  0.000000E+00  2.785731E+01 -1.037698E+00
233  6.21586368E-03 -1.000000E+01  0.000000E+00  2.909212E+01 -1.084724E+00
234  6.51073028E-03 -1.000000E+01  0.000000E+00  3.037663E+01 -1.133745E+00
235  6.81938992E-03 -1.000000E+01  0.000000E+00  3.171237E+01 -1.184833E+00
236  7.14247403E-03 -1.000000E+01  0.000000E+00  3.310088E+01 -1.238063E+00
237  7.48064204E-03 -1.000000E+01  0.000000E+00  3.454368E+01 -1.293509E+00
238  7.83458247E-03 -1.000000E+01  0.000000E+00  3.604228E+01 -1.351249E+00
239  8.20501420E-03 -1.000000E+01  0.000000E+00  3.759818E+01 -1.411359E+00
240  8.59268770E-03 -1.000000E+01  0.000000E+00  3.921284E+01 -1.473918E+00
241  8.99838634E-03 -1.000000E+01  0.000000E+00  4.088770E+01 -1.539006E+00
242  9.42292778E-03 -1.000000E+01  0.000000E+00  4.262413E+01 -1.606703E+00
243  9.86716535E-03 -1.000000E+01  0.000000E+00  4.442347E+01 -1.677089E+00
244  1.03319895E-02 -1.000000E+01  0.000000E+00  4.628695E+01 -1.750245E+00
245  1.08183294E-02 -1.000000E+01  0.000000E+00  4.821576E+01 -1.826250E+00
246  1.13271543E-02 -1.000000E+01  0.000000E+00  5.021096E+01 -1.905186E+00
247  1.18594755E-02 -1.000000E+01  0.000000E+00  5.227351E+01 -1.987131E+00
248  1.24163477E-02 -1.000000E+01  0.000000E+00  5.440423E+01 -2.072163E+00
249  1.29988708E-02 -1.000000E+01  0.000000E+00  5.660380E+01 -2.160358E+00
250  1.36081920E-02 -1.000000E+01  0.000000E+00  5.887271E+01 -2.251791E+00
251  1.42455073E-02 -1.000000E+01  0.000000E+00  6.121127E+01 -2.346533E+00
252  1.49120636E-02 -1.000000E+01  0.000000E+00  6.361956E+01 -2.444652E+00
253  1.56091606E-02 -1.000000E+01  0.000000E+00  6.609743E+01 -2.546212E+00
254  1.63381530E-02 -1.000000E+01  0.000000E+00  6.864444E+01 -2.651275E+00
255  1.71004528E-02 -1.000000E+01  0.000000E+00  7.125987E+01 -2.759894E+00
256  1.78975309E-02 -1.000000E+01  0.000000E+00  7.394263E+01 -2.872117E+00
257  1.87309200E-02 -1.000000E+01  0.000000E+00  7.669129E+01 -2.987987E+00
258  1.96022166E-02 -1.000000E+01  0.000000E+00  7.950400E+01 -3.107537E+00
259  2.05130836E-02 -1.000000E+01  0.000000E+00  8.237847E+01 -3.230792E+00
260  2.14652527E-02 -1.000000E+01  0.000000E+00  8.531193E+01 -3.357766E+00
261  2.24605271E-02 -1.000000E+01  0.000000E+00  8.830106E+01 -3.488463E+00
262  2.35007840E-02 -1.000000E+01  0.000000E+00  9.134199E+01 -3.622873E+00
263  2.45879774E-02 -1.000000E+01  0.000000E+00  9.443020E+01 -3.760975E+00
264  2.57241410E-02 -1.000000E+01  0.000000E+00  9.756053E+01 -3.902729E+00
265  2.69113910E-02 -1.000000E+01  0.000000E+00  1.007271E+02 -4.048081E+00
266  2.81519293E-02 -1.000000E+01  0.000000E+00  1.039232E+02 -4.196957E+00
267  2.94480463E-02 -1.000000E+01  0.000000E+00  1.071413E+02 -4.349265E+00
268  3.08021242E-02 -1.000000E+01  0.000000E+00  1.103730E+02 -4.504889E+00
269  3.22166402E-02 -1.000000E+01  0.000000E+00  1.136091E+02 -4.663691E+00
270  3.36941701E-02 -1.000000E+01  0.000000E+00  1.168390E+02 -4.825506E+00
271  3.52373914E-02 -1.000000E+01  0.000000E+00  1.200516E+02 -4.990141E+00
272  3.68490869E-02 -1.000000E+01  0.000000E+00  1.232341E+02 -5.157376E+00
273  3.85321484E-02 -1.000000E+01  0.000000E+00  1.263730E+02 -5.326958E+00
274  4.02895805E-02 -1.000000E+01  0.000000E+00  1.294534E+02 -5.498598E+00
275  4.21245041E-02 -1.000000E+01  0.000000E+00  1.324589E+02 -5.671974E+00
276  4.40401606E-02 -1.000000E+01  0.000000E+00  1.353722E+02 -5.846723E+00
277  4.60399158E-02 -1.000000E+01  0.000000E+00  1.381743E+02 -6.022444E+00
278  4.81272638E-02 -1.000000E+01  0.000000E+00  1.408450E+02 -6.198690E+00
279  5.03058313E-02 -1.000000E+01  0.000000E+00  1.433626E+02 -6.374974E+00
280  5.25793821E-02 -1.000000E+01  0.000000E+00  1.457039E+02 -6.550756E+00
281  5.49518211E-02 -1.000000E+01  0.000000E+00  1.478443E+02 -6.725453E+00
282  5.74271987E-02 -1.000000E+01  0.000000E+00  1.497580E+02 -6.898426E+00
283  6.00097157E-02 -1.000000E+01  0.000000E+00  1.514173E+02 -7.068988E+00
284  6.27037277E-02 -1.000000E+01  0.000000E+00  1.527935E+02 -7.236397E+00
285  6.55137500E-02 -1.000000E+01  0.000000E+00  1.538564E+02 -7.399854E+00
286  6.84444618E-02 -1.000000E+01  0.000000E+00  1.545748E+02 -7.558508E+00
287  7.15007121E-02 -1.000000E+01  0.000000E+00  1.549160E+02 -7.711450E+00
288  7.46875236E-02 -1.000000E+01  0.000000E+00  1.548468E+02 -7.857714E+00
289  7.80100986E-02 -1.000000E+01  0.000000E+00  1.543326E+02 -7.996283E+00
290  8.14738236E-02 -1.000000E+01  0.000000E+00  1.533387E+02 -8.126082E+00
291  8.50842745E-02 -1.000000E+01  0.000000E+00  1.518298E+02 -8.245986E+00
292  8.88472224E-02 -1.000000E+01  0.000000E+00  1.497704E+02 -8.354820E+00
293  9.27686383E-02 -1.000000E+01  0.000000E+00  1.471253E+02 -8.451364E+00
294  9.68546989E-02 -1.000000E+01  0.000000E+00  1.438601E+02 -8.534354E+00
295  1.01111792E-01 -1.000000E+01  0.000000E+00  1.399410E+02 -8.602495E+00
296  1.05546521E-01 -1.000000E+01  0.000000E+00  1.353360E+02 -8.654457E+00
297  1.10165714E-01 -1.000000E+01  0.000000E+00  1.300148E+02 -8.688894E+00
298  1.14976424E-01 -1.000000E+01  0.000000E+00  1.239498E+02 -8.704442E+00
299  1.19985938E-01 -1.000000E+01  0.000000E+00  1.171166E+02 -8.699739E+00
300  1.25201785E-01 -1.000000E+01  0.000000E+00  1.094944E+02 -8.673432E+00
301  1.30631734E-01 -1.000000E+01  0.000000E+00  1.010672E+02 -8.624187E+00
302  1.36283810E-01 -1.000000E+01  0.000000E+00  9.182410E+01 -8.550713E+00
303  1.42166289E-01 -1.000000E+01  0.000000E+00  8.176040E+01 -8.451769E+00
304  1.48287715E-01 -1.000000E+01  0.000000E+00  7.087833E+01 -8.326187E+00
305  1.54656895E-01 -1.000000E+01  0.000000E+00  5.918793E+01 -8.172888E+00
306  1.61282913E-01 -1.000000E+01  0.000000E+00  4.670794E+01 -7.990907E+00
307  1.68175132E-01 -1.000000E+01  0.000000E+00  3.346670E+01 -7.779408E+00
308  1.75343200E-01 -1.000000E+01  0.000000E+00  1.950302E+01 -7.537715E+00
309  1.82797056E-01 -1.000000E+01  0.000000E+00  4.867030E+00 -7.265331E+00
310  1.90546938E-01 -1.000000E+01  0.000000E+00 -1.037899E+01 -6.961964E+00
311  1.98603385E-01 -1.000000E+01  0.000000E+00 -2.615989E+01 -6.627552E+00
312  2.06977244E-01 -1.000000E+01  0.000000E+00 -4.238698E+01 -6.262289E+00
313  2.15679679E-01 -1.000000E+01  0.000000E+00 -5.895753E+01 -5.866653E+00
314  2.24722170E-01 -1.000000E+01  0.000000E+00 -7.575438E+01 -5.441425E+00
315  2.34116525E-01 -1.000000E+01  0.000000E+00 -9.264573E+01 -4.987717E+00
316  2.43874881E-01 -1.000000E+01  0.000000E+00 -1.094852E+02 -4.506991E+00
317  2.54009711E-01 -1.000000E+01  0.000000E+00 -1.261120E+02 -4.001080E+00
318  2.64533830E-01 -1.000000E+01  0.000000E+00 -1.423516E+02 -3.472205E+00
319  2.75460398E-01 -1.000000E+01  0.000000E+00 -1.580167E+02 -2.922984E+00
320  2.86802928E-01 -1.000000E+01  0.000000E+00 -1.729081E+02 -2.356442E+00
321  2.98575288E-01 -1.000000E+01  0.000000E+00 -1.868168E+02 -1.776014E+00
322  3.10791707E-01 -1.000000E+01  0.000000E+00 -1.995256E+02 -1.185540E+00
323  3.23466779E-01 -1.000000E+01  0.000000E+00 -2.108118E+02 -5.892557E-01
324  3.36615469E-01 -1.000000E+01  0.000000E+00 -2.204503E+02  8.228813E-03
325  3.50253116E-01 -1.000000E+01  0.000000E+00 -2.282164E+02  6.019521E-01
326  3.64395438E-01 -1.000000E+01  0.000000E+00 -2.338903E+02  1.186639E+00
327  3.79058534E-01 -1.000000E+01  0.000000E+00 -2.372610E+02  1.756748E+00
328  3.94258890E-01 -1.000000E+01  0.000000E+00 -2.381311E+02  2.306520E+00
329  4.10013383E-01 -1.000000E+01  0.000000E+00 -2.363218E+02  2.830053E+00
330  4.26339280E-01 -1.000000E+01  0.000000E+00 -2.316784E+02  3.321368E+00
331  4.43254246E-01 -1.000000E+01  0.000000E+00 -2.240754E+02  3.774500E+00
332  4.60776347E-01 -1.000000E+01  0.000000E+00 -2.134230E+02  4.183590E+00
333  4.78924047E-01 -1.000000E+01  0.000000E+00 -1.996720E+02  4.542988E+00
334  4.97716218E-01 -1.000000E+01  0.000000E+00 -1.828197E+02  4.847360E+00
335  5.17172136E-01 -1.000000E+01  0.000000E+00 -1.629151E+02  5.091805E+00
336  5.37311487E-01 -1.000000E+01  0.000000E+00 -1.400635E+02  5.271972E+00
337  5.58154367E-01 -1.000000E+01  0.000000E+00 -1.144306E+02  5.384179E+00
338  5.79721282E-01 -1.000000E+01  0.000000E+00 -8.624566E+01  5.425531E+00
339  6.02033154E-01 -1.000000E+01  0.000000E+00 -5.580362E+01  5.394030E+00
340  6.25111315E-01 -1.000000E+01  0.000000E+00 -2.346568E+01  5.288685E+00
341  6.48977515E-01 -1.000000E+01  0.000000E+00  1.034132E+01  5.109603E+00
342  6.73653917E-01 -1.000000E+01  0.000000E+00  4.512742E+01  4.858067E+00
343  6.99163098E-01 -1.000000E+01  0.000000E+00  8.034383E+01  4.536595E+00
344  7.25528051E-01 -1.000000E+01  0.000000E+00  1.153892E+02  4.148984E+00
345  7.52772182E-01 -1.000000E+01  0.000000E+00  1.496180E+02  3.700316E+00
346  7.80919312E-01 -1.000000E+01  0.000000E+00  1.823509E+02  3.196945E+00
347  8.09993672E-01 -1.000000E+01  0.000000E+00  2.128875E+02  2.646449E+00
348  8.40019904E-01 -1.000000E+01  0.000000E+00  2.405202E+02  2.057551E+00
349  8.71023059E-01 -1.000000E+01  0.000000E+00  2.645511E+02  1.440007E+00
350  9.03028597E-01 -1.000000E+01  0.000000E+00  2.843091E+02  8.044530E-01
351  9.36062380E-01 -1.000000E+01  0.000000E+00  2.991691E+02  1.622291E-01
352  9.70150673E-01 -1.000000E+01  0.000000E+00  3.085709E+02 -4.748341E-01
353  1.00532014E+00 -1.000000E+01  0.000000E+00  3.120397E+02 -1.094655E+00
354  1.04159784E+00 -1.000000E+01  0.000000E+00  3.092042E+02 -1.685163E+00
355  1.07901123E+00 -1.000000E+01  0.000000E+00  2.998153E+02 -2.234579E+00
356  1.11758814E+00 -1.000000E+01  0.000000E+00  2.837623E+02 -2.731703E+00
357  1.15735681E+00 -1.000000E+01  0.000000E+00  2.610863E+02 -3.166210E+00
358  1.19834583E+00 -1.000000E+01  0.000000E+00  2.319911E+02 -3.528931E+00
359  1.24058419E+00 -1.000000E+01  0.000000E+00  1.968493E+02 -3.812128E+00
360  1.28410125E+00 -1.000000E+01  0.000000E+00  1.562049E+02 -4.009733E+00
361  1.32892671E+00 -1.000000E+01  0.000000E+00  1.107701E+02 -4.117561E+00
362  1.37509066E+00 -1.000000E+01  0.000000E+00  6.141748E+01 -4.133477E+00
363  1.42262353E+00 -1.000000E+01  0.000000E+00  9.165718E+00 -4.057506E+00
364  1.47155610E+00 -1.000000E+01  0.000000E+00 -4.483912E+01 -3.891890E+00
365  1.52191950E+00 -1.000000E+01  0.000000E+00 -9.934837E+01 -3.641081E+00
366  1.57374517E+00 -1.000000E+01  0.000000E+00 -1.530401E+02 -3.311663E+00
367  1.62706492E+00 -1.000000E+01  0.000000E+00 -2.045529E+02 -2.912210E+00
368  1.68191084E+00 -1.000000E+01  0.000000E+00 -2.525225E+02 -2.453080E+00
369  1.73831538E+00 -1.000000E+01  0.000000E+00 -2.956212E+02 -1.946141E+00
370  1.79631126E+00 -1.000000E+01  0.000000E+00 -3.325976E+02 -1.404452E+00
371  1.85593153E+00 -1.000000E+01  0.000000E+00 -3.623167E+02 -8.418909E-01
372  1.91720951E+00 -1.000000E+01  0.000000E+00 -3.837975E+02 -2.727547E-01
373  1.98017882E+00 -1.000000E+01  0.000000E+00 -3.962470E+02  2.886597E-01
374  2.04487335E+00 -1.000000E+01  0.000000E+00 -3.990902E+02  8.284816E-01
375  2.11132727E+00 -1.000000E+01  0.000000E+00 -3.919933E+02  1.333680E+00
376  2.17957500E+00 -1.000000E+01  0.000000E+00 -3.748796E+02  1.792449E+00
377  2.24965123E+00 -1.000000E+01  0.000000E+00 -3.479374E+02  2.194556E+00
378  2.32159087E+00 -1.000000E+01  0.000000E+00 -3.116193E+02  2.531631E+00
379  2.39542910E+00 -1.000000E+01  0.000000E+00 -2.666320E+02  2.797389E+00
380  2.47120129E+00 -1.000000E+01  0.000000E+00 -2.139180E+02  2.987781E+00
381  2.54894307E+00 -1.000000E+01  0.000000E+00 -1.546278E+02  3.101062E+00
382  2.62869024E+00 -1.000000E+01  0.000000E+00 -9.008600E+01  3.137779E+00
383  2.71047884E+00 -1.000000E+01  0.000000E+00 -2.175035E+01  3.100671E+00
384  2.79434507E+00 -1.000000E+01  0.000000E+00  4.883375E+01  2.994502E+00
385  2.88032533E+00 -1.000000E+01  0.000000E+00  1.200814E+02  2.825817E+00
386  2.96845621E+00 -1.000000E+01  0.000000E+00  1.904176E+02  2.602651E+00
387  3.05877444E+00 -1.000000E+01  0.000000E+00  2.583253E+02  2.334187E+00
388  3.15131692E+00 -1.000000E+01  0.000000E+00  3.223913E+02  2.030389E+00
389  3.24612069E+00 -1.000000E+01  0.000000E+00  3.813466E+02  1.701625E+00
390  3.34322294E+00 -1.000000E+01  0.000000E+00  4.341011E+02  1.358294E+00
391  3.44266100E+00 -1.000000E+01  0.000000E+00  4.797710E+02  1.010472E+00
392  3.54447229E+00 -1.000000E+01  0.000000E+00  5.176973E+02  6.675928E-01
393  3.64869437E+00 -1.000000E+01  0.000000E+00  5.474561E+02  3.381748E-01
394  3.75536489E+00 -1.000000E+01  0.000000E+00  5.688592E+02  2.959999E-02
395  3.86452161E+00 -1.000000E+01  0.000000E+00  5.819474E+02 -2.520435E-01
396  3.97620237E+00 -1.000000E+01  0.000000E+00  5.869748E+02 -5.020585E-01
397  4.09044507E+00 -1.000000E+01  0.000000E+00  5.843869E+02 -7.171722E-01
398  4.20728770E+00 -1.000000E+01  0.000000E+00  5.747931E+02 -8.955979E-01
399  4.32676831E+00 -1.000000E+01  0.000000E+00  1.528206E+03 -2.833535E+00
