#      n =  5
#  kappa = -1
# energy = -1.77037162E+02
#     vc = -2.03063804E+09


0    5.55555556E-08 -1.934130E-02  0.000000E+00  0.000000E+00  1.237484E+01
1    5.82636260E-08 -2.028409E-02  0.000000E+00  9.891867E-05  1.237484E+01
2    6.11036944E-08 -2.127284E-02  0.000000E+00  2.026589E-04  1.179966E+01
3    6.40821943E-08 -2.230979E-02  0.000000E+00  3.114556E-04  1.125122E+01
4    6.72058723E-08 -2.339728E-02  0.000000E+00  4.255553E-04  1.072827E+01
5    7.04818042E-08 -2.453777E-02  0.000000E+00  5.452165E-04  1.022963E+01
6    7.39174104E-08 -2.573385E-02  0.000000E+00  6.707101E-04  9.754166E+00
7    7.75204730E-08 -2.698823E-02  0.000000E+00  8.023205E-04  9.300803E+00
8    8.12991532E-08 -2.830375E-02  0.000000E+00  9.403457E-04  8.868514E+00
9    8.52620099E-08 -2.968339E-02  0.000000E+00  1.085098E-03  8.456318E+00
10   8.94180192E-08 -3.113028E-02  0.000000E+00  1.236906E-03  8.063281E+00
11   9.37765945E-08 -3.264769E-02  0.000000E+00  1.396114E-03  7.688514E+00
12   9.83476079E-08 -3.423905E-02  0.000000E+00  1.563081E-03  7.331166E+00
13   1.03141412E-07 -3.590798E-02  0.000000E+00  1.738186E-03  6.990428E+00
14   1.08168866E-07 -3.765825E-02  0.000000E+00  1.921825E-03  6.665528E+00
15   1.13441355E-07 -3.949383E-02  0.000000E+00  2.114415E-03  6.355730E+00
16   1.18970821E-07 -4.141887E-02  0.000000E+00  2.316392E-03  6.060331E+00
17   1.24769787E-07 -4.343774E-02  0.000000E+00  2.528213E-03  5.778663E+00
18   1.30851387E-07 -4.555500E-02  0.000000E+00  2.750358E-03  5.510087E+00
19   1.37229394E-07 -4.777546E-02  0.000000E+00  2.983329E-03  5.253995E+00
20   1.43918253E-07 -5.010413E-02  0.000000E+00  3.227656E-03  5.009806E+00
21   1.50933112E-07 -5.254630E-02  0.000000E+00  3.483890E-03  4.776967E+00
22   1.58289858E-07 -5.510749E-02  0.000000E+00  3.752612E-03  4.554950E+00
23   1.66005150E-07 -5.779351E-02  0.000000E+00  4.034431E-03  4.343253E+00
24   1.74096461E-07 -6.061043E-02  0.000000E+00  4.329985E-03  4.141396E+00
25   1.82582114E-07 -6.356464E-02  0.000000E+00  4.639944E-03  3.948921E+00
26   1.91481325E-07 -6.666282E-02  0.000000E+00  4.965008E-03  3.765392E+00
27   2.00814246E-07 -6.991200E-02  0.000000E+00  5.305915E-03  3.590394E+00
28   2.10602011E-07 -7.331952E-02  0.000000E+00  5.663436E-03  3.423530E+00
29   2.20866784E-07 -7.689311E-02  0.000000E+00  6.038380E-03  3.264421E+00
30   2.31631806E-07 -8.064084E-02  0.000000E+00  6.431598E-03  3.112708E+00
31   2.42921455E-07 -8.457122E-02  0.000000E+00  6.843979E-03  2.968046E+00
32   2.54761292E-07 -8.869314E-02  0.000000E+00  7.276456E-03  2.830108E+00
33   2.67178126E-07 -9.301593E-02  0.000000E+00  7.730010E-03  2.698581E+00
34   2.80200071E-07 -9.754938E-02  0.000000E+00  8.205666E-03  2.573168E+00
35   2.93856610E-07 -1.023037E-01  0.000000E+00  8.704503E-03  2.453583E+00
36   3.08178662E-07 -1.072898E-01  0.000000E+00  9.227649E-03  2.339557E+00
37   3.23198654E-07 -1.125188E-01  0.000000E+00  9.776289E-03  2.230830E+00
38   3.38950590E-07 -1.180027E-01  0.000000E+00  1.035166E-02  2.127157E+00
39   3.55470131E-07 -1.237537E-01  0.000000E+00  1.095508E-02  2.028303E+00
40   3.72794676E-07 -1.297850E-01  0.000000E+00  1.158790E-02  1.934043E+00
41   3.90963445E-07 -1.361102E-01  0.000000E+00  1.225155E-02  1.844164E+00
42   4.10017567E-07 -1.427436E-01  0.000000E+00  1.294755E-02  1.758462E+00
43   4.30000175E-07 -1.497002E-01  0.000000E+00  1.367746E-02  1.676743E+00
44   4.50956502E-07 -1.569958E-01  0.000000E+00  1.444294E-02  1.598823E+00
45   4.72933987E-07 -1.646468E-01  0.000000E+00  1.524571E-02  1.524524E+00
46   4.95982374E-07 -1.726706E-01  0.000000E+00  1.608761E-02  1.453678E+00
47   5.20153833E-07 -1.810854E-01  0.000000E+00  1.697052E-02  1.386125E+00
48   5.45503075E-07 -1.899102E-01  0.000000E+00  1.789646E-02  1.321711E+00
49   5.72087472E-07 -1.991649E-01  0.000000E+00  1.886752E-02  1.260291E+00
50   5.99967192E-07 -2.088705E-01  0.000000E+00  1.988588E-02  1.201725E+00
51   6.29205333E-07 -2.190489E-01  0.000000E+00  2.095387E-02  1.145882E+00
52   6.59868064E-07 -2.297232E-01  0.000000E+00  2.207390E-02  1.092633E+00
53   6.92024776E-07 -2.409175E-01  0.000000E+00  2.324849E-02  1.041859E+00
54   7.25748240E-07 -2.526571E-01  0.000000E+00  2.448031E-02  9.934447E-01
55   7.61114768E-07 -2.649686E-01  0.000000E+00  2.577215E-02  9.472803E-01
56   7.98204389E-07 -2.778798E-01  0.000000E+00  2.712693E-02  9.032611E-01
57   8.37101027E-07 -2.914199E-01  0.000000E+00  2.854771E-02  8.612875E-01
58   8.77892691E-07 -3.056195E-01  0.000000E+00  3.003772E-02  8.212643E-01
59   9.20671676E-07 -3.205107E-01  0.000000E+00  3.160031E-02  7.831009E-01
60   9.65534770E-07 -3.361272E-01  0.000000E+00  3.323903E-02  7.467108E-01
61   1.01258347E-06 -3.525042E-01  0.000000E+00  3.495758E-02  7.120116E-01
62   1.06192422E-06 -3.696788E-01  0.000000E+00  3.675985E-02  6.789245E-01
63   1.11366863E-06 -3.876897E-01  0.000000E+00  3.864992E-02  6.473747E-01
64   1.16793375E-06 -4.065777E-01  0.000000E+00  4.063206E-02  6.172906E-01
65   1.22484235E-06 -4.263853E-01  0.000000E+00  4.271076E-02  5.886041E-01
66   1.28452313E-06 -4.471574E-01  0.000000E+00  4.489071E-02  5.612501E-01
67   1.34711110E-06 -4.689407E-01  0.000000E+00  4.717686E-02  5.351667E-01
68   1.41274780E-06 -4.917844E-01  0.000000E+00  4.957436E-02  5.102947E-01
69   1.48158167E-06 -5.157401E-01  0.000000E+00  5.208864E-02  4.865777E-01
70   1.55376840E-06 -5.408618E-01  0.000000E+00  5.472539E-02  4.639621E-01
71   1.62947122E-06 -5.672062E-01  0.000000E+00  5.749057E-02  4.423964E-01
72   1.70886131E-06 -5.948325E-01  0.000000E+00  6.039043E-02  4.218319E-01
73   1.79211820E-06 -6.238031E-01  0.000000E+00  6.343152E-02  4.022219E-01
74   1.87943012E-06 -6.541831E-01  0.000000E+00  6.662073E-02  3.835218E-01
75   1.97099449E-06 -6.860410E-01  0.000000E+00  6.996526E-02  3.656893E-01
76   2.06701831E-06 -7.194484E-01  0.000000E+00  7.347267E-02  3.486840E-01
77   2.16771866E-06 -7.544804E-01  0.000000E+00  7.715089E-02  3.324671E-01
78   2.27332319E-06 -7.912158E-01  0.000000E+00  8.100823E-02  3.170019E-01
79   2.38407058E-06 -8.297370E-01  0.000000E+00  8.505342E-02  3.022533E-01
80   2.50021118E-06 -8.701305E-01  0.000000E+00  8.929558E-02  2.881877E-01
81   2.62200746E-06 -9.124868E-01  0.000000E+00  9.374432E-02  2.747732E-01
82   2.74973468E-06 -9.569008E-01  0.000000E+00  9.840967E-02  2.619792E-01
83   2.88368150E-06 -1.003472E+00  0.000000E+00  1.033022E-01  2.497767E-01
84   3.02415057E-06 -1.052304E+00  0.000000E+00  1.084329E-01  2.381378E-01
85   3.17145930E-06 -1.103507E+00  0.000000E+00  1.138134E-01  2.270360E-01
86   3.32594052E-06 -1.157194E+00  0.000000E+00  1.194559E-01  2.164460E-01
87   3.48794321E-06 -1.213486E+00  0.000000E+00  1.253731E-01  2.063435E-01
88   3.65783337E-06 -1.272506E+00  0.000000E+00  1.315784E-01  1.967055E-01
89   3.83599473E-06 -1.334387E+00  0.000000E+00  1.380857E-01  1.875099E-01
90   4.02282972E-06 -1.399266E+00  0.000000E+00  1.449098E-01  1.787356E-01
91   4.21876030E-06 -1.467285E+00  0.000000E+00  1.520660E-01  1.703624E-01
92   4.42422894E-06 -1.538595E+00  0.000000E+00  1.595706E-01  1.623710E-01
93   4.63969963E-06 -1.613354E+00  0.000000E+00  1.674404E-01  1.547429E-01
94   4.86565889E-06 -1.691724E+00  0.000000E+00  1.756932E-01  1.474605E-01
95   5.10261687E-06 -1.773879E+00  0.000000E+00  1.843477E-01  1.405069E-01
96   5.35110851E-06 -1.859997E+00  0.000000E+00  1.934233E-01  1.338657E-01
97   5.61169476E-06 -1.950265E+00  0.000000E+00  2.029405E-01  1.275214E-01
98   5.88496377E-06 -2.044879E+00  0.000000E+00  2.129209E-01  1.214590E-01
99   6.17153231E-06 -2.144043E+00  0.000000E+00  2.233868E-01  1.156642E-01
100  6.47204705E-06 -2.247970E+00  0.000000E+00  2.343619E-01  1.101232E-01
101  6.78718612E-06 -2.356882E+00  0.000000E+00  2.458709E-01  1.048225E-01
102  7.11766052E-06 -2.471009E+00  0.000000E+00  2.579397E-01  9.974943E-02
103  7.46421581E-06 -2.590594E+00  0.000000E+00  2.705956E-01  9.489142E-02
104  7.82763373E-06 -2.715885E+00  0.000000E+00  2.838670E-01  9.023648E-02
105  8.20873397E-06 -2.847144E+00  0.000000E+00  2.977838E-01  8.577292E-02
106  8.60837601E-06 -2.984641E+00  0.000000E+00  3.123774E-01  8.148939E-02
107  9.02746102E-06 -3.128656E+00  0.000000E+00  3.276806E-01  7.737481E-02
108  9.46693393E-06 -3.279480E+00  0.000000E+00  3.437277E-01  7.341837E-02
109  9.92778549E-06 -3.437414E+00  0.000000E+00  3.605549E-01  6.960945E-02
110  1.04110546E-05 -3.602767E+00  0.000000E+00  3.782001E-01  6.593761E-02
111  1.09178303E-05 -3.775861E+00  0.000000E+00  3.967028E-01  6.239258E-02
112  1.14492549E-05 -3.957025E+00  0.000000E+00  4.161046E-01  5.896413E-02
113  1.20065257E-05 -4.146598E+00  0.000000E+00  4.364491E-01  5.564213E-02
114  1.25908982E-05 -4.344926E+00  0.000000E+00  4.577819E-01  5.241645E-02
115  1.32036889E-05 -4.552364E+00  0.000000E+00  4.801509E-01  4.927694E-02
116  1.38462779E-05 -4.769272E+00  0.000000E+00  5.036062E-01  4.621337E-02
117  1.45201123E-05 -4.996016E+00  0.000000E+00  5.282003E-01  4.321540E-02
118  1.52267094E-05 -5.232963E+00  0.000000E+00  5.539884E-01  4.027251E-02
119  1.59676600E-05 -5.480485E+00  0.000000E+00  5.810280E-01  3.737399E-02
120  1.67446318E-05 -5.738949E+00  0.000000E+00  6.093797E-01  3.450883E-02
121  1.75593737E-05 -6.008719E+00  0.000000E+00  6.391068E-01  3.166573E-02
122  1.84137188E-05 -6.290153E+00  0.000000E+00  6.702756E-01  2.883298E-02
123  1.93095894E-05 -6.583592E+00  0.000000E+00  7.029556E-01  2.599848E-02
124  2.02490006E-05 -6.889366E+00  0.000000E+00  7.372196E-01  2.314958E-02
125  2.12340653E-05 -7.207775E+00  0.000000E+00  7.731439E-01  2.027312E-02
126  2.22669984E-05 -7.539093E+00  0.000000E+00  8.108082E-01  1.735530E-02
127  2.33501223E-05 -7.883554E+00  0.000000E+00  8.502963E-01  1.438164E-02
128  2.44858716E-05 -8.241343E+00  0.000000E+00  8.916956E-01  1.133692E-02
129  2.56767988E-05 -8.612584E+00  0.000000E+00  9.350978E-01  8.205120E-03
130  2.69255796E-05 -8.997328E+00  0.000000E+00  9.805988E-01  4.969346E-03
131  2.82350195E-05 -9.395536E+00  0.000000E+00  1.028299E+00  1.611793E-03
132  2.96080595E-05 -9.807061E+00  0.000000E+00  1.078304E+00 -1.886309E-03
133  3.10477825E-05 -1.023163E+01  0.000000E+00  1.130723E+00 -5.544731E-03
134  3.25574209E-05 -1.066880E+01  0.000000E+00  1.185671E+00 -9.384272E-03
135  3.41403631E-05 -1.111797E+01  0.000000E+00  1.243270E+00 -1.342676E-02
136  3.58001610E-05 -1.157831E+01  0.000000E+00  1.303644E+00 -1.769504E-02
137  3.75405384E-05 -1.204872E+01  0.000000E+00  1.366925E+00 -2.221291E-02
138  3.93653987E-05 -1.252782E+01  0.000000E+00  1.433252E+00 -2.700505E-02
139  4.12788340E-05 -1.301387E+01  0.000000E+00  1.502769E+00 -3.209687E-02
140  4.32851338E-05 -1.350469E+01  0.000000E+00  1.575626E+00 -3.751429E-02
141  4.53887945E-05 -1.399766E+01  0.000000E+00  1.651981E+00 -4.328349E-02
142  4.75945297E-05 -1.448956E+01  0.000000E+00  1.731999E+00 -4.943047E-02
143  4.99072802E-05 -1.497651E+01  0.000000E+00  1.815852E+00 -5.598055E-02
144  5.23322251E-05 -1.545388E+01  0.000000E+00  1.903722E+00 -6.295767E-02
145  5.48747932E-05 -1.591611E+01  0.000000E+00  1.995796E+00 -7.038352E-02
146  5.75406750E-05 -1.635662E+01  0.000000E+00  2.092274E+00 -7.827641E-02
147  6.03358353E-05 -1.676761E+01  0.000000E+00  2.193362E+00 -8.663922E-02
148  6.32665259E-05 -1.713989E+01  0.000000E+00  2.299278E+00 -9.558365E-02
149  6.63393001E-05 -1.746261E+01  0.000000E+00  2.410250E+00 -1.062475E-01
150  6.95610265E-05 -1.772304E+01  0.000000E+00  2.526519E+00 -1.064172E-01
151  7.29389043E-05 -1.790627E+01  0.000000E+00  2.648448E+00 -1.030666E-01
152  7.64804791E-05 -1.799485E+01  0.000000E+00  2.776163E+00 -1.836021E-01
153  8.01936594E-05 -1.800000E+01  0.000000E+00  2.909303E+00 -1.614920E-01
154  8.40867341E-05 -1.800000E+01  0.000000E+00  3.049808E+00 -1.178307E-01
155  8.81683906E-05 -1.800000E+01  0.000000E+00  3.196647E+00 -1.722165E-01
156  9.24477335E-05 -1.800000E+01  0.000000E+00  3.350463E+00 -1.826766E-01
157  9.69343049E-05 -1.800000E+01  0.000000E+00  3.511628E+00 -1.943704E-01
158  1.01638105E-04 -1.800000E+01  0.000000E+00  3.680487E+00 -2.072558E-01
159  1.06569615E-04 -1.800000E+01  0.000000E+00  3.857407E+00 -2.205777E-01
160  1.11739817E-04 -1.800000E+01  0.000000E+00  4.042769E+00 -2.343796E-01
161  1.17160222E-04 -1.800000E+01  0.000000E+00  4.236975E+00 -2.486948E-01
162  1.22842891E-04 -1.800000E+01  0.000000E+00  4.440443E+00 -2.635544E-01
163  1.28800465E-04 -1.800000E+01  0.000000E+00  4.653613E+00 -2.789906E-01
164  1.35046189E-04 -1.800000E+01  0.000000E+00  4.876943E+00 -2.950371E-01
165  1.41593944E-04 -1.800000E+01  0.000000E+00  5.110915E+00 -3.117285E-01
166  1.48458273E-04 -1.800000E+01  0.000000E+00  5.356030E+00 -3.291009E-01
167  1.55654417E-04 -1.800000E+01  0.000000E+00  5.612816E+00 -3.471919E-01
168  1.63198346E-04 -1.800000E+01  0.000000E+00  5.881822E+00 -3.660406E-01
169  1.71106792E-04 -1.800000E+01  0.000000E+00  6.163625E+00 -3.856875E-01
170  1.79397286E-04 -1.800000E+01  0.000000E+00  6.458826E+00 -4.061752E-01
171  1.88088199E-04 -1.800000E+01  0.000000E+00  6.768056E+00 -4.275475E-01
172  1.97198777E-04 -1.800000E+01  0.000000E+00  7.091975E+00 -4.498504E-01
173  2.06749185E-04 -1.800000E+01  0.000000E+00  7.431271E+00 -4.731319E-01
174  2.16760548E-04 -1.800000E+01  0.000000E+00  7.786665E+00 -4.974417E-01
175  2.27255000E-04 -1.800000E+01  0.000000E+00  8.158912E+00 -5.228319E-01
176  2.38255728E-04 -1.800000E+01  0.000000E+00  8.548798E+00 -5.493567E-01
177  2.49787025E-04 -1.800000E+01  0.000000E+00  8.957149E+00 -5.770727E-01
178  2.61874336E-04 -1.800000E+01  0.000000E+00  9.384826E+00 -6.060390E-01
179  2.74544320E-04 -1.800000E+01  0.000000E+00  9.832728E+00 -6.363172E-01
180  2.87824901E-04 -1.800000E+01  0.000000E+00  1.030180E+01 -6.679715E-01
181  3.01745329E-04 -1.800000E+01  0.000000E+00  1.079302E+01 -7.010690E-01
182  3.16336245E-04 -1.800000E+01  0.000000E+00  1.130741E+01 -7.356798E-01
183  3.31629740E-04 -1.800000E+01  0.000000E+00  1.184606E+01 -7.718769E-01
184  3.47659429E-04 -1.800000E+01  0.000000E+00  1.241008E+01 -8.097367E-01
185  3.64460519E-04 -1.800000E+01  0.000000E+00  1.300064E+01 -8.493387E-01
186  3.82069884E-04 -1.800000E+01  0.000000E+00  1.361896E+01 -8.907661E-01
187  4.00526141E-04 -1.800000E+01  0.000000E+00  1.426633E+01 -9.341057E-01
188  4.19869734E-04 -1.800000E+01  0.000000E+00  1.494407E+01 -9.794480E-01
189  4.40143018E-04 -1.800000E+01  0.000000E+00  1.565357E+01 -1.026888E+00
190  4.61390346E-04 -1.800000E+01  0.000000E+00  1.639629E+01 -1.076523E+00
191  4.83658165E-04 -1.800000E+01  0.000000E+00  1.717375E+01 -1.128458E+00
192  5.06995111E-04 -1.800000E+01  0.000000E+00  1.798751E+01 -1.182799E+00
193  5.31452108E-04 -1.800000E+01  0.000000E+00  1.883923E+01 -1.239658E+00
194  5.57082480E-04 -1.800000E+01  0.000000E+00  1.973063E+01 -1.299153E+00
195  5.83942055E-04 -1.800000E+01  0.000000E+00  2.066349E+01 -1.361406E+00
196  6.12089285E-04 -1.800000E+01  0.000000E+00  2.163969E+01 -1.426544E+00
197  6.41585367E-04 -1.800000E+01  0.000000E+00  2.266116E+01 -1.494699E+00
198  6.72494366E-04 -1.800000E+01  0.000000E+00  2.372994E+01 -1.566011E+00
199  7.04883347E-04 -1.800000E+01  0.000000E+00  2.484812E+01 -1.640624E+00
200  7.38822517E-04 -1.800000E+01  0.000000E+00  2.601792E+01 -1.718689E+00
201  7.74385365E-04 -1.800000E+01  0.000000E+00  2.724161E+01 -1.800361E+00
202  8.11648812E-04 -1.800000E+01  0.000000E+00  2.852157E+01 -1.885806E+00
203  8.50693369E-04 -1.800000E+01  0.000000E+00  2.986027E+01 -1.975192E+00
204  8.91603300E-04 -1.800000E+01  0.000000E+00  3.126029E+01 -2.068699E+00
205  9.34466796E-04 -1.800000E+01  0.000000E+00  3.272429E+01 -2.166510E+00
206  9.79376146E-04 -1.800000E+01  0.000000E+00  3.425505E+01 -2.268819E+00
207  1.02642793E-03 -1.800000E+01  0.000000E+00  3.585546E+01 -2.375825E+00
208  1.07572321E-03 -1.800000E+01  0.000000E+00  3.752850E+01 -2.487736E+00
209  1.12736773E-03 -1.800000E+01  0.000000E+00  3.927728E+01 -2.604771E+00
210  1.18147214E-03 -1.800000E+01  0.000000E+00  4.110502E+01 -2.727154E+00
211  1.23815220E-03 -1.800000E+01  0.000000E+00  4.301505E+01 -2.855119E+00
212  1.29752902E-03 -1.800000E+01  0.000000E+00  4.501082E+01 -2.988911E+00
213  1.35972929E-03 -1.800000E+01  0.000000E+00  4.709591E+01 -3.128782E+00
214  1.42488554E-03 -1.800000E+01  0.000000E+00  4.927403E+01 -3.274996E+00
215  1.49313640E-03 -1.800000E+01  0.000000E+00  5.154899E+01 -3.427824E+00
216  1.56462687E-03 -1.800000E+01  0.000000E+00  5.392475E+01 -3.587551E+00
217  1.63950861E-03 -1.800000E+01  0.000000E+00  5.640538E+01 -3.754469E+00
218  1.71794021E-03 -1.800000E+01  0.000000E+00  5.899510E+01 -3.928882E+00
219  1.80008754E-03 -1.800000E+01  0.000000E+00  6.169825E+01 -4.111107E+00
220  1.88612401E-03 -1.800000E+01  0.000000E+00  6.451927E+01 -4.301470E+00
221  1.97623098E-03 -1.800000E+01  0.000000E+00  6.746279E+01 -4.500307E+00
222  2.07059804E-03 -1.800000E+01  0.000000E+00  7.053350E+01 -4.707969E+00
223  2.16942343E-03 -1.800000E+01  0.000000E+00  7.373626E+01 -4.924816E+00
224  2.27291435E-03 -1.800000E+01  0.000000E+00  7.707604E+01 -5.151222E+00
225  2.38128741E-03 -1.800000E+01  0.000000E+00  8.055792E+01 -5.387571E+00
226  2.49476903E-03 -1.800000E+01  0.000000E+00  8.418710E+01 -5.634260E+00
227  2.61359584E-03 -1.800000E+01  0.000000E+00  8.796890E+01 -5.891698E+00
228  2.73801512E-03 -1.800000E+01  0.000000E+00  9.190873E+01 -6.160306E+00
229  2.86828532E-03 -1.800000E+01  0.000000E+00  9.601210E+01 -6.440517E+00
230  3.00467646E-03 -1.800000E+01  0.000000E+00  1.002846E+02 -6.732775E+00
231  3.14747068E-03 -1.800000E+01  0.000000E+00  1.047319E+02 -7.037538E+00
232  3.29696272E-03 -1.800000E+01  0.000000E+00  1.093597E+02 -7.355274E+00
233  3.45346051E-03 -1.800000E+01  0.000000E+00  1.141738E+02 -7.686461E+00
234  3.61728568E-03 -1.800000E+01  0.000000E+00  1.191800E+02 -8.031591E+00
235  3.78877416E-03 -1.800000E+01  0.000000E+00  1.243842E+02 -8.391163E+00
236  3.96827679E-03 -1.800000E+01  0.000000E+00  1.297921E+02 -8.765687E+00
237  4.15615992E-03 -1.800000E+01  0.000000E+00  1.354095E+02 -9.155684E+00
238  4.35280611E-03 -1.800000E+01  0.000000E+00  1.412422E+02 -9.561680E+00
239  4.55861475E-03 -1.800000E+01  0.000000E+00  1.472959E+02 -9.984210E+00
240  4.77400281E-03 -1.800000E+01  0.000000E+00  1.535759E+02 -1.042382E+01
241  4.99940552E-03 -1.800000E+01  0.000000E+00  1.600877E+02 -1.088104E+01
242  5.23527717E-03 -1.800000E+01  0.000000E+00  1.668365E+02 -1.135644E+01
243  5.48209187E-03 -1.800000E+01  0.000000E+00  1.738272E+02 -1.185056E+01
244  5.74034435E-03 -1.800000E+01  0.000000E+00  1.810645E+02 -1.236396E+01
245  6.01055084E-03 -1.800000E+01  0.000000E+00  1.885526E+02 -1.289718E+01
246  6.29324988E-03 -1.800000E+01  0.000000E+00  1.962956E+02 -1.345077E+01
247  6.58900330E-03 -1.800000E+01  0.000000E+00  2.042968E+02 -1.402528E+01
248  6.89839710E-03 -1.800000E+01  0.000000E+00  2.125592E+02 -1.462122E+01
249  7.22204243E-03 -1.800000E+01  0.000000E+00  2.210851E+02 -1.523912E+01
250  7.56057660E-03 -1.800000E+01  0.000000E+00  2.298762E+02 -1.587949E+01
251  7.91466411E-03 -1.800000E+01  0.000000E+00  2.389334E+02 -1.654279E+01
252  8.28499774E-03 -1.800000E+01  0.000000E+00  2.482566E+02 -1.722950E+01
253  8.67229965E-03 -1.800000E+01  0.000000E+00  2.578450E+02 -1.794005E+01
254  9.07732251E-03 -1.800000E+01  0.000000E+00  2.676965E+02 -1.867482E+01
255  9.50085070E-03 -1.800000E+01  0.000000E+00  2.778079E+02 -1.943419E+01
256  9.94370155E-03 -1.800000E+01  0.000000E+00  2.881747E+02 -2.021847E+01
257  1.04067266E-02 -1.800000E+01  0.000000E+00  2.987910E+02 -2.102793E+01
258  1.08908128E-02 -1.800000E+01  0.000000E+00  3.096491E+02 -2.186278E+01
259  1.13968842E-02 -1.800000E+01  0.000000E+00  3.207399E+02 -2.272316E+01
260  1.19259028E-02 -1.800000E+01  0.000000E+00  3.320520E+02 -2.360916E+01
261  1.24788704E-02 -1.800000E+01  0.000000E+00  3.435723E+02 -2.452076E+01
262  1.30568301E-02 -1.800000E+01  0.000000E+00  3.552853E+02 -2.545788E+01
263  1.36608675E-02 -1.800000E+01  0.000000E+00  3.671730E+02 -2.642033E+01
264  1.42921124E-02 -1.800000E+01  0.000000E+00  3.792151E+02 -2.740781E+01
265  1.49517407E-02 -1.800000E+01  0.000000E+00  3.913881E+02 -2.841990E+01
266  1.56409757E-02 -1.800000E+01  0.000000E+00  4.036657E+02 -2.945607E+01
267  1.63610899E-02 -1.800000E+01  0.000000E+00  4.160184E+02 -3.051562E+01
268  1.71134069E-02 -1.800000E+01  0.000000E+00  4.284132E+02 -3.159772E+01
269  1.78993031E-02 -1.800000E+01  0.000000E+00  4.408135E+02 -3.270137E+01
270  1.87202094E-02 -1.800000E+01  0.000000E+00  4.531788E+02 -3.382538E+01
271  1.95776135E-02 -1.800000E+01  0.000000E+00  4.654645E+02 -3.496839E+01
272  2.04730616E-02 -1.800000E+01  0.000000E+00  4.776217E+02 -3.612879E+01
273  2.14081602E-02 -1.800000E+01  0.000000E+00  4.895970E+02 -3.730480E+01
274  2.23845787E-02 -1.800000E+01  0.000000E+00  5.013323E+02 -3.849437E+01
275  2.34040512E-02 -1.800000E+01  0.000000E+00  5.127646E+02 -3.969520E+01
276  2.44683785E-02 -1.800000E+01  0.000000E+00  5.238259E+02 -4.090475E+01
277  2.55794305E-02 -1.800000E+01  0.000000E+00  5.344428E+02 -4.212016E+01
278  2.67391487E-02 -1.800000E+01  0.000000E+00  5.445367E+02 -4.333830E+01
279  2.79495479E-02 -1.800000E+01  0.000000E+00  5.540236E+02 -4.455572E+01
280  2.92127194E-02 -1.800000E+01  0.000000E+00  5.628138E+02 -4.576864E+01
281  3.05308327E-02 -1.800000E+01  0.000000E+00  5.708124E+02 -4.697296E+01
282  3.19061381E-02 -1.800000E+01  0.000000E+00  5.779187E+02 -4.816420E+01
283  3.33409696E-02 -1.800000E+01  0.000000E+00  5.840269E+02 -4.933754E+01
284  3.48377472E-02 -1.800000E+01  0.000000E+00  5.890258E+02 -5.048779E+01
285  3.63989795E-02 -1.800000E+01  0.000000E+00  5.927995E+02 -5.160938E+01
286  3.80272663E-02 -1.800000E+01  0.000000E+00  5.952272E+02 -5.269634E+01
287  3.97253015E-02 -1.800000E+01  0.000000E+00  5.961842E+02 -5.374235E+01
288  4.14958759E-02 -1.800000E+01  0.000000E+00  5.955419E+02 -5.474067E+01
289  4.33418797E-02 -1.800000E+01  0.000000E+00  5.931690E+02 -5.568422E+01
290  4.52663057E-02 -1.800000E+01  0.000000E+00  5.889317E+02 -5.656553E+01
291  4.72722519E-02 -1.800000E+01  0.000000E+00  5.826951E+02 -5.737677E+01
292  4.93629245E-02 -1.800000E+01  0.000000E+00  5.743243E+02 -5.810979E+01
293  5.15416411E-02 -1.800000E+01  0.000000E+00  5.636853E+02 -5.875614E+01
294  5.38118333E-02 -1.800000E+01  0.000000E+00  5.506465E+02 -5.930706E+01
295  5.61770501E-02 -1.800000E+01  0.000000E+00  5.350807E+02 -5.975358E+01
296  5.86409608E-02 -1.800000E+01  0.000000E+00  5.168664E+02 -6.008654E+01
297  6.12073580E-02 -1.800000E+01  0.000000E+00  4.958901E+02 -6.029662E+01
298  6.38801611E-02 -1.800000E+01  0.000000E+00  4.720484E+02 -6.037445E+01
299  6.66634191E-02 -1.800000E+01  0.000000E+00  4.452503E+02 -6.031064E+01
300  6.95613136E-02 -1.800000E+01  0.000000E+00  4.154198E+02 -6.009591E+01
301  7.25781626E-02 -1.800000E+01  0.000000E+00  3.824989E+02 -5.972112E+01
302  7.57184232E-02 -1.800000E+01  0.000000E+00  3.464503E+02 -5.917743E+01
303  7.89866952E-02 -1.800000E+01  0.000000E+00  3.072605E+02 -5.845640E+01
304  8.23877238E-02 -1.800000E+01  0.000000E+00  2.649429E+02 -5.755007E+01
305  8.59264033E-02 -1.800000E+01  0.000000E+00  2.195416E+02 -5.645115E+01
306  8.96077803E-02 -1.800000E+01  0.000000E+00  1.711343E+02 -5.515315E+01
307  9.34370566E-02 -1.800000E+01  0.000000E+00  1.198359E+02 -5.365050E+01
308  9.74195927E-02 -1.800000E+01  0.000000E+00  6.580182E+01 -5.193875E+01
309  1.01560911E-01 -1.800000E+01  0.000000E+00  9.231197E+00 -5.001471E+01
310  1.05866699E-01 -1.800000E+01  0.000000E+00 -4.962999E+01 -4.787662E+01
311  1.10342812E-01 -1.800000E+01  0.000000E+00 -1.104862E+02 -4.552436E+01
312  1.14995278E-01 -1.800000E+01  0.000000E+00 -1.729898E+02 -4.295959E+01
313  1.19830297E-01 -1.800000E+01  0.000000E+00 -2.367395E+02 -4.018593E+01
314  1.24854249E-01 -1.800000E+01  0.000000E+00 -3.012784E+02 -3.720913E+01
315  1.30073694E-01 -1.800000E+01  0.000000E+00 -3.660939E+02 -3.403724E+01
316  1.35495375E-01 -1.800000E+01  0.000000E+00 -4.306176E+02 -3.068075E+01
317  1.41126222E-01 -1.800000E+01  0.000000E+00 -4.942268E+02 -2.715270E+01
318  1.46973355E-01 -1.800000E+01  0.000000E+00 -5.562463E+02 -2.346884E+01
319  1.53044086E-01 -1.800000E+01  0.000000E+00 -6.159524E+02 -1.964765E+01
320  1.59345921E-01 -1.800000E+01  0.000000E+00 -6.725776E+02 -1.571042E+01
321  1.65886566E-01 -1.800000E+01  0.000000E+00 -7.253171E+02 -1.168126E+01
322  1.72673926E-01 -1.800000E+01  0.000000E+00 -7.733365E+02 -7.587061E+00
323  1.79716111E-01 -1.800000E+01  0.000000E+00 -8.157820E+02 -3.457428E+00
324  1.87021433E-01 -1.800000E+01  0.000000E+00 -8.517912E+02  6.754741E-01
325  1.94598415E-01 -1.800000E+01  0.000000E+00 -8.805068E+02  4.777099E+00
326  2.02455789E-01 -1.800000E+01  0.000000E+00 -9.010910E+02  8.810779E+00
327  2.10602501E-01 -1.800000E+01  0.000000E+00 -9.127424E+02  1.273805E+01
328  2.19047710E-01 -1.800000E+01  0.000000E+00 -9.147138E+02  1.651902E+01
329  2.27800791E-01 -1.800000E+01  0.000000E+00 -9.063321E+02  2.011286E+01
330  2.36871339E-01 -1.800000E+01  0.000000E+00 -8.870184E+02  2.347830E+01
331  2.46269167E-01 -1.800000E+01  0.000000E+00 -8.563095E+02  2.657426E+01
332  2.56004314E-01 -1.800000E+01  0.000000E+00 -8.138796E+02  2.936044E+01
333  2.66087036E-01 -1.800000E+01  0.000000E+00 -7.595622E+02  3.179811E+01
334  2.76527820E-01 -1.800000E+01  0.000000E+00 -6.933708E+02  3.385081E+01
335  2.87337375E-01 -1.800000E+01  0.000000E+00 -6.155188E+02  3.548515E+01
336  2.98526637E-01 -1.800000E+01  0.000000E+00 -5.264370E+02  3.667165E+01
337  3.10106771E-01 -1.800000E+01  0.000000E+00 -4.267891E+02  3.738554E+01
338  3.22089172E-01 -1.800000E+01  0.000000E+00 -3.174831E+02  3.760758E+01
339  3.34485461E-01 -1.800000E+01  0.000000E+00 -1.996785E+02  3.732480E+01
340  3.47307492E-01 -1.800000E+01  0.000000E+00 -7.478872E+01  3.653125E+01
341  3.60567348E-01 -1.800000E+01  0.000000E+00  5.552262E+01  3.522864E+01
342  3.74277341E-01 -1.800000E+01  0.000000E+00  1.893517E+02  3.342683E+01
343  3.88450017E-01 -1.800000E+01  0.000000E+00  3.245721E+02  3.114425E+01
344  4.03098149E-01 -1.800000E+01  0.000000E+00  4.588591E+02  2.840816E+01
345  4.18234740E-01 -1.800000E+01  0.000000E+00  5.897231E+02  2.525469E+01
346  4.33873026E-01 -1.800000E+01  0.000000E+00  7.145502E+02  2.172873E+01
347  4.50026468E-01 -1.800000E+01  0.000000E+00  8.306506E+02  1.788356E+01
348  4.66708758E-01 -1.800000E+01  0.000000E+00  9.353146E+02  1.378026E+01
349  4.83933812E-01 -1.800000E+01  0.000000E+00  1.025876E+03  9.486970E+00
350  5.01715777E-01 -1.800000E+01  0.000000E+00  1.099778E+03  5.077765E+00
351  5.20069019E-01 -1.800000E+01  0.000000E+00  1.154648E+03  6.314331E-01
352  5.39008132E-01 -1.800000E+01  0.000000E+00  1.188371E+03 -3.770022E+00
353  5.58547929E-01 -1.800000E+01  0.000000E+00  1.199164E+03 -8.043048E+00
354  5.78703444E-01 -1.800000E+01  0.000000E+00  1.185651E+03 -1.210437E+01
355  5.99489930E-01 -1.800000E+01  0.000000E+00  1.146928E+03 -1.587292E+01
356  6.20922853E-01 -1.800000E+01  0.000000E+00  1.082629E+03 -1.927186E+01
357  6.43017895E-01 -1.800000E+01  0.000000E+00  9.929717E+02 -2.223057E+01
358  6.65790948E-01 -1.800000E+01  0.000000E+00  8.788022E+02 -2.468663E+01
359  6.89258115E-01 -1.800000E+01  0.000000E+00  7.416144E+02 -2.658766E+01
360  7.13435702E-01 -1.800000E+01  0.000000E+00  5.835584E+02 -2.789301E+01
361  7.38340219E-01 -1.800000E+01  0.000000E+00  4.074271E+02 -2.857512E+01
362  7.63988377E-01 -1.800000E+01  0.000000E+00  2.166229E+02 -2.862069E+01
363  7.90397082E-01 -1.800000E+01  0.000000E+00  1.510317E+01 -2.803141E+01
364  8.17583437E-01 -1.800000E+01  0.000000E+00 -1.926952E+02 -2.682429E+01
365  8.45564732E-01 -1.800000E+01  0.000000E+00 -4.019519E+02 -2.503159E+01
366  8.74358446E-01 -1.800000E+01  0.000000E+00 -6.075771E+02 -2.270019E+01
367  9.03982238E-01 -1.800000E+01  0.000000E+00 -8.043418E+02 -1.989065E+01
368  9.34453949E-01 -1.800000E+01  0.000000E+00 -9.870201E+02 -1.667565E+01
369  9.65791596E-01 -1.800000E+01  0.000000E+00 -1.150540E+03 -1.313814E+01
370  9.98013364E-01 -1.800000E+01  0.000000E+00 -1.290135E+03 -9.369073E+00
371  1.03113761E+00 -1.800000E+01  0.000000E+00 -1.401501E+03 -5.464798E+00
372  1.06518285E+00 -1.800000E+01  0.000000E+00 -1.480933E+03 -1.524315E+00
373  1.10016775E+00 -1.800000E+01  0.000000E+00 -1.525460E+03  2.353652E+00
374  1.13611116E+00 -1.800000E+01  0.000000E+00 -1.532956E+03  6.073587E+00
375  1.17303205E+00 -1.800000E+01  0.000000E+00 -1.502224E+03  9.546022E+00
376  1.21094955E+00 -1.800000E+01  0.000000E+00 -1.433060E+03  1.269019E+01
377  1.24988292E+00 -1.800000E+01  0.000000E+00 -1.326276E+03  1.543640E+01
378  1.28985156E+00 -1.800000E+01  0.000000E+00 -1.183695E+03  1.772797E+01
379  1.33087502E+00 -1.800000E+01  0.000000E+00 -1.008111E+03  1.952276E+01
380  1.37297296E+00 -1.800000E+01  0.000000E+00 -8.032138E+02  2.079416E+01
381  1.41616514E+00 -1.800000E+01  0.000000E+00 -5.734814E+02  2.153149E+01
382  1.46047149E+00 -1.800000E+01  0.000000E+00 -3.240473E+02  2.173989E+01
383  1.50591201E+00 -1.800000E+01  0.000000E+00 -6.054174E+01  2.143958E+01
384  1.55250681E+00 -1.800000E+01  0.000000E+00  2.110838E+02  2.066464E+01
385  1.60027613E+00 -1.800000E+01  0.000000E+00  4.847418E+02  1.946134E+01
386  1.64924027E+00 -1.800000E+01  0.000000E+00  7.543983E+02  1.788603E+01
387  1.69941966E+00 -1.800000E+01  0.000000E+00  1.014257E+03  1.600282E+01
388  1.75083479E+00 -1.800000E+01  0.000000E+00  1.258932E+03  1.388099E+01
389  1.80350625E+00 -1.800000E+01  0.000000E+00  1.483604E+03  1.159241E+01
390  1.85745469E+00 -1.800000E+01  0.000000E+00  1.684150E+03  9.208948E+00
391  1.91270084E+00 -1.800000E+01  0.000000E+00  1.857244E+03  6.800046E+00
392  1.96926551E+00 -1.800000E+01  0.000000E+00  2.000429E+03  4.430539E+00
393  2.02716955E+00 -1.800000E+01  0.000000E+00  2.112149E+03  2.158785E+00
394  2.08643389E+00 -1.800000E+01  0.000000E+00  2.191755E+03  3.518100E-02
395  2.14707951E+00 -1.800000E+01  0.000000E+00  2.239471E+03 -1.898902E+00
396  2.20912741E+00 -1.800000E+01  0.000000E+00  2.256334E+03 -3.611749E+00
397  2.27259866E+00 -1.800000E+01  0.000000E+00  2.244109E+03 -5.081501E+00
398  2.33751438E+00 -1.800000E+01  0.000000E+00  2.205182E+03 -6.296556E+00
399  2.40389568E+00 -1.800000E+01  0.000000E+00  6.862815E+03 -2.322638E+01
