#      n =  8
#  kappa = -1
# energy = -6.15864489E+01
#     vc = -2.60740809E+08


0    5.88235294E-08 -2.022163E-02  0.000000E+00 -0.000000E+00  5.109568E+00
1    6.16909100E-08 -2.120735E-02  0.000000E+00  4.275610E-05  5.109568E+00
2    6.46980543E-08 -2.224110E-02  0.000000E+00  8.759625E-05  4.872075E+00
3    6.78517743E-08 -2.332525E-02  0.000000E+00  1.346220E-04  4.645623E+00
4    7.11592137E-08 -2.446224E-02  0.000000E+00  1.839399E-04  4.429697E+00
5    7.46278645E-08 -2.565465E-02  0.000000E+00  2.356617E-04  4.223808E+00
6    7.82655838E-08 -2.690518E-02  0.000000E+00  2.899045E-04  4.027489E+00
7    8.20806114E-08 -2.821666E-02  0.000000E+00  3.467911E-04  3.840295E+00
8    8.60815888E-08 -2.959207E-02  0.000000E+00  4.064505E-04  3.661802E+00
9    9.02775786E-08 -3.103451E-02  0.000000E+00  4.690177E-04  3.491606E+00
10   9.46780849E-08 -3.254726E-02  0.000000E+00  5.346346E-04  3.329321E+00
11   9.92930749E-08 -3.413374E-02  0.000000E+00  6.034496E-04  3.174579E+00
12   1.04133002E-07 -3.579755E-02  0.000000E+00  6.756188E-04  3.027030E+00
13   1.09208828E-07 -3.754245E-02  0.000000E+00  7.513054E-04  2.886339E+00
14   1.14532049E-07 -3.937240E-02  0.000000E+00  8.306810E-04  2.752188E+00
15   1.20114722E-07 -4.129154E-02  0.000000E+00  9.139254E-04  2.624272E+00
16   1.25969492E-07 -4.330422E-02  0.000000E+00  1.001227E-03  2.502302E+00
17   1.32109618E-07 -4.541499E-02  0.000000E+00  1.092784E-03  2.386001E+00
18   1.38549007E-07 -4.762864E-02  0.000000E+00  1.188803E-03  2.275106E+00
19   1.45302243E-07 -4.995017E-02  0.000000E+00  1.289502E-03  2.169365E+00
20   1.52384619E-07 -5.238486E-02  0.000000E+00  1.395108E-03  2.068540E+00
21   1.59812177E-07 -5.493820E-02  0.000000E+00  1.505862E-03  1.972401E+00
22   1.67601736E-07 -5.761599E-02  0.000000E+00  1.622014E-03  1.880730E+00
23   1.75770937E-07 -6.042428E-02  0.000000E+00  1.743826E-03  1.793320E+00
24   1.84338281E-07 -6.336944E-02  0.000000E+00  1.871575E-03  1.709974E+00
25   1.93323169E-07 -6.645814E-02  0.000000E+00  2.005551E-03  1.630501E+00
26   2.02745947E-07 -6.969736E-02  0.000000E+00  2.146056E-03  1.554722E+00
27   2.12627954E-07 -7.309445E-02  0.000000E+00  2.293408E-03  1.482465E+00
28   2.22991566E-07 -7.665710E-02  0.000000E+00  2.447942E-03  1.413567E+00
29   2.33860252E-07 -8.039336E-02  0.000000E+00  2.610007E-03  1.347871E+00
30   2.45258622E-07 -8.431172E-02  0.000000E+00  2.779970E-03  1.285229E+00
31   2.57212486E-07 -8.842102E-02  0.000000E+00  2.958216E-03  1.225498E+00
32   2.69748911E-07 -9.273059E-02  0.000000E+00  3.145149E-03  1.168544E+00
33   2.82896283E-07 -9.725017E-02  0.000000E+00  3.341192E-03  1.114237E+00
34   2.96684369E-07 -1.019900E-01  0.000000E+00  3.546789E-03  1.062453E+00
35   3.11144388E-07 -1.069608E-01  0.000000E+00  3.762405E-03  1.013077E+00
36   3.26309079E-07 -1.121738E-01  0.000000E+00  3.988528E-03  9.659958E-01
37   3.42212775E-07 -1.176409E-01  0.000000E+00  4.225671E-03  9.211028E-01
38   3.58891484E-07 -1.233744E-01  0.000000E+00  4.474370E-03  8.782963E-01
39   3.76382963E-07 -1.293872E-01  0.000000E+00  4.735189E-03  8.374794E-01
40   3.94726813E-07 -1.356931E-01  0.000000E+00  5.008717E-03  7.985595E-01
41   4.13964560E-07 -1.423062E-01  0.000000E+00  5.295574E-03  7.614486E-01
42   4.34139755E-07 -1.492416E-01  0.000000E+00  5.596410E-03  7.260625E-01
43   4.55298069E-07 -1.565149E-01  0.000000E+00  5.911905E-03  6.923211E-01
44   4.77487397E-07 -1.641425E-01  0.000000E+00  6.242773E-03  6.601478E-01
45   5.00757968E-07 -1.721419E-01  0.000000E+00  6.589764E-03  6.294699E-01
46   5.25162455E-07 -1.805309E-01  0.000000E+00  6.953663E-03  6.002178E-01
47   5.50756097E-07 -1.893287E-01  0.000000E+00  7.335294E-03  5.723252E-01
48   5.77596824E-07 -1.985552E-01  0.000000E+00  7.735520E-03  5.457289E-01
49   6.05745386E-07 -2.082311E-01  0.000000E+00  8.155247E-03  5.203686E-01
50   6.35265490E-07 -2.183785E-01  0.000000E+00  8.595425E-03  4.961870E-01
51   6.66223947E-07 -2.290202E-01  0.000000E+00  9.057051E-03  4.731292E-01
52   6.98690821E-07 -2.401803E-01  0.000000E+00  9.541169E-03  4.511430E-01
53   7.32739586E-07 -2.518841E-01  0.000000E+00  1.004887E-02  4.301785E-01
54   7.68447295E-07 -2.641580E-01  0.000000E+00  1.058132E-02  4.101883E-01
55   8.05894751E-07 -2.770298E-01  0.000000E+00  1.113970E-02  3.911271E-01
56   8.45166692E-07 -2.905285E-01  0.000000E+00  1.172529E-02  3.729516E-01
57   8.86351981E-07 -3.046848E-01  0.000000E+00  1.233940E-02  3.556208E-01
58   9.29543808E-07 -3.195305E-01  0.000000E+00  1.298344E-02  3.390953E-01
59   9.74839897E-07 -3.350993E-01  0.000000E+00  1.365885E-02  3.233376E-01
60   1.02234273E-06 -3.514263E-01  0.000000E+00  1.436717E-02  3.083122E-01
61   1.07215978E-06 -3.685484E-01  0.000000E+00  1.511000E-02  2.939849E-01
62   1.12440375E-06 -3.865042E-01  0.000000E+00  1.588901E-02  2.803232E-01
63   1.17919283E-06 -4.053344E-01  0.000000E+00  1.670597E-02  2.672963E-01
64   1.23665096E-06 -4.250814E-01  0.000000E+00  1.756273E-02  2.548745E-01
65   1.29690811E-06 -4.457899E-01  0.000000E+00  1.846123E-02  2.430298E-01
66   1.36010058E-06 -4.675064E-01  0.000000E+00  1.940349E-02  2.317352E-01
67   1.42637131E-06 -4.902801E-01  0.000000E+00  2.039165E-02  2.209653E-01
68   1.49587017E-06 -5.141623E-01  0.000000E+00  2.142795E-02  2.106955E-01
69   1.56875435E-06 -5.392069E-01  0.000000E+00  2.251472E-02  2.009027E-01
70   1.64518869E-06 -5.654702E-01  0.000000E+00  2.365443E-02  1.915645E-01
71   1.72534602E-06 -5.930115E-01  0.000000E+00  2.484965E-02  1.826599E-01
72   1.80940762E-06 -6.218928E-01  0.000000E+00  2.610308E-02  1.741686E-01
73   1.89756355E-06 -6.521790E-01  0.000000E+00  2.741756E-02  1.660713E-01
74   1.99001315E-06 -6.839384E-01  0.000000E+00  2.879606E-02  1.583498E-01
75   2.08696544E-06 -7.172423E-01  0.000000E+00  3.024170E-02  1.509864E-01
76   2.18863961E-06 -7.521656E-01  0.000000E+00  3.175774E-02  1.439645E-01
77   2.29526551E-06 -7.887866E-01  0.000000E+00  3.334761E-02  1.372681E-01
78   2.40708418E-06 -8.271877E-01  0.000000E+00  3.501491E-02  1.308821E-01
79   2.52434837E-06 -8.674548E-01  0.000000E+00  3.676340E-02  1.247918E-01
80   2.64732314E-06 -9.096782E-01  0.000000E+00  3.859703E-02  1.189835E-01
81   2.77628643E-06 -9.539523E-01  0.000000E+00  4.051995E-02  1.134440E-01
82   2.91152969E-06 -1.000376E+00  0.000000E+00  4.253650E-02  1.081606E-01
83   3.05335854E-06 -1.049054E+00  0.000000E+00  4.465123E-02  1.031214E-01
84   3.20209350E-06 -1.100093E+00  0.000000E+00  4.686893E-02  9.831473E-02
85   3.35807061E-06 -1.153608E+00  0.000000E+00  4.919461E-02  9.372977E-02
86   3.52164230E-06 -1.209718E+00  0.000000E+00  5.163351E-02  8.935602E-02
87   3.69317811E-06 -1.268547E+00  0.000000E+00  5.419114E-02  8.518346E-02
88   3.87306555E-06 -1.330225E+00  0.000000E+00  5.687329E-02  8.120255E-02
89   4.06171097E-06 -1.394890E+00  0.000000E+00  5.968600E-02  7.740415E-02
90   4.25954045E-06 -1.462684E+00  0.000000E+00  6.263562E-02  7.377953E-02
91   4.46700081E-06 -1.533755E+00  0.000000E+00  6.572882E-02  7.032036E-02
92   4.68456055E-06 -1.608260E+00  0.000000E+00  6.897258E-02  6.701864E-02
93   4.91271096E-06 -1.686363E+00  0.000000E+00  7.237420E-02  6.386674E-02
94   5.15196720E-06 -1.768233E+00  0.000000E+00  7.594138E-02  6.085732E-02
95   5.40286945E-06 -1.854048E+00  0.000000E+00  7.968216E-02  5.798338E-02
96   5.66598414E-06 -1.943995E+00  0.000000E+00  8.360496E-02  5.523817E-02
97   5.94190522E-06 -2.038267E+00  0.000000E+00  8.771866E-02  5.261526E-02
98   6.23125547E-06 -2.137066E+00  0.000000E+00  9.203250E-02  5.010841E-02
99   6.53468794E-06 -2.240604E+00  0.000000E+00  9.655623E-02  4.771168E-02
100  6.85288740E-06 -2.349100E+00  0.000000E+00  1.013000E-01  4.541931E-02
101  7.18657184E-06 -2.462783E+00  0.000000E+00  1.062746E-01  4.322574E-02
102  7.53649415E-06 -2.581890E+00  0.000000E+00  1.114912E-01  4.112564E-02
103  7.90344375E-06 -2.706669E+00  0.000000E+00  1.169614E-01  3.911382E-02
104  8.28824840E-06 -2.837376E+00  0.000000E+00  1.226978E-01  3.718524E-02
105  8.69177603E-06 -2.974278E+00  0.000000E+00  1.287130E-01  3.533505E-02
106  9.11493670E-06 -3.117651E+00  0.000000E+00  1.350208E-01  3.355847E-02
107  9.55868463E-06 -3.267780E+00  0.000000E+00  1.416352E-01  3.185088E-02
108  1.00240204E-05 -3.424960E+00  0.000000E+00  1.485713E-01  3.020773E-02
109  1.05119930E-05 -3.589494E+00  0.000000E+00  1.558444E-01  2.862455E-02
110  1.10237025E-05 -3.761696E+00  0.000000E+00  1.634711E-01  2.709696E-02
111  1.15603021E-05 -3.941886E+00  0.000000E+00  1.714683E-01  2.562060E-02
112  1.21230013E-05 -4.130394E+00  0.000000E+00  1.798542E-01  2.419116E-02
113  1.27130678E-05 -4.327553E+00  0.000000E+00  1.886475E-01  2.280433E-02
114  1.33318312E-05 -4.533707E+00  0.000000E+00  1.978679E-01  2.145581E-02
115  1.39806852E-05 -4.749201E+00  0.000000E+00  2.075361E-01  2.014128E-02
116  1.46610914E-05 -4.974383E+00  0.000000E+00  2.176737E-01  1.885637E-02
117  1.53745820E-05 -5.209603E+00  0.000000E+00  2.283035E-01  1.759665E-02
118  1.61227635E-05 -5.455208E+00  0.000000E+00  2.394493E-01  1.635761E-02
119  1.69073204E-05 -5.711542E+00  0.000000E+00  2.511359E-01  1.513465E-02
120  1.77300187E-05 -5.978940E+00  0.000000E+00  2.633895E-01  1.392303E-02
121  1.85927099E-05 -6.257724E+00  0.000000E+00  2.762374E-01  1.271789E-02
122  1.94973354E-05 -6.548202E+00  0.000000E+00  2.897083E-01  1.151416E-02
123  2.04459303E-05 -6.850655E+00  0.000000E+00  3.038322E-01  1.030663E-02
124  2.14406286E-05 -7.165337E+00  0.000000E+00  3.186406E-01  9.089836E-03
125  2.24836674E-05 -7.492463E+00  0.000000E+00  3.341662E-01  7.858085E-03
126  2.35773920E-05 -7.832200E+00  0.000000E+00  3.504438E-01  6.605425E-03
127  2.47242616E-05 -8.184657E+00  0.000000E+00  3.675092E-01  5.325615E-03
128  2.59268539E-05 -8.549871E+00  0.000000E+00  3.854004E-01  4.012106E-03
129  2.71878717E-05 -8.927792E+00  0.000000E+00  4.041568E-01  2.658018E-03
130  2.85101484E-05 -9.318266E+00  0.000000E+00  4.238200E-01  1.256126E-03
131  2.98966545E-05 -9.721012E+00  0.000000E+00  4.444332E-01 -2.011536E-04
132  3.13505040E-05 -1.013560E+01  0.000000E+00  4.660419E-01 -1.721776E-03
133  3.28749615E-05 -1.056143E+01  0.000000E+00  4.886935E-01 -3.314067E-03
134  3.44734495E-05 -1.099767E+01  0.000000E+00  5.124376E-01 -4.986712E-03
135  3.61495558E-05 -1.144326E+01  0.000000E+00  5.373264E-01 -6.748742E-03
136  3.79070416E-05 -1.189685E+01  0.000000E+00  5.634141E-01 -8.609495E-03
137  3.97498497E-05 -1.235674E+01  0.000000E+00  5.907577E-01 -1.057856E-02
138  4.16821135E-05 -1.282082E+01  0.000000E+00  6.194166E-01 -1.266570E-02
139  4.37081657E-05 -1.328653E+01  0.000000E+00  6.494532E-01 -1.488075E-02
140  4.58325484E-05 -1.375075E+01  0.000000E+00  6.809326E-01 -1.723343E-02
141  4.80600228E-05 -1.420971E+01  0.000000E+00  7.139231E-01 -1.973319E-02
142  5.03955797E-05 -1.465892E+01  0.000000E+00  7.484958E-01 -2.238891E-02
143  5.28444510E-05 -1.509301E+01  0.000000E+00  7.847257E-01 -2.520858E-02
144  5.54121206E-05 -1.550560E+01  0.000000E+00  8.226909E-01 -2.819887E-02
145  5.81043369E-05 -1.588914E+01  0.000000E+00  8.624735E-01 -3.135817E-02
146  6.09271252E-05 -1.623473E+01  0.000000E+00  9.041595E-01 -3.475972E-02
147  6.38868015E-05 -1.653188E+01  0.000000E+00  9.478387E-01 -3.899403E-02
148  6.69899858E-05 -1.676829E+01  0.000000E+00  9.936076E-01 -3.613466E-02
149  7.02436170E-05 -1.692953E+01  0.000000E+00  1.041626E+00 -4.081538E-02
150  7.36549679E-05 -1.699874E+01  0.000000E+00  1.091851E+00 -7.014235E-02
151  7.72316617E-05 -1.700000E+01  0.000000E+00  1.144325E+00 -5.534423E-02
152  8.09816881E-05 -1.700000E+01  0.000000E+00  1.199648E+00 -4.321289E-02
153  8.49134212E-05 -1.700000E+01  0.000000E+00  1.257465E+00 -6.425885E-02
154  8.90356379E-05 -1.700000E+01  0.000000E+00  1.318043E+00 -6.727498E-02
155  9.33575367E-05 -1.700000E+01  0.000000E+00  1.381520E+00 -7.173143E-02
156  9.78887585E-05 -1.700000E+01  0.000000E+00  1.448034E+00 -7.654960E-02
157  1.02639407E-04 -1.700000E+01  0.000000E+00  1.517727E+00 -8.152077E-02
158  1.07620071E-04 -1.700000E+01  0.000000E+00  1.590753E+00 -8.667069E-02
159  1.12841849E-04 -1.700000E+01  0.000000E+00  1.667268E+00 -9.201097E-02
160  1.18316369E-04 -1.700000E+01  0.000000E+00  1.747440E+00 -9.755326E-02
161  1.24055820E-04 -1.700000E+01  0.000000E+00  1.831442E+00 -1.033096E-01
162  1.30072974E-04 -1.700000E+01  0.000000E+00  1.919454E+00 -1.092926E-01
163  1.36381214E-04 -1.700000E+01  0.000000E+00  2.011668E+00 -1.155152E-01
164  1.42994567E-04 -1.700000E+01  0.000000E+00  2.108283E+00 -1.219910E-01
165  1.49927729E-04 -1.700000E+01  0.000000E+00  2.209507E+00 -1.287339E-01
166  1.57196101E-04 -1.700000E+01  0.000000E+00  2.315557E+00 -1.357587E-01
167  1.64815820E-04 -1.700000E+01  0.000000E+00  2.426662E+00 -1.430805E-01
168  1.72803796E-04 -1.700000E+01  0.000000E+00  2.543061E+00 -1.507152E-01
169  1.81177747E-04 -1.700000E+01  0.000000E+00  2.665003E+00 -1.586793E-01
170  1.89956236E-04 -1.700000E+01  0.000000E+00  2.792749E+00 -1.669899E-01
171  1.99158716E-04 -1.700000E+01  0.000000E+00  2.926573E+00 -1.756651E-01
172  2.08805564E-04 -1.700000E+01  0.000000E+00  3.066761E+00 -1.847233E-01
173  2.18918132E-04 -1.700000E+01  0.000000E+00  3.213610E+00 -1.941842E-01
174  2.29518792E-04 -1.700000E+01  0.000000E+00  3.367435E+00 -2.040681E-01
175  2.40630978E-04 -1.700000E+01  0.000000E+00  3.528561E+00 -2.143961E-01
176  2.52279244E-04 -1.700000E+01  0.000000E+00  3.697331E+00 -2.251904E-01
177  2.64489310E-04 -1.700000E+01  0.000000E+00  3.874103E+00 -2.364740E-01
178  2.77288123E-04 -1.700000E+01  0.000000E+00  4.059248E+00 -2.482710E-01
179  2.90703909E-04 -1.700000E+01  0.000000E+00  4.253159E+00 -2.606067E-01
180  3.04766236E-04 -1.700000E+01  0.000000E+00  4.456243E+00 -2.735071E-01
181  3.19506078E-04 -1.700000E+01  0.000000E+00  4.668927E+00 -2.869998E-01
182  3.34955877E-04 -1.700000E+01  0.000000E+00  4.891657E+00 -3.011133E-01
183  3.51149616E-04 -1.700000E+01  0.000000E+00  5.124897E+00 -3.158775E-01
184  3.68122887E-04 -1.700000E+01  0.000000E+00  5.369135E+00 -3.313237E-01
185  3.85912970E-04 -1.700000E+01  0.000000E+00  5.624879E+00 -3.474843E-01
186  4.04558910E-04 -1.700000E+01  0.000000E+00  5.892659E+00 -3.643934E-01
187  4.24101598E-04 -1.700000E+01  0.000000E+00  6.173028E+00 -3.820865E-01
188  4.44583860E-04 -1.700000E+01  0.000000E+00  6.466566E+00 -4.006006E-01
189  4.66050542E-04 -1.700000E+01  0.000000E+00  6.773877E+00 -4.199745E-01
190  4.88548610E-04 -1.700000E+01  0.000000E+00  7.095589E+00 -4.402485E-01
191  5.12127246E-04 -1.700000E+01  0.000000E+00  7.432360E+00 -4.614648E-01
192  5.36837947E-04 -1.700000E+01  0.000000E+00  7.784876E+00 -4.836675E-01
193  5.62734637E-04 -1.700000E+01  0.000000E+00  8.153852E+00 -5.069025E-01
194  5.89873779E-04 -1.700000E+01  0.000000E+00  8.540034E+00 -5.312176E-01
195  6.18314488E-04 -1.700000E+01  0.000000E+00  8.944200E+00 -5.566630E-01
196  6.48118658E-04 -1.700000E+01  0.000000E+00  9.367158E+00 -5.832908E-01
197  6.79351087E-04 -1.700000E+01  0.000000E+00  9.809755E+00 -6.111555E-01
198  7.12079612E-04 -1.700000E+01  0.000000E+00  1.027287E+01 -6.403139E-01
199  7.46375249E-04 -1.700000E+01  0.000000E+00  1.075741E+01 -6.708251E-01
200  7.82312336E-04 -1.700000E+01  0.000000E+00  1.126435E+01 -7.027509E-01
201  8.19968689E-04 -1.700000E+01  0.000000E+00  1.179466E+01 -7.361556E-01
202  8.59425758E-04 -1.700000E+01  0.000000E+00  1.234938E+01 -7.711064E-01
203  9.00768795E-04 -1.700000E+01  0.000000E+00  1.292959E+01 -8.076732E-01
204  9.44087025E-04 -1.700000E+01  0.000000E+00  1.353640E+01 -8.459287E-01
205  9.89473829E-04 -1.700000E+01  0.000000E+00  1.417098E+01 -8.859488E-01
206  1.03702693E-03 -1.700000E+01  0.000000E+00  1.483452E+01 -9.278125E-01
207  1.08684860E-03 -1.700000E+01  0.000000E+00  1.552828E+01 -9.716020E-01
208  1.13904584E-03 -1.700000E+01  0.000000E+00  1.625356E+01 -1.017403E+00
209  1.19373064E-03 -1.700000E+01  0.000000E+00  1.701171E+01 -1.065304E+00
210  1.25102014E-03 -1.700000E+01  0.000000E+00  1.780413E+01 -1.115398E+00
211  1.31103693E-03 -1.700000E+01  0.000000E+00  1.863226E+01 -1.167782E+00
212  1.37390924E-03 -1.700000E+01  0.000000E+00  1.949761E+01 -1.222554E+00
213  1.43977123E-03 -1.700000E+01  0.000000E+00  2.040173E+01 -1.279820E+00
214  1.50876323E-03 -1.700000E+01  0.000000E+00  2.134622E+01 -1.339688E+00
215  1.58103203E-03 -1.700000E+01  0.000000E+00  2.233276E+01 -1.402268E+00
216  1.65673118E-03 -1.700000E+01  0.000000E+00  2.336306E+01 -1.467678E+00
217  1.73602124E-03 -1.700000E+01  0.000000E+00  2.443889E+01 -1.536039E+00
218  1.81907017E-03 -1.700000E+01  0.000000E+00  2.556208E+01 -1.607474E+00
219  1.90605357E-03 -1.700000E+01  0.000000E+00  2.673451E+01 -1.682115E+00
220  1.99715510E-03 -1.700000E+01  0.000000E+00  2.795814E+01 -1.760095E+00
221  2.09256678E-03 -1.700000E+01  0.000000E+00  2.923495E+01 -1.841553E+00
222  2.19248936E-03 -1.700000E+01  0.000000E+00  3.056700E+01 -1.926632E+00
223  2.29713274E-03 -1.700000E+01  0.000000E+00  3.195639E+01 -2.015483E+00
224  2.40671634E-03 -1.700000E+01  0.000000E+00  3.340529E+01 -2.108257E+00
225  2.52146953E-03 -1.700000E+01  0.000000E+00  3.491591E+01 -2.205113E+00
226  2.64163204E-03 -1.700000E+01  0.000000E+00  3.649051E+01 -2.306215E+00
227  2.76745443E-03 -1.700000E+01  0.000000E+00  3.813140E+01 -2.411731E+00
228  2.89919857E-03 -1.700000E+01  0.000000E+00  3.984094E+01 -2.521834E+00
229  3.03713809E-03 -1.700000E+01  0.000000E+00  4.162152E+01 -2.636704E+00
230  3.18155893E-03 -1.700000E+01  0.000000E+00  4.347558E+01 -2.756523E+00
231  3.33275984E-03 -1.700000E+01  0.000000E+00  4.540558E+01 -2.881480E+00
232  3.49105291E-03 -1.700000E+01  0.000000E+00  4.741402E+01 -3.011768E+00
233  3.65676421E-03 -1.700000E+01  0.000000E+00  4.950340E+01 -3.147584E+00
234  3.83023429E-03 -1.700000E+01  0.000000E+00  5.167626E+01 -3.289131E+00
235  4.01181887E-03 -1.700000E+01  0.000000E+00  5.393514E+01 -3.436616E+00
236  4.20188944E-03 -1.700000E+01  0.000000E+00  5.628256E+01 -3.590250E+00
237  4.40083394E-03 -1.700000E+01  0.000000E+00  5.872105E+01 -3.750246E+00
238  4.60905743E-03 -1.700000E+01  0.000000E+00  6.125309E+01 -3.916824E+00
239  4.82698284E-03 -1.700000E+01  0.000000E+00  6.388115E+01 -4.090204E+00
240  5.05505166E-03 -1.700000E+01  0.000000E+00  6.660763E+01 -4.270611E+00
241  5.29372478E-03 -1.700000E+01  0.000000E+00  6.943487E+01 -4.458270E+00
242  5.54348322E-03 -1.700000E+01  0.000000E+00  7.236512E+01 -4.653411E+00
243  5.80482900E-03 -1.700000E+01  0.000000E+00  7.540053E+01 -4.856260E+00
244  6.07828599E-03 -1.700000E+01  0.000000E+00  7.854314E+01 -5.067049E+00
245  6.36440081E-03 -1.700000E+01  0.000000E+00  8.179483E+01 -5.286005E+00
246  6.66374372E-03 -1.700000E+01  0.000000E+00  8.515730E+01 -5.513355E+00
247  6.97690962E-03 -1.700000E+01  0.000000E+00  8.863206E+01 -5.749324E+00
248  7.30451901E-03 -1.700000E+01  0.000000E+00  9.222039E+01 -5.994133E+00
249  7.64721903E-03 -1.700000E+01  0.000000E+00  9.592331E+01 -6.247999E+00
250  8.00568452E-03 -1.700000E+01  0.000000E+00  9.974155E+01 -6.511131E+00
251  8.38061910E-03 -1.700000E+01  0.000000E+00  1.036755E+02 -6.783733E+00
252  8.77275634E-03 -1.700000E+01  0.000000E+00  1.077251E+02 -7.065995E+00
253  9.18286092E-03 -1.700000E+01  0.000000E+00  1.118900E+02 -7.358102E+00
254  9.61172983E-03 -1.700000E+01  0.000000E+00  1.161694E+02 -7.660221E+00
255  1.00601936E-02 -1.700000E+01  0.000000E+00  1.205618E+02 -7.972505E+00
256  1.05291178E-02 -1.700000E+01  0.000000E+00  1.250652E+02 -8.295090E+00
257  1.10194040E-02 -1.700000E+01  0.000000E+00  1.296771E+02 -8.628092E+00
258  1.15319914E-02 -1.700000E+01  0.000000E+00  1.343941E+02 -8.971603E+00
259  1.20678584E-02 -1.700000E+01  0.000000E+00  1.392122E+02 -9.325690E+00
260  1.26280237E-02 -1.700000E+01  0.000000E+00  1.441266E+02 -9.690391E+00
261  1.32135482E-02 -1.700000E+01  0.000000E+00  1.491314E+02 -1.006571E+01
262  1.38255362E-02 -1.700000E+01  0.000000E+00  1.542198E+02 -1.045162E+01
263  1.44651373E-02 -1.700000E+01  0.000000E+00  1.593841E+02 -1.084805E+01
264  1.51335480E-02 -1.700000E+01  0.000000E+00  1.646154E+02 -1.125488E+01
265  1.58320132E-02 -1.700000E+01  0.000000E+00  1.699033E+02 -1.167195E+01
266  1.65618282E-02 -1.700000E+01  0.000000E+00  1.752364E+02 -1.209905E+01
267  1.73243407E-02 -1.700000E+01  0.000000E+00  1.806019E+02 -1.253589E+01
268  1.81209520E-02 -1.700000E+01  0.000000E+00  1.859852E+02 -1.298216E+01
269  1.89531196E-02 -1.700000E+01  0.000000E+00  1.913703E+02 -1.343743E+01
270  1.98223586E-02 -1.700000E+01  0.000000E+00  1.967396E+02 -1.390124E+01
271  2.07302445E-02 -1.700000E+01  0.000000E+00  2.020735E+02 -1.437302E+01
272  2.16784142E-02 -1.700000E+01  0.000000E+00  2.073507E+02 -1.485213E+01
273  2.26685692E-02 -1.700000E+01  0.000000E+00  2.125477E+02 -1.533783E+01
274  2.37024769E-02 -1.700000E+01  0.000000E+00  2.176392E+02 -1.582930E+01
275  2.47819735E-02 -1.700000E+01  0.000000E+00  2.225975E+02 -1.632559E+01
276  2.59089659E-02 -1.700000E+01  0.000000E+00  2.273928E+02 -1.682565E+01
277  2.70854342E-02 -1.700000E+01  0.000000E+00  2.319930E+02 -1.732832E+01
278  2.83134341E-02 -1.700000E+01  0.000000E+00  2.363637E+02 -1.783231E+01
279  2.95950991E-02 -1.700000E+01  0.000000E+00  2.404679E+02 -1.833620E+01
280  3.09326436E-02 -1.700000E+01  0.000000E+00  2.442665E+02 -1.883843E+01
281  3.23283646E-02 -1.700000E+01  0.000000E+00  2.477176E+02 -1.933730E+01
282  3.37846453E-02 -1.700000E+01  0.000000E+00  2.507773E+02 -1.983098E+01
283  3.53039569E-02 -1.700000E+01  0.000000E+00  2.533991E+02 -2.031745E+01
284  3.68888619E-02 -1.700000E+01  0.000000E+00  2.555341E+02 -2.079458E+01
285  3.85420166E-02 -1.700000E+01  0.000000E+00  2.571315E+02 -2.126004E+01
286  4.02661739E-02 -1.700000E+01  0.000000E+00  2.581382E+02 -2.171137E+01
287  4.20641863E-02 -1.700000E+01  0.000000E+00  2.584995E+02 -2.214591E+01
288  4.39390089E-02 -1.700000E+01  0.000000E+00  2.581590E+02 -2.256088E+01
289  4.58937022E-02 -1.700000E+01  0.000000E+00  2.570588E+02 -2.295331E+01
290  4.79314349E-02 -1.700000E+01  0.000000E+00  2.551404E+02 -2.332007E+01
291  5.00554877E-02 -1.700000E+01  0.000000E+00  2.523445E+02 -2.365789E+01
292  5.22692554E-02 -1.700000E+01  0.000000E+00  2.486118E+02 -2.396335E+01
293  5.45762510E-02 -1.700000E+01  0.000000E+00  2.438835E+02 -2.423289E+01
294  5.69801081E-02 -1.700000E+01  0.000000E+00  2.381019E+02 -2.446283E+01
295  5.94845847E-02 -1.700000E+01  0.000000E+00  2.312113E+02 -2.464938E+01
296  6.20935661E-02 -1.700000E+01  0.000000E+00  2.231584E+02 -2.478867E+01
297  6.48110683E-02 -1.700000E+01  0.000000E+00  2.138937E+02 -2.487675E+01
298  6.76412413E-02 -1.700000E+01  0.000000E+00  2.033720E+02 -2.490964E+01
299  7.05883724E-02 -1.700000E+01  0.000000E+00  1.915540E+02 -2.488334E+01
300  7.36568896E-02 -1.700000E+01  0.000000E+00  1.784069E+02 -2.479389E+01
301  7.68513651E-02 -1.700000E+01  0.000000E+00  1.639061E+02 -2.463737E+01
302  8.01765184E-02 -1.700000E+01  0.000000E+00  1.480361E+02 -2.440998E+01
303  8.36372200E-02 -1.700000E+01  0.000000E+00  1.307923E+02 -2.410808E+01
304  8.72384945E-02 -1.700000E+01  0.000000E+00  1.121824E+02 -2.372822E+01
305  9.09855244E-02 -1.700000E+01  0.000000E+00  9.222770E+01 -2.326722E+01
306  9.48836534E-02 -1.700000E+01  0.000000E+00  7.096473E+01 -2.272224E+01
307  9.89383895E-02 -1.700000E+01  0.000000E+00  4.844688E+01 -2.209081E+01
308  1.03155409E-01 -1.700000E+01  0.000000E+00  2.474587E+01 -2.137092E+01
309  1.07540559E-01 -1.700000E+01  0.000000E+00 -4.676208E-02 -2.056111E+01
310  1.12099862E-01 -1.700000E+01  0.000000E+00 -2.581827E+01 -1.966052E+01
311  1.16839518E-01 -1.700000E+01  0.000000E+00 -5.243341E+01 -1.866898E+01
312  1.21765910E-01 -1.700000E+01  0.000000E+00 -7.973332E+01 -1.758708E+01
313  1.26885603E-01 -1.700000E+01  0.000000E+00 -1.075347E+02 -1.641626E+01
314  1.32205353E-01 -1.700000E+01  0.000000E+00 -1.356290E+02 -1.515888E+01
315  1.37732106E-01 -1.700000E+01  0.000000E+00 -1.637824E+02 -1.381830E+01
316  1.43473001E-01 -1.700000E+01  0.000000E+00 -1.917358E+02 -1.239894E+01
317  1.49435377E-01 -1.700000E+01  0.000000E+00 -2.192054E+02 -1.090635E+01
318  1.55626772E-01 -1.700000E+01  0.000000E+00 -2.458835E+02 -9.347273E+00
319  1.62054929E-01 -1.700000E+01  0.000000E+00 -2.714409E+02 -7.729666E+00
320  1.68727797E-01 -1.700000E+01  0.000000E+00 -2.955285E+02 -6.062747E+00
321  1.75653535E-01 -1.700000E+01  0.000000E+00 -3.177807E+02 -4.357000E+00
322  1.82840513E-01 -1.700000E+01  0.000000E+00 -3.378192E+02 -2.624175E+00
323  1.90297317E-01 -1.700000E+01  0.000000E+00 -3.552576E+02 -8.772552E-01
324  1.98032751E-01 -1.700000E+01  0.000000E+00 -3.697068E+02  8.695880E-01
325  2.06055839E-01 -1.700000E+01  0.000000E+00 -3.807815E+02  2.601077E+00
326  2.14375827E-01 -1.700000E+01  0.000000E+00 -3.881072E+02  4.300934E+00
327  2.23002186E-01 -1.700000E+01  0.000000E+00 -3.913286E+02  5.952016E+00
328  2.31944615E-01 -1.700000E+01  0.000000E+00 -3.901178E+02  7.536488E+00
329  2.41213041E-01 -1.700000E+01  0.000000E+00 -3.841841E+02  9.036026E+00
330  2.50817625E-01 -1.700000E+01  0.000000E+00 -3.732843E+02  1.043205E+01
331  2.60768757E-01 -1.700000E+01  0.000000E+00 -3.572327E+02  1.170601E+01
332  2.71077064E-01 -1.700000E+01  0.000000E+00 -3.359117E+02  1.283967E+01
333  2.81753411E-01 -1.700000E+01  0.000000E+00 -3.092830E+02  1.381546E+01
334  2.92808898E-01 -1.700000E+01  0.000000E+00 -2.773971E+02  1.461681E+01
335  3.04254866E-01 -1.700000E+01  0.000000E+00 -2.404034E+02  1.522858E+01
336  3.16102894E-01 -1.700000E+01  0.000000E+00 -1.985589E+02  1.563740E+01
337  3.28364806E-01 -1.700000E+01  0.000000E+00 -1.522349E+02  1.583214E+01
338  3.41052666E-01 -1.700000E+01  0.000000E+00 -1.019226E+02  1.580424E+01
339  3.54178780E-01 -1.700000E+01  0.000000E+00 -4.823648E+01  1.554818E+01
340  3.67755698E-01 -1.700000E+01  0.000000E+00  8.085999E+00  1.506182E+01
341  3.81796216E-01 -1.700000E+01  0.000000E+00  6.618672E+01  1.434674E+01
342  3.96313370E-01 -1.700000E+01  0.000000E+00  1.250935E+02  1.340852E+01
343  4.11320444E-01 -1.700000E+01  0.000000E+00  1.837304E+02  1.225700E+01
344  4.26830963E-01 -1.700000E+01  0.000000E+00  2.409322E+02  1.090642E+01
345  4.42858697E-01 -1.700000E+01  0.000000E+00  2.954633E+02  9.375485E+00
346  4.59417658E-01 -1.700000E+01  0.000000E+00  3.460411E+02  7.687317E+00
347  4.76522102E-01 -1.700000E+01  0.000000E+00  3.913639E+02  5.869326E+00
348  4.94186525E-01 -1.700000E+01  0.000000E+00  4.301426E+02  3.952919E+00
349  5.12425664E-01 -1.700000E+01  0.000000E+00  4.611364E+02  1.973099E+00
350  5.31254495E-01 -1.700000E+01  0.000000E+00  4.831917E+02 -3.207695E-02
351  5.50688234E-01 -1.700000E+01  0.000000E+00  4.952825E+02 -2.022175E+00
352  5.70742331E-01 -1.700000E+01  0.000000E+00  4.965531E+02 -3.955190E+00
353  5.91432471E-01 -1.700000E+01  0.000000E+00  4.863597E+02 -5.788469E+00
354  6.12774575E-01 -1.700000E+01  0.000000E+00  4.643104E+02 -7.479744E+00
355  6.34784790E-01 -1.700000E+01  0.000000E+00  4.303028E+02 -8.988249E+00
356  6.57479494E-01 -1.700000E+01  0.000000E+00  3.845558E+02 -1.027589E+01
357  6.80875294E-01 -1.700000E+01  0.000000E+00  3.276344E+02 -1.130844E+01
358  7.04989015E-01 -1.700000E+01  0.000000E+00  2.604661E+02 -1.205674E+01
359  7.29837707E-01 -1.700000E+01  0.000000E+00  1.843470E+02 -1.249781E+01
360  7.55438636E-01 -1.700000E+01  0.000000E+00  1.009352E+02 -1.261592E+01
361  7.81809285E-01 -1.700000E+01  0.000000E+00  1.223113E+01 -1.240346E+01
362  8.08967348E-01 -1.700000E+01  0.000000E+00 -7.945674E+01 -1.186166E+01
363  8.36930726E-01 -1.700000E+01  0.000000E+00 -1.715609E+02 -1.100106E+01
364  8.65717527E-01 -1.700000E+01  0.000000E+00 -2.613186E+02 -9.841740E+00
365  8.95346060E-01 -1.700000E+01  0.000000E+00 -3.458501E+02 -8.413201E+00
366  9.25834830E-01 -1.700000E+01  0.000000E+00 -4.222489E+02 -6.753956E+00
367  9.57202539E-01 -1.700000E+01  0.000000E+00 -4.876829E+02 -4.910757E+00
368  9.89468076E-01 -1.700000E+01  0.000000E+00 -5.395029E+02 -2.937487E+00
369  1.02265052E+00 -1.700000E+01  0.000000E+00 -5.753544E+02 -8.937264E-01
370  1.05676912E+00 -1.700000E+01  0.000000E+00 -5.932895E+02  1.156995E+00
371  1.09184332E+00 -1.700000E+01  0.000000E+00 -5.918727E+02  3.149193E+00
372  1.12789272E+00 -1.700000E+01  0.000000E+00 -5.702765E+02  5.017627E+00
373  1.16493710E+00 -1.700000E+01  0.000000E+00 -5.283610E+02  6.699628E+00
374  1.20299639E+00 -1.700000E+01  0.000000E+00 -4.667316E+02  8.137458E+00
375  1.24209070E+00 -1.700000E+01  0.000000E+00 -3.867720E+02  9.280621E+00
376  1.28224027E+00 -1.700000E+01  0.000000E+00 -2.906455E+02  1.008802E+01
377  1.32346551E+00 -1.700000E+01  0.000000E+00 -1.812646E+02  1.052984E+01
378  1.36578696E+00 -1.700000E+01  0.000000E+00 -6.222425E+01  1.058909E+01
379  1.40922531E+00 -1.700000E+01  0.000000E+00  6.229948E+01  1.026273E+01
380  1.45380136E+00 -1.700000E+01  0.000000E+00  1.876847E+02  9.562176E+00
381  1.49953608E+00 -1.700000E+01  0.000000E+00  3.090298E+02  8.513336E+00
382  1.54645053E+00 -1.700000E+01  0.000000E+00  4.213446E+02  7.155977E+00
383  1.59456591E+00 -1.700000E+01  0.000000E+00  5.197604E+02  5.542486E+00
384  1.64390350E+00 -1.700000E+01  0.000000E+00  5.997490E+02  3.736032E+00
385  1.69448474E+00 -1.700000E+01  0.000000E+00  6.573425E+02  1.808201E+00
386  1.74633112E+00 -1.700000E+01  0.000000E+00  6.893414E+02 -1.638391E-01
387  1.79946427E+00 -1.700000E+01  0.000000E+00  6.935008E+02 -2.100498E+00
388  1.85390590E+00 -1.700000E+01  0.000000E+00  6.686842E+02 -3.923140E+00
389  1.90967778E+00 -1.700000E+01  0.000000E+00  6.149730E+02 -5.557514E+00
390  1.96680181E+00 -1.700000E+01  0.000000E+00  5.337257E+02 -6.937059E+00
391  2.02529992E+00 -1.700000E+01  0.000000E+00  4.275779E+02 -8.005947E+00
392  2.08519414E+00 -1.700000E+01  0.000000E+00  3.003814E+02 -8.721683E+00
393  2.14650657E+00 -1.700000E+01  0.000000E+00  1.570802E+02 -9.057128E+00
394  2.20925936E+00 -1.700000E+01  0.000000E+00  3.527035E+00 -9.001829E+00
395  2.27347470E+00 -1.700000E+01  0.000000E+00 -1.537535E+02 -8.562578E+00
396  2.33917486E+00 -1.700000E+01  0.000000E+00 -3.078462E+02 -7.763133E+00
397  2.40638214E+00 -1.700000E+01  0.000000E+00 -4.517579E+02 -6.643140E+00
398  2.47511888E+00 -1.700000E+01  0.000000E+00 -5.787467E+02 -5.257617E+00
399  2.54540747E+00 -1.700000E+01  0.000000E+00 -2.173716E+03 -1.166940E+01
