#      n =  7
#  kappa = -1
# energy = -1.11454918E+02
#     vc = -9.20941931E+08


0    5.00000000E-08 -1.934130E-02  0.000000E+00  0.000000E+00 -9.596021E+00
1    5.24374860E-08 -2.028418E-02  0.000000E+00 -7.596698E-05 -9.596021E+00
2    5.49937918E-08 -2.127302E-02  0.000000E+00 -1.556371E-04 -9.149960E+00
3    5.76747092E-08 -2.231007E-02  0.000000E+00 -2.391909E-04 -8.724638E+00
4    6.04863120E-08 -2.339767E-02  0.000000E+00 -3.268177E-04 -8.319088E+00
5    6.34349700E-08 -2.453829E-02  0.000000E+00 -4.187159E-04 -7.932391E+00
6    6.65273636E-08 -2.573451E-02  0.000000E+00 -5.150938E-04 -7.563669E+00
7    6.97704986E-08 -2.698904E-02  0.000000E+00 -6.161697E-04 -7.212088E+00
8    7.31717224E-08 -2.830472E-02  0.000000E+00 -7.221726E-04 -6.876850E+00
9    7.67387402E-08 -2.968453E-02  0.000000E+00 -8.333427E-04 -6.557196E+00
10   8.04796331E-08 -3.113160E-02  0.000000E+00 -9.499318E-04 -6.252401E+00
11   8.44028756E-08 -3.264921E-02  0.000000E+00 -1.072204E-03 -5.961775E+00
12   8.85173553E-08 -3.424080E-02  0.000000E+00 -1.200436E-03 -5.684658E+00
13   9.28323932E-08 -3.590997E-02  0.000000E+00 -1.334919E-03 -5.420424E+00
14   9.73577641E-08 -3.766049E-02  0.000000E+00 -1.475958E-03 -5.168472E+00
15   1.02103719E-07 -3.949635E-02  0.000000E+00 -1.623871E-03 -4.928233E+00
16   1.07081010E-07 -4.142169E-02  0.000000E+00 -1.778993E-03 -4.699161E+00
17   1.12300911E-07 -4.344088E-02  0.000000E+00 -1.941677E-03 -4.480737E+00
18   1.17775245E-07 -4.555849E-02  0.000000E+00 -2.112291E-03 -4.272467E+00
19   1.23516415E-07 -4.777932E-02  0.000000E+00 -2.291221E-03 -4.073878E+00
20   1.29537423E-07 -5.010840E-02  0.000000E+00 -2.478872E-03 -3.884521E+00
21   1.35851909E-07 -5.255100E-02  0.000000E+00 -2.675670E-03 -3.703966E+00
22   1.42474174E-07 -5.511265E-02  0.000000E+00 -2.882061E-03 -3.531804E+00
23   1.49419220E-07 -5.779917E-02  0.000000E+00 -3.098511E-03 -3.367644E+00
24   1.56702776E-07 -6.061663E-02  0.000000E+00 -3.325511E-03 -3.211116E+00
25   1.64341339E-07 -6.357141E-02  0.000000E+00 -3.563575E-03 -3.061863E+00
26   1.72352210E-07 -6.667021E-02  0.000000E+00 -3.813242E-03 -2.919549E+00
27   1.80753533E-07 -6.992004E-02  0.000000E+00 -4.075079E-03 -2.783850E+00
28   1.89564335E-07 -7.332827E-02  0.000000E+00 -4.349677E-03 -2.654458E+00
29   1.98804571E-07 -7.690261E-02  0.000000E+00 -4.637659E-03 -2.531082E+00
30   2.08495169E-07 -8.065116E-02  0.000000E+00 -4.939677E-03 -2.413440E+00
31   2.18658074E-07 -8.458240E-02  0.000000E+00 -5.256415E-03 -2.301267E+00
32   2.29316303E-07 -8.870525E-02  0.000000E+00 -5.588591E-03 -2.194307E+00
33   2.40493991E-07 -9.302903E-02  0.000000E+00 -5.936955E-03 -2.092320E+00
34   2.52216453E-07 -9.756354E-02  0.000000E+00 -6.302299E-03 -1.995073E+00
35   2.64510234E-07 -1.023190E-01  0.000000E+00 -6.685448E-03 -1.902347E+00
36   2.77403172E-07 -1.073063E-01  0.000000E+00 -7.087270E-03 -1.813931E+00
37   2.90924464E-07 -1.125366E-01  0.000000E+00 -7.508676E-03 -1.729624E+00
38   3.05104727E-07 -1.180218E-01  0.000000E+00 -7.950619E-03 -1.649237E+00
39   3.19976070E-07 -1.237744E-01  0.000000E+00 -8.414100E-03 -1.572586E+00
40   3.35572164E-07 -1.298072E-01  0.000000E+00 -8.900169E-03 -1.499498E+00
41   3.51928325E-07 -1.361341E-01  0.000000E+00 -9.409926E-03 -1.429807E+00
42   3.69081584E-07 -1.427693E-01  0.000000E+00 -9.944526E-03 -1.363355E+00
43   3.87070778E-07 -1.497278E-01  0.000000E+00 -1.050518E-02 -1.299992E+00
44   4.05936637E-07 -1.570254E-01  0.000000E+00 -1.109315E-02 -1.239575E+00
45   4.25721872E-07 -1.646786E-01  0.000000E+00 -1.170978E-02 -1.181965E+00
46   4.46471275E-07 -1.727048E-01  0.000000E+00 -1.235646E-02 -1.127034E+00
47   4.68231821E-07 -1.811220E-01  0.000000E+00 -1.303465E-02 -1.074655E+00
48   4.91052771E-07 -1.899494E-01  0.000000E+00 -1.374588E-02 -1.024711E+00
49   5.14985786E-07 -1.992070E-01  0.000000E+00 -1.449178E-02 -9.770887E-01
50   5.40085042E-07 -2.089156E-01  0.000000E+00 -1.527403E-02 -9.316795E-01
51   5.66407354E-07 -2.190972E-01  0.000000E+00 -1.609439E-02 -8.883809E-01
52   5.94012303E-07 -2.297749E-01  0.000000E+00 -1.695472E-02 -8.470947E-01
53   6.22962372E-07 -2.409729E-01  0.000000E+00 -1.785698E-02 -8.077274E-01
54   6.53323086E-07 -2.527164E-01  0.000000E+00 -1.880320E-02 -7.701897E-01
55   6.85163160E-07 -2.650320E-01  0.000000E+00 -1.979553E-02 -7.343966E-01
56   7.18554656E-07 -2.779477E-01  0.000000E+00 -2.083621E-02 -7.002670E-01
57   7.53573143E-07 -2.914925E-01  0.000000E+00 -2.192759E-02 -6.677235E-01
58   7.90297871E-07 -3.056972E-01  0.000000E+00 -2.307215E-02 -6.366924E-01
59   8.28811947E-07 -3.205938E-01  0.000000E+00 -2.427248E-02 -6.071033E-01
60   8.69202524E-07 -3.362161E-01  0.000000E+00 -2.553129E-02 -5.788893E-01
61   9.11560998E-07 -3.525993E-01  0.000000E+00 -2.685143E-02 -5.519862E-01
62   9.55983215E-07 -3.697804E-01  0.000000E+00 -2.823588E-02 -5.263333E-01
63   1.00256968E-06 -3.877984E-01  0.000000E+00 -2.968779E-02 -5.018724E-01
64   1.05142581E-06 -4.066939E-01  0.000000E+00 -3.121043E-02 -4.785479E-01
65   1.10266213E-06 -4.265096E-01  0.000000E+00 -3.280725E-02 -4.563071E-01
66   1.15639455E-06 -4.472903E-01  0.000000E+00 -3.448187E-02 -4.350995E-01
67   1.21274463E-06 -4.690829E-01  0.000000E+00 -3.623806E-02 -4.148771E-01
68   1.27183984E-06 -4.919366E-01  0.000000E+00 -3.807981E-02 -3.955939E-01
69   1.33381385E-06 -5.159030E-01  0.000000E+00 -4.001127E-02 -3.772064E-01
70   1.39880685E-06 -5.410362E-01  0.000000E+00 -4.203682E-02 -3.596728E-01
71   1.46696583E-06 -5.673928E-01  0.000000E+00 -4.416104E-02 -3.429533E-01
72   1.53844496E-06 -5.950325E-01  0.000000E+00 -4.638873E-02 -3.270100E-01
73   1.61340588E-06 -6.240173E-01  0.000000E+00 -4.872493E-02 -3.118068E-01
74   1.69201811E-06 -6.544128E-01  0.000000E+00 -5.117492E-02 -2.973091E-01
75   1.77445943E-06 -6.862873E-01  0.000000E+00 -5.374424E-02 -2.834842E-01
76   1.86091625E-06 -7.197126E-01  0.000000E+00 -5.643871E-02 -2.703005E-01
77   1.95158405E-06 -7.547641E-01  0.000000E+00 -5.926440E-02 -2.577282E-01
78   2.04666783E-06 -7.915205E-01  0.000000E+00 -6.222771E-02 -2.457387E-01
79   2.14638255E-06 -8.300646E-01  0.000000E+00 -6.533535E-02 -2.343047E-01
80   2.25095364E-06 -8.704829E-01  0.000000E+00 -6.859432E-02 -2.234004E-01
81   2.36061749E-06 -9.128662E-01  0.000000E+00 -7.201200E-02 -2.130009E-01
82   2.47562197E-06 -9.573097E-01  0.000000E+00 -7.559611E-02 -2.030825E-01
83   2.59622702E-06 -1.003913E+00  0.000000E+00 -7.935476E-02 -1.936227E-01
84   2.72270521E-06 -1.052780E+00  0.000000E+00 -8.329642E-02 -1.845999E-01
85   2.85534239E-06 -1.104022E+00  0.000000E+00 -8.743002E-02 -1.759935E-01
86   2.99443828E-06 -1.157751E+00  0.000000E+00 -9.176488E-02 -1.677839E-01
87   3.14030717E-06 -1.214089E+00  0.000000E+00 -9.631079E-02 -1.599524E-01
88   3.29327866E-06 -1.273160E+00  0.000000E+00 -1.010780E-01 -1.524810E-01
89   3.45369834E-06 -1.335097E+00  0.000000E+00 -1.060774E-01 -1.453525E-01
90   3.62192861E-06 -1.400038E+00  0.000000E+00 -1.113201E-01 -1.385508E-01
91   3.79834950E-06 -1.468126E+00  0.000000E+00 -1.168180E-01 -1.320600E-01
92   3.98335949E-06 -1.539512E+00  0.000000E+00 -1.225836E-01 -1.258653E-01
93   4.17737643E-06 -1.614355E+00  0.000000E+00 -1.286298E-01 -1.199523E-01
94   4.38083848E-06 -1.692820E+00  0.000000E+00 -1.349703E-01 -1.143073E-01
95   4.59420509E-06 -1.775079E+00  0.000000E+00 -1.416194E-01 -1.089172E-01
96   4.81795802E-06 -1.861314E+00  0.000000E+00 -1.485920E-01 -1.037694E-01
97   5.05260246E-06 -1.951713E+00  0.000000E+00 -1.559041E-01 -9.885189E-02
98   5.29866811E-06 -2.046473E+00  0.000000E+00 -1.635719E-01 -9.415297E-02
99   5.55671043E-06 -2.145802E+00  0.000000E+00 -1.716128E-01 -8.966155E-02
100  5.82731185E-06 -2.249914E+00  0.000000E+00 -1.800450E-01 -8.536690E-02
101  6.11108306E-06 -2.359033E+00  0.000000E+00 -1.888875E-01 -8.125869E-02
102  6.40866444E-06 -2.473395E+00  0.000000E+00 -1.981601E-01 -7.732695E-02
103  6.72072745E-06 -2.593244E+00  0.000000E+00 -2.078837E-01 -7.356205E-02
104  7.04797615E-06 -2.718835E+00  0.000000E+00 -2.180804E-01 -6.995466E-02
105  7.39114877E-06 -2.850432E+00  0.000000E+00 -2.287730E-01 -6.649573E-02
106  7.75101940E-06 -2.988313E+00  0.000000E+00 -2.399855E-01 -6.317646E-02
107  8.12839967E-06 -3.132763E+00  0.000000E+00 -2.517434E-01 -5.998827E-02
108  8.52414063E-06 -3.284081E+00  0.000000E+00 -2.640729E-01 -5.692279E-02
109  8.93913461E-06 -3.442576E+00  0.000000E+00 -2.770018E-01 -5.397178E-02
110  9.37431722E-06 -3.608569E+00  0.000000E+00 -2.905593E-01 -5.112718E-02
111  9.83066951E-06 -3.782391E+00  0.000000E+00 -3.047757E-01 -4.838100E-02
112  1.03092201E-05 -3.964386E+00  0.000000E+00 -3.196830E-01 -4.572534E-02
113  1.08110474E-05 -4.154906E+00  0.000000E+00 -3.353147E-01 -4.315233E-02
114  1.13372823E-05 -4.354316E+00  0.000000E+00 -3.517058E-01 -4.065414E-02
115  1.18891103E-05 -4.562990E+00  0.000000E+00 -3.688932E-01 -3.822289E-02
116  1.24677747E-05 -4.781311E+00  0.000000E+00 -3.869153E-01 -3.585066E-02
117  1.30745788E-05 -5.009673E+00  0.000000E+00 -4.058126E-01 -3.352940E-02
118  1.37108892E-05 -5.248472E+00  0.000000E+00 -4.256274E-01 -3.125098E-02
119  1.43781386E-05 -5.498116E+00  0.000000E+00 -4.464039E-01 -2.900706E-02
120  1.50778292E-05 -5.759011E+00  0.000000E+00 -4.681887E-01 -2.678909E-02
121  1.58115361E-05 -6.031570E+00  0.000000E+00 -4.910305E-01 -2.458827E-02
122  1.65809106E-05 -6.316202E+00  0.000000E+00 -5.149801E-01 -2.239550E-02
123  1.73876839E-05 -6.613312E+00  0.000000E+00 -5.400910E-01 -2.020131E-02
124  1.82336710E-05 -6.923299E+00  0.000000E+00 -5.664193E-01 -1.799584E-02
125  1.91207752E-05 -7.246548E+00  0.000000E+00 -5.940234E-01 -1.576878E-02
126  2.00509914E-05 -7.583426E+00  0.000000E+00 -6.229647E-01 -1.350931E-02
127  2.10264113E-05 -7.934276E+00  0.000000E+00 -6.533074E-01 -1.120604E-02
128  2.20492279E-05 -8.299408E+00  0.000000E+00 -6.851189E-01 -8.846973E-03
129  2.31217403E-05 -8.679091E+00  0.000000E+00 -7.184696E-01 -6.419428E-03
130  2.42463586E-05 -9.073543E+00  0.000000E+00 -7.534332E-01 -3.909993E-03
131  2.54256098E-05 -9.482918E+00  0.000000E+00 -7.900868E-01 -1.304469E-03
132  2.66621428E-05 -9.907290E+00  0.000000E+00 -8.285112E-01  1.412188E-03
133  2.79587347E-05 -1.034664E+01  0.000000E+00 -8.687909E-01  4.255916E-03
134  2.93182970E-05 -1.080082E+01  0.000000E+00 -9.110143E-01  7.243588E-03
135  3.07438816E-05 -1.126957E+01  0.000000E+00 -9.552739E-01  1.039305E-02
136  3.22386882E-05 -1.175245E+01  0.000000E+00 -1.001666E+00  1.372315E-02
137  3.38060707E-05 -1.224881E+01  0.000000E+00 -1.050293E+00  1.725374E-02
138  3.54495454E-05 -1.275778E+01  0.000000E+00 -1.101259E+00  2.100564E-02
139  3.71727981E-05 -1.327822E+01  0.000000E+00 -1.154676E+00  2.500066E-02
140  3.89796927E-05 -1.380867E+01  0.000000E+00 -1.210658E+00  2.926143E-02
141  4.08742794E-05 -1.434726E+01  0.000000E+00 -1.269327E+00  3.381135E-02
142  4.28608040E-05 -1.489171E+01  0.000000E+00 -1.330810E+00  3.867438E-02
143  4.49437172E-05 -1.543919E+01  0.000000E+00 -1.395238E+00  4.387478E-02
144  4.71276841E-05 -1.598627E+01  0.000000E+00 -1.462749E+00  4.943674E-02
145  4.94175950E-05 -1.652882E+01  0.000000E+00 -1.533487E+00  5.538394E-02
146  5.18185757E-05 -1.706187E+01  0.000000E+00 -1.607605E+00  6.173894E-02
147  5.43359991E-05 -1.757947E+01  0.000000E+00 -1.685259E+00  6.852233E-02
148  5.69754971E-05 -1.807456E+01  0.000000E+00 -1.766615E+00  7.575176E-02
149  5.97429726E-05 -1.853879E+01  0.000000E+00 -1.851848E+00  8.343656E-02
150  6.26446130E-05 -1.896228E+01  0.000000E+00 -1.941137E+00  9.161055E-02
151  6.56869032E-05 -1.933338E+01  0.000000E+00 -2.034674E+00  1.008906E-01
152  6.88766405E-05 -1.963842E+01  0.000000E+00 -2.132659E+00  1.075922E-01
153  7.22209489E-05 -1.986138E+01  0.000000E+00 -2.235356E+00  9.529397E-02
154  7.57272952E-05 -1.998348E+01  0.000000E+00 -2.343074E+00  1.609776E-01
155  7.94035050E-05 -2.000000E+01  0.000000E+00 -2.455162E+00  1.613138E-01
156  8.32577801E-05 -2.000000E+01  0.000000E+00 -2.573442E+00  1.183606E-01
157  8.72987163E-05 -2.000000E+01  0.000000E+00 -2.697149E+00  1.582141E-01
158  9.15353220E-05 -2.000000E+01  0.000000E+00 -2.826663E+00  1.729496E-01
159  9.59770384E-05 -2.000000E+01  0.000000E+00 -2.962346E+00  1.834675E-01
160  1.00633760E-04 -2.000000E+01  0.000000E+00 -3.104488E+00  1.954384E-01
161  1.05515854E-04 -2.000000E+01  0.000000E+00 -3.253394E+00  2.078690E-01
162  1.10634188E-04 -2.000000E+01  0.000000E+00 -3.409385E+00  2.207451E-01
163  1.16000148E-04 -2.000000E+01  0.000000E+00 -3.572795E+00  2.341022E-01
164  1.21625667E-04 -2.000000E+01  0.000000E+00 -3.743975E+00  2.479692E-01
165  1.27523248E-04 -2.000000E+01  0.000000E+00 -3.923291E+00  2.623760E-01
166  1.33705994E-04 -2.000000E+01  0.000000E+00 -4.111128E+00  2.773538E-01
167  1.40187634E-04 -2.000000E+01  0.000000E+00 -4.307888E+00  2.929347E-01
168  1.46982554E-04 -2.000000E+01  0.000000E+00 -4.513989E+00  3.091523E-01
169  1.54105829E-04 -2.000000E+01  0.000000E+00 -4.729872E+00  3.260415E-01
170  1.61573251E-04 -2.000000E+01  0.000000E+00 -4.955997E+00  3.436385E-01
171  1.69401371E-04 -2.000000E+01  0.000000E+00 -5.192843E+00  3.619810E-01
172  1.77607525E-04 -2.000000E+01  0.000000E+00 -5.440914E+00  3.811083E-01
173  1.86209881E-04 -2.000000E+01  0.000000E+00 -5.700736E+00  4.010613E-01
174  1.95227471E-04 -2.000000E+01  0.000000E+00 -5.972857E+00  4.218826E-01
175  2.04680233E-04 -2.000000E+01  0.000000E+00 -6.257854E+00  4.436166E-01
176  2.14589058E-04 -2.000000E+01  0.000000E+00 -6.556327E+00  4.663096E-01
177  2.24975829E-04 -2.000000E+01  0.000000E+00 -6.868903E+00  4.900098E-01
178  2.35863472E-04 -2.000000E+01  0.000000E+00 -7.196241E+00  5.147674E-01
179  2.47276002E-04 -2.000000E+01  0.000000E+00 -7.539025E+00  5.406351E-01
180  2.59238577E-04 -2.000000E+01  0.000000E+00 -7.897972E+00  5.676674E-01
181  2.71777548E-04 -2.000000E+01  0.000000E+00 -8.273833E+00  5.959216E-01
182  2.84920520E-04 -2.000000E+01  0.000000E+00 -8.667390E+00  6.254570E-01
183  2.98696404E-04 -2.000000E+01  0.000000E+00 -9.079460E+00  6.563360E-01
184  3.13135484E-04 -2.000000E+01  0.000000E+00 -9.510898E+00  6.886233E-01
185  3.28269479E-04 -2.000000E+01  0.000000E+00 -9.962595E+00  7.223866E-01
186  3.44131609E-04 -2.000000E+01  0.000000E+00 -1.043548E+01  7.576965E-01
187  3.60756665E-04 -2.000000E+01  0.000000E+00 -1.093053E+01  7.946268E-01
188  3.78181086E-04 -2.000000E+01  0.000000E+00 -1.144876E+01  8.332542E-01
189  3.96443029E-04 -2.000000E+01  0.000000E+00 -1.199122E+01  8.736591E-01
190  4.15582454E-04 -2.000000E+01  0.000000E+00 -1.255903E+01  9.159252E-01
191  4.35641206E-04 -2.000000E+01  0.000000E+00 -1.315333E+01  9.601399E-01
192  4.56663103E-04 -2.000000E+01  0.000000E+00 -1.377532E+01  1.006394E+00
193  4.78694026E-04 -2.000000E+01  0.000000E+00 -1.442626E+01  1.054783E+00
194  5.01782016E-04 -2.000000E+01  0.000000E+00 -1.510747E+01  1.105407E+00
195  5.25977371E-04 -2.000000E+01  0.000000E+00 -1.582029E+01  1.158368E+00
196  5.51332755E-04 -2.000000E+01  0.000000E+00 -1.656614E+01  1.213774E+00
197  5.77903303E-04 -2.000000E+01  0.000000E+00 -1.734652E+01  1.271738E+00
198  6.05746733E-04 -2.000000E+01  0.000000E+00 -1.816296E+01  1.332378E+00
199  6.34923470E-04 -2.000000E+01  0.000000E+00 -1.901706E+01  1.395816E+00
200  6.65496768E-04 -2.000000E+01  0.000000E+00 -1.991049E+01  1.462178E+00
201  6.97532836E-04 -2.000000E+01  0.000000E+00 -2.084498E+01  1.531600E+00
202  7.31100980E-04 -2.000000E+01  0.000000E+00 -2.182236E+01  1.604217E+00
203  7.66273737E-04 -2.000000E+01  0.000000E+00 -2.284449E+01  1.680176E+00
204  8.03127028E-04 -2.000000E+01  0.000000E+00 -2.391333E+01  1.759626E+00
205  8.41740308E-04 -2.000000E+01  0.000000E+00 -2.503091E+01  1.842724E+00
206  8.82196731E-04 -2.000000E+01  0.000000E+00 -2.619934E+01  1.929633E+00
207  9.24583311E-04 -2.000000E+01  0.000000E+00 -2.742081E+01  2.020521E+00
208  9.68991106E-04 -2.000000E+01  0.000000E+00 -2.869758E+01  2.115567E+00
209  1.01551539E-03 -2.000000E+01  0.000000E+00 -3.003202E+01  2.214952E+00
210  1.06425586E-03 -2.000000E+01  0.000000E+00 -3.142657E+01  2.318868E+00
211  1.11531680E-03 -2.000000E+01  0.000000E+00 -3.288375E+01  2.427513E+00
212  1.16880735E-03 -2.000000E+01  0.000000E+00 -3.440620E+01  2.541094E+00
213  1.22484164E-03 -2.000000E+01  0.000000E+00 -3.599663E+01  2.659823E+00
214  1.28353910E-03 -2.000000E+01  0.000000E+00 -3.765784E+01  2.783925E+00
215  1.34502462E-03 -2.000000E+01  0.000000E+00 -3.939273E+01  2.913628E+00
216  1.40942885E-03 -2.000000E+01  0.000000E+00 -4.120431E+01  3.049173E+00
217  1.47688843E-03 -2.000000E+01  0.000000E+00 -4.309566E+01  3.190808E+00
218  1.54754626E-03 -2.000000E+01  0.000000E+00 -4.506997E+01  3.338790E+00
219  1.62155179E-03 -2.000000E+01  0.000000E+00 -4.713054E+01  3.493385E+00
220  1.69906127E-03 -2.000000E+01  0.000000E+00 -4.928074E+01  3.654869E+00
221  1.78023809E-03 -2.000000E+01  0.000000E+00 -5.152406E+01  3.823528E+00
222  1.86525310E-03 -2.000000E+01  0.000000E+00 -5.386408E+01  3.999658E+00
223  1.95428489E-03 -2.000000E+01  0.000000E+00 -5.630445E+01  4.183562E+00
224  2.04752017E-03 -2.000000E+01  0.000000E+00 -5.884895E+01  4.375557E+00
225  2.14515412E-03 -2.000000E+01  0.000000E+00 -6.150142E+01  4.575967E+00
226  2.24739072E-03 -2.000000E+01  0.000000E+00 -6.426580E+01  4.785127E+00
227  2.35444321E-03 -2.000000E+01  0.000000E+00 -6.714611E+01  5.003384E+00
228  2.46653438E-03 -2.000000E+01  0.000000E+00 -7.014643E+01  5.231093E+00
229  2.58389711E-03 -2.000000E+01  0.000000E+00 -7.327094E+01  5.468620E+00
230  2.70677469E-03 -2.000000E+01  0.000000E+00 -7.652384E+01  5.716340E+00
231  2.83542134E-03 -2.000000E+01  0.000000E+00 -7.990944E+01  5.974639E+00
232  2.97010264E-03 -2.000000E+01  0.000000E+00 -8.343205E+01  6.243914E+00
233  3.11109604E-03 -2.000000E+01  0.000000E+00 -8.709602E+01  6.524568E+00
234  3.25869134E-03 -2.000000E+01  0.000000E+00 -9.090574E+01  6.817015E+00
235  3.41319123E-03 -2.000000E+01  0.000000E+00 -9.486560E+01  7.121679E+00
236  3.57491182E-03 -2.000000E+01  0.000000E+00 -9.897998E+01  7.438989E+00
237  3.74418324E-03 -2.000000E+01  0.000000E+00 -1.032532E+02  7.769386E+00
238  3.92135016E-03 -2.000000E+01  0.000000E+00 -1.076896E+02  8.113313E+00
239  4.10677246E-03 -2.000000E+01  0.000000E+00 -1.122935E+02  8.471224E+00
240  4.30082586E-03 -2.000000E+01  0.000000E+00 -1.170688E+02  8.843574E+00
241  4.50390252E-03 -2.000000E+01  0.000000E+00 -1.220198E+02  9.230826E+00
242  4.71641177E-03 -2.000000E+01  0.000000E+00 -1.271502E+02  9.633442E+00
243  4.93878081E-03 -2.000000E+01  0.000000E+00 -1.324637E+02  1.005189E+01
244  5.17145542E-03 -2.000000E+01  0.000000E+00 -1.379638E+02  1.048663E+01
245  5.41490075E-03 -2.000000E+01  0.000000E+00 -1.436537E+02  1.093814E+01
246  5.66960206E-03 -2.000000E+01  0.000000E+00 -1.495363E+02  1.140687E+01
247  5.93606558E-03 -2.000000E+01  0.000000E+00 -1.556142E+02  1.189327E+01
248  6.21481933E-03 -2.000000E+01  0.000000E+00 -1.618893E+02  1.239780E+01
249  6.50641400E-03 -2.000000E+01  0.000000E+00 -1.683636E+02  1.292090E+01
250  6.81142383E-03 -2.000000E+01  0.000000E+00 -1.750380E+02  1.346298E+01
251  7.13044759E-03 -2.000000E+01  0.000000E+00 -1.819131E+02  1.402445E+01
252  7.46410950E-03 -2.000000E+01  0.000000E+00 -1.889889E+02  1.460571E+01
253  7.81306027E-03 -2.000000E+01  0.000000E+00 -1.962644E+02  1.520711E+01
254  8.17797809E-03 -2.000000E+01  0.000000E+00 -2.037381E+02  1.582899E+01
255  8.55956975E-03 -2.000000E+01  0.000000E+00 -2.114072E+02  1.647166E+01
256  8.95857171E-03 -2.000000E+01  0.000000E+00 -2.192683E+02  1.713539E+01
257  9.37575124E-03 -2.000000E+01  0.000000E+00 -2.273166E+02  1.782039E+01
258  9.81190760E-03 -2.000000E+01  0.000000E+00 -2.355461E+02  1.852684E+01
259  1.02678733E-02 -2.000000E+01  0.000000E+00 -2.439498E+02  1.925488E+01
260  1.07445152E-02 -2.000000E+01  0.000000E+00 -2.525187E+02  2.000456E+01
261  1.12427361E-02 -2.000000E+01  0.000000E+00 -2.612427E+02  2.077588E+01
262  1.17634756E-02 -2.000000E+01  0.000000E+00 -2.701098E+02  2.156875E+01
263  1.23077122E-02 -2.000000E+01  0.000000E+00 -2.791061E+02  2.238303E+01
264  1.28764638E-02 -2.000000E+01  0.000000E+00 -2.882158E+02  2.321845E+01
265  1.34707899E-02 -2.000000E+01  0.000000E+00 -2.974209E+02  2.407467E+01
266  1.40917928E-02 -2.000000E+01  0.000000E+00 -3.067010E+02  2.495121E+01
267  1.47406191E-02 -2.000000E+01  0.000000E+00 -3.160335E+02  2.584751E+01
268  1.54184614E-02 -2.000000E+01  0.000000E+00 -3.253929E+02  2.676284E+01
269  1.61265599E-02 -2.000000E+01  0.000000E+00 -3.347512E+02  2.769636E+01
270  1.68662040E-02 -2.000000E+01  0.000000E+00 -3.440771E+02  2.864706E+01
271  1.76387341E-02 -2.000000E+01  0.000000E+00 -3.533364E+02  2.961378E+01
272  1.84455433E-02 -2.000000E+01  0.000000E+00 -3.624915E+02  3.059516E+01
273  1.92880794E-02 -2.000000E+01  0.000000E+00 -3.715016E+02  3.158969E+01
274  2.01678465E-02 -2.000000E+01  0.000000E+00 -3.803220E+02  3.259561E+01
275  2.10864069E-02 -2.000000E+01  0.000000E+00 -3.889044E+02  3.361099E+01
276  2.20453834E-02 -2.000000E+01  0.000000E+00 -3.971967E+02  3.463364E+01
277  2.30464609E-02 -2.000000E+01  0.000000E+00 -4.051426E+02  3.566116E+01
278  2.40913885E-02 -2.000000E+01  0.000000E+00 -4.126819E+02  3.669087E+01
279  2.51819819E-02 -2.000000E+01  0.000000E+00 -4.197503E+02  3.771983E+01
280  2.63201252E-02 -2.000000E+01  0.000000E+00 -4.262793E+02  3.874483E+01
281  2.75077732E-02 -2.000000E+01  0.000000E+00 -4.321960E+02  3.976236E+01
282  2.87469537E-02 -2.000000E+01  0.000000E+00 -4.374235E+02  4.076863E+01
283  3.00397695E-02 -2.000000E+01  0.000000E+00 -4.418810E+02  4.175952E+01
284  3.13884010E-02 -2.000000E+01  0.000000E+00 -4.454834E+02  4.273060E+01
285  3.27951087E-02 -2.000000E+01  0.000000E+00 -4.481421E+02  4.367710E+01
286  3.42622349E-02 -2.000000E+01  0.000000E+00 -4.497650E+02  4.459395E+01
287  3.57922069E-02 -2.000000E+01  0.000000E+00 -4.502569E+02  4.547573E+01
288  3.73875393E-02 -2.000000E+01  0.000000E+00 -4.495197E+02  4.631669E+01
289  3.90508361E-02 -2.000000E+01  0.000000E+00 -4.474533E+02  4.711075E+01
290  4.07847937E-02 -2.000000E+01  0.000000E+00 -4.439558E+02  4.785153E+01
291  4.25922036E-02 -2.000000E+01  0.000000E+00 -4.389247E+02  4.853232E+01
292  4.44759545E-02 -2.000000E+01  0.000000E+00 -4.322574E+02  4.914613E+01
293  4.64390355E-02 -2.000000E+01  0.000000E+00 -4.238522E+02  4.968570E+01
294  4.84845385E-02 -2.000000E+01  0.000000E+00 -4.136095E+02  5.014352E+01
295  5.06156609E-02 -2.000000E+01  0.000000E+00 -4.014332E+02  5.051187E+01
296  5.28357089E-02 -2.000000E+01  0.000000E+00 -3.872318E+02  5.078285E+01
297  5.51480995E-02 -2.000000E+01  0.000000E+00 -3.709200E+02  5.094845E+01
298  5.75563637E-02 -2.000000E+01  0.000000E+00 -3.524207E+02  5.100058E+01
299  6.00641497E-02 -2.000000E+01  0.000000E+00 -3.316667E+02  5.093114E+01
300  6.26752250E-02 -2.000000E+01  0.000000E+00 -3.086024E+02  5.073209E+01
301  6.53934798E-02 -2.000000E+01  0.000000E+00 -2.831865E+02  5.039554E+01
302  6.82229298E-02 -2.000000E+01  0.000000E+00 -2.553940E+02  4.991383E+01
303  7.11677191E-02 -2.000000E+01  0.000000E+00 -2.252186E+02  4.927960E+01
304  7.42321229E-02 -2.000000E+01  0.000000E+00 -1.926753E+02  4.848597E+01
305  7.74205507E-02 -2.000000E+01  0.000000E+00 -1.578031E+02  4.752657E+01
306  8.07375489E-02 -2.000000E+01  0.000000E+00 -1.206675E+02  4.639574E+01
307  8.41878041E-02 -2.000000E+01  0.000000E+00 -8.136298E+01  4.508861E+01
308  8.77761457E-02 -2.000000E+01  0.000000E+00 -4.001618E+01  4.360127E+01
309  9.15075488E-02 -2.000000E+01  0.000000E+00  3.212065E+00  4.193091E+01
310  9.53871373E-02 -2.000000E+01  0.000000E+00  4.812417E+01  4.007597E+01
311  9.94201864E-02 -2.000000E+01  0.000000E+00  9.448361E+01  3.803630E+01
312  1.03612126E-01 -2.000000E+01  0.000000E+00  1.420131E+02  3.581332E+01
313  1.07968543E-01 -2.000000E+01  0.000000E+00  1.903931E+02  3.341018E+01
314  1.12495184E-01 -2.000000E+01  0.000000E+00  2.392607E+02  3.083190E+01
315  1.17197958E-01 -2.000000E+01  0.000000E+00  2.882095E+02  2.808554E+01
316  1.22082941E-01 -2.000000E+01  0.000000E+00  3.367893E+02  2.518031E+01
317  1.27156375E-01 -2.000000E+01  0.000000E+00  3.845078E+02  2.212770E+01
318  1.32424675E-01 -2.000000E+01  0.000000E+00  4.308321E+02  1.894162E+01
319  1.37894427E-01 -2.000000E+01  0.000000E+00  4.751919E+02  1.563843E+01
320  1.43572393E-01 -2.000000E+01  0.000000E+00  5.169832E+02  1.223701E+01
321  1.49465515E-01 -2.000000E+01  0.000000E+00  5.555742E+02  8.758814E+00
322  1.55580915E-01 -2.000000E+01  0.000000E+00  5.903115E+02  5.227798E+00
323  1.61925895E-01 -2.000000E+01  0.000000E+00  6.205283E+02  1.670395E+00
324  1.68507947E-01 -2.000000E+01  0.000000E+00  6.455538E+02 -1.884608E+00
325  1.75334747E-01 -2.000000E+01  0.000000E+00  6.647239E+02 -5.406230E+00
326  1.82414160E-01 -2.000000E+01  0.000000E+00  6.773940E+02 -8.861525E+00
327  1.89754244E-01 -2.000000E+01  0.000000E+00  6.829523E+02 -1.221586E+01
328  1.97363249E-01 -2.000000E+01  0.000000E+00  6.808351E+02 -1.543325E+01
329  2.05249622E-01 -2.000000E+01  0.000000E+00  6.705429E+02 -1.847683E+01
330  2.13422004E-01 -2.000000E+01  0.000000E+00  6.516574E+02 -2.130924E+01
331  2.21889235E-01 -2.000000E+01  0.000000E+00  6.238597E+02 -2.389327E+01
332  2.30660356E-01 -2.000000E+01  0.000000E+00  5.869475E+02 -2.619242E+01
333  2.39744608E-01 -2.000000E+01  0.000000E+00  5.408541E+02 -2.817158E+01
334  2.49151433E-01 -2.000000E+01  0.000000E+00  4.856648E+02 -2.979773E+01
335  2.58890479E-01 -2.000000E+01  0.000000E+00  4.216340E+02 -3.104074E+01
336  2.68971597E-01 -2.000000E+01  0.000000E+00  3.491991E+02 -3.187414E+01
337  2.79404841E-01 -2.000000E+01  0.000000E+00  2.689926E+02 -3.227590E+01
338  2.90200476E-01 -2.000000E+01  0.000000E+00  1.818515E+02 -3.222926E+01
339  3.01368969E-01 -2.000000E+01  0.000000E+00  8.882185E+01 -3.172348E+01
340  3.12920995E-01 -2.000000E+01  0.000000E+00 -8.840613E+00 -3.075459E+01
341  3.24867438E-01 -2.000000E+01  0.000000E+00 -1.096752E+02 -2.932600E+01
342  3.37219387E-01 -2.000000E+01  0.000000E+00 -2.120270E+02 -2.744912E+01
343  3.49988140E-01 -2.000000E+01  0.000000E+00 -3.140647E+02 -2.514373E+01
344  3.63185202E-01 -2.000000E+01  0.000000E+00 -4.138042E+02 -2.243830E+01
345  3.76822285E-01 -2.000000E+01  0.000000E+00 -5.091411E+02 -1.937008E+01
346  3.90911307E-01 -2.000000E+01  0.000000E+00 -5.978890E+02 -1.598502E+01
347  4.05464393E-01 -2.000000E+01  0.000000E+00 -6.778264E+02 -1.233740E+01
348  4.20493873E-01 -2.000000E+01  0.000000E+00 -7.467494E+02 -8.489344E+00
349  4.36012281E-01 -2.000000E+01  0.000000E+00 -8.025311E+02 -4.509932E+00
350  4.52032355E-01 -2.000000E+01  0.000000E+00 -8.431858E+02 -4.741770E-01
351  4.68567036E-01 -2.000000E+01  0.000000E+00 -8.669371E+02  3.538322E+00
352  4.85629463E-01 -2.000000E+01  0.000000E+00 -8.722873E+02  7.444949E+00
353  5.03232979E-01 -2.000000E+01  0.000000E+00 -8.580873E+02  1.116187E+01
354  5.21391122E-01 -2.000000E+01  0.000000E+00 -8.236030E+02  1.460601E+01
355  5.40117625E-01 -2.000000E+01  0.000000E+00 -7.685775E+02  1.769723E+01
356  5.59426420E-01 -2.000000E+01  0.000000E+00 -6.932842E+02  2.036051E+01
357  5.79331626E-01 -2.000000E+01  0.000000E+00 -5.985691E+02  2.252830E+01
358  5.99847554E-01 -2.000000E+01  0.000000E+00 -4.858793E+02  2.414270E+01
359  6.20988705E-01 -2.000000E+01  0.000000E+00 -3.572742E+02  2.515767E+01
360  6.42769763E-01 -2.000000E+01  0.000000E+00 -2.154180E+02  2.554093E+01
361  6.65205594E-01 -2.000000E+01  0.000000E+00 -6.354998E+01  2.527564E+01
362  6.88311245E-01 -2.000000E+01  0.000000E+00  9.456792E+01  2.436176E+01
363  7.12101942E-01 -2.000000E+01  0.000000E+00  2.547268E+02  2.281691E+01
364  7.36593081E-01 -2.000000E+01  0.000000E+00  4.123708E+02  2.067674E+01
365  7.61800234E-01 -2.000000E+01  0.000000E+00  5.627186E+02  1.799478E+01
366  7.87739137E-01 -2.000000E+01  0.000000E+00  7.009065E+02  1.484162E+01
367  8.14425693E-01 -2.000000E+01  0.000000E+00  8.221466E+02  1.130356E+01
368  8.41875965E-01 -2.000000E+01  0.000000E+00  9.218985E+02  7.480510E+00
369  8.70106174E-01 -2.000000E+01  0.000000E+00  9.960473E+02  3.483451E+00
370  8.99132695E-01 -2.000000E+01  0.000000E+00  1.041081E+03 -5.687764E-01
371  9.28972055E-01 -2.000000E+01  0.000000E+00  1.054263E+03 -4.553062E+00
372  9.59640926E-01 -2.000000E+01  0.000000E+00  1.033784E+03 -8.345990E+00
373  9.91156123E-01 -2.000000E+01  0.000000E+00  9.789001E+02 -1.182802E+01
374  1.02353460E+00 -2.000000E+01  0.000000E+00  8.900300E+02 -1.488772E+01
375  1.05679345E+00 -2.000000E+01  0.000000E+00  7.688206E+02 -1.742593E+01
376  1.09094988E+00 -2.000000E+01  0.000000E+00  6.181660E+02 -1.935960E+01
377  1.12602125E+00 -2.000000E+01  0.000000E+00  4.421780E+02 -2.062522E+01
378  1.16202503E+00 -2.000000E+01  0.000000E+00  2.461041E+02 -2.118164E+01
379  1.19897880E+00 -2.000000E+01  0.000000E+00  3.619382E+01 -2.101211E+01
380  1.23690026E+00 -2.000000E+01  0.000000E+00 -1.804871E+02 -2.012540E+01
381  1.27580722E+00 -2.000000E+01  0.000000E+00 -3.962879E+02 -1.855605E+01
382  1.31571760E+00 -2.000000E+01  0.000000E+00 -6.032446E+02 -1.636344E+01
383  1.35664942E+00 -2.000000E+01  0.000000E+00 -7.933814E+02 -1.362996E+01
384  1.39862079E+00 -2.000000E+01  0.000000E+00 -9.590309E+02 -1.045812E+01
385  1.44164990E+00 -2.000000E+01  0.000000E+00 -1.093159E+03 -6.966818E+00
386  1.48575507E+00 -2.000000E+01  0.000000E+00 -1.189683E+03 -3.286755E+00
387  1.53095466E+00 -2.000000E+01  0.000000E+00 -1.243758E+03  4.446175E-01
388  1.57726712E+00 -2.000000E+01  0.000000E+00 -1.252034E+03  4.088577E+00
389  1.62471098E+00 -2.000000E+01  0.000000E+00 -1.212850E+03  7.510707E+00
390  1.67330485E+00 -2.000000E+01  0.000000E+00 -1.126368E+03  1.058635E+01
391  1.72306738E+00 -2.000000E+01  0.000000E+00 -9.946289E+02  1.320564E+01
392  1.77401730E+00 -2.000000E+01  0.000000E+00 -8.215327E+02  1.527798E+01
393  1.82617338E+00 -2.000000E+01  0.000000E+00 -6.127288E+02  1.673556E+01
394  1.87955447E+00 -2.000000E+01  0.000000E+00 -3.754304E+02  1.753596E+01
395  1.93417943E+00 -2.000000E+01  0.000000E+00 -1.181519E+02  1.766359E+01
396  1.99006719E+00 -2.000000E+01  0.000000E+00  1.496174E+02  1.712983E+01
397  2.04723671E+00 -2.000000E+01  0.000000E+00  4.177905E+02  1.597211E+01
398  2.10570699E+00 -2.000000E+01  0.000000E+00  6.760929E+02  1.425382E+01
399  2.16549704E+00 -2.000000E+01  0.000000E+00  3.071619E+03  4.046079E+01
