#      n =  4
#  kappa = -1
# energy = -7.82589607E+02
#     vc = -1.56424280E+16


0    4.16666667E-08 -1.772166E-02  0.000000E+00 -0.000000E+00  3.314572E+03
1    4.36977938E-08 -1.858554E-02  0.000000E+00  2.384733E-02  3.314572E+03
2    4.58279267E-08 -1.949153E-02  0.000000E+00  4.885708E-02  3.160506E+03
3    4.80618909E-08 -2.044168E-02  0.000000E+00  7.508591E-02  3.013602E+03
4    5.04047471E-08 -2.143814E-02  0.000000E+00  1.025932E-01  2.873527E+03
5    5.28618026E-08 -2.248318E-02  0.000000E+00  1.314414E-01  2.739964E+03
6    5.54386235E-08 -2.357915E-02  0.000000E+00  1.616956E-01  2.612608E+03
7    5.81410468E-08 -2.472855E-02  0.000000E+00  1.934246E-01  2.491173E+03
8    6.09751944E-08 -2.593396E-02  0.000000E+00  2.267002E-01  2.375383E+03
9    6.39474861E-08 -2.719814E-02  0.000000E+00  2.615976E-01  2.264974E+03
10   6.70646548E-08 -2.852393E-02  0.000000E+00  2.981961E-01  2.159698E+03
11   7.03337615E-08 -2.991435E-02  0.000000E+00  3.365785E-01  2.059316E+03
12   7.37622110E-08 -3.137253E-02  0.000000E+00  3.768317E-01  1.963599E+03
13   7.73577694E-08 -3.290180E-02  0.000000E+00  4.190469E-01  1.872332E+03
14   8.11285807E-08 -3.450560E-02  0.000000E+00  4.633197E-01  1.785307E+03
15   8.50831862E-08 -3.618757E-02  0.000000E+00  5.097505E-01  1.702327E+03
16   8.92305431E-08 -3.795152E-02  0.000000E+00  5.584443E-01  1.623204E+03
17   9.35800452E-08 -3.980145E-02  0.000000E+00  6.095116E-01  1.547759E+03
18   9.81415440E-08 -4.174154E-02  0.000000E+00  6.630678E-01  1.475821E+03
19   1.02925371E-07 -4.377620E-02  0.000000E+00  7.192344E-01  1.407227E+03
20   1.07942361E-07 -4.591002E-02  0.000000E+00  7.781385E-01  1.341821E+03
21   1.13203876E-07 -4.814784E-02  0.000000E+00  8.399136E-01  1.279456E+03
22   1.18721834E-07 -5.049474E-02  0.000000E+00  9.046996E-01  1.219989E+03
23   1.24508732E-07 -5.295601E-02  0.000000E+00  9.726432E-01  1.163287E+03
24   1.30577674E-07 -5.553725E-02  0.000000E+00  1.043898E+00  1.109220E+03
25   1.36942407E-07 -5.824429E-02  0.000000E+00  1.118626E+00  1.057666E+03
26   1.43617343E-07 -6.108327E-02  0.000000E+00  1.196996E+00  1.008509E+03
27   1.50617599E-07 -6.406061E-02  0.000000E+00  1.279186E+00  9.616362E+02
28   1.57959028E-07 -6.718305E-02  0.000000E+00  1.365381E+00  9.169424E+02
29   1.65658256E-07 -7.045768E-02  0.000000E+00  1.455777E+00  8.743260E+02
30   1.73732716E-07 -7.389189E-02  0.000000E+00  1.550579E+00  8.336905E+02
31   1.82200694E-07 -7.749348E-02  0.000000E+00  1.650000E+00  7.949437E+02
32   1.91081365E-07 -8.127058E-02  0.000000E+00  1.754268E+00  7.579979E+02
33   2.00394838E-07 -8.523177E-02  0.000000E+00  1.863617E+00  7.227694E+02
34   2.10162202E-07 -8.938600E-02  0.000000E+00  1.978294E+00  6.891784E+02
35   2.20405573E-07 -9.374268E-02  0.000000E+00  2.098561E+00  6.571487E+02
36   2.31148144E-07 -9.831168E-02  0.000000E+00  2.224689E+00  6.266077E+02
37   2.42414239E-07 -1.031033E-01  0.000000E+00  2.356963E+00  5.974863E+02
38   2.54229367E-07 -1.081285E-01  0.000000E+00  2.495684E+00  5.697184E+02
39   2.66620276E-07 -1.133986E-01  0.000000E+00  2.641164E+00  5.432412E+02
40   2.79615022E-07 -1.189254E-01  0.000000E+00  2.793735E+00  5.179946E+02
41   2.93243023E-07 -1.247216E-01  0.000000E+00  2.953740E+00  4.939215E+02
42   3.07535133E-07 -1.308003E-01  0.000000E+00  3.121543E+00  4.709673E+02
43   3.22523708E-07 -1.371751E-01  0.000000E+00  3.297522E+00  4.490800E+02
44   3.38242677E-07 -1.438606E-01  0.000000E+00  3.482077E+00  4.282099E+02
45   3.54727626E-07 -1.508719E-01  0.000000E+00  3.675626E+00  4.083099E+02
46   3.72015871E-07 -1.582248E-01  0.000000E+00  3.878606E+00  3.893348E+02
47   3.90146547E-07 -1.659359E-01  0.000000E+00  4.091476E+00  3.712416E+02
48   4.09160692E-07 -1.740229E-01  0.000000E+00  4.314720E+00  3.539893E+02
49   4.29101346E-07 -1.825038E-01  0.000000E+00  4.548841E+00  3.375389E+02
50   4.50013643E-07 -1.913980E-01  0.000000E+00  4.794371E+00  3.218530E+02
51   4.71944914E-07 -2.007255E-01  0.000000E+00  5.051864E+00  3.068961E+02
52   4.94944797E-07 -2.105075E-01  0.000000E+00  5.321903E+00  2.926344E+02
53   5.19065345E-07 -2.207661E-01  0.000000E+00  5.605100E+00  2.790355E+02
54   5.44361146E-07 -2.315245E-01  0.000000E+00  5.902095E+00  2.660686E+02
55   5.70889447E-07 -2.428070E-01  0.000000E+00  6.213561E+00  2.537043E+02
56   5.98710281E-07 -2.546392E-01  0.000000E+00  6.540203E+00  2.419146E+02
57   6.27886602E-07 -2.670478E-01  0.000000E+00  6.882759E+00  2.306728E+02
58   6.58484434E-07 -2.800609E-01  0.000000E+00  7.242005E+00  2.199534E+02
59   6.90573009E-07 -2.937080E-01  0.000000E+00  7.618753E+00  2.097322E+02
60   7.24224933E-07 -3.080198E-01  0.000000E+00  8.013856E+00  1.999859E+02
61   7.59516347E-07 -3.230288E-01  0.000000E+00  8.428208E+00  1.906926E+02
62   7.96527096E-07 -3.387689E-01  0.000000E+00  8.862747E+00  1.818310E+02
63   8.35340912E-07 -3.552756E-01  0.000000E+00  9.318454E+00  1.733812E+02
64   8.76045604E-07 -3.725864E-01  0.000000E+00  9.796363E+00  1.653240E+02
65   9.18733254E-07 -3.907403E-01  0.000000E+00  1.029755E+01  1.576411E+02
66   9.63500424E-07 -4.097783E-01  0.000000E+00  1.082316E+01  1.503152E+02
67   1.01044838E-06 -4.297435E-01  0.000000E+00  1.137437E+01  1.433295E+02
68   1.05968331E-06 -4.506809E-01  0.000000E+00  1.195242E+01  1.366684E+02
69   1.11131657E-06 -4.726380E-01  0.000000E+00  1.255864E+01  1.303167E+02
70   1.16546494E-06 -4.956642E-01  0.000000E+00  1.319439E+01  1.242599E+02
71   1.22225088E-06 -5.198116E-01  0.000000E+00  1.386110E+01  1.184844E+02
72   1.28180281E-06 -5.451347E-01  0.000000E+00  1.456029E+01  1.129771E+02
73   1.34425540E-06 -5.716906E-01  0.000000E+00  1.529353E+01  1.077254E+02
74   1.40974986E-06 -5.995393E-01  0.000000E+00  1.606248E+01  1.027176E+02
75   1.47843428E-06 -6.287437E-01  0.000000E+00  1.686889E+01  9.794211E+01
76   1.55046396E-06 -6.593695E-01  0.000000E+00  1.771457E+01  9.338822E+01
77   1.62600173E-06 -6.914860E-01  0.000000E+00  1.860144E+01  8.904558E+01
78   1.70521838E-06 -7.251653E-01  0.000000E+00  1.953150E+01  8.490432E+01
79   1.78829297E-06 -7.604836E-01  0.000000E+00  2.050685E+01  8.095505E+01
80   1.87541329E-06 -7.975202E-01  0.000000E+00  2.152970E+01  7.718879E+01
81   1.96677626E-06 -8.363587E-01  0.000000E+00  2.260236E+01  7.359698E+01
82   2.06258836E-06 -8.770864E-01  0.000000E+00  2.372726E+01  7.017147E+01
83   2.16306613E-06 -9.197950E-01  0.000000E+00  2.490692E+01  6.690446E+01
84   2.26843665E-06 -9.645804E-01  0.000000E+00  2.614403E+01  6.378852E+01
85   2.37893800E-06 -1.011543E+00  0.000000E+00  2.744138E+01  6.081654E+01
86   2.49481987E-06 -1.060789E+00  0.000000E+00  2.880188E+01  5.798177E+01
87   2.61634408E-06 -1.112429E+00  0.000000E+00  3.022863E+01  5.527772E+01
88   2.74378518E-06 -1.166578E+00  0.000000E+00  3.172484E+01  5.269823E+01
89   2.87743105E-06 -1.223357E+00  0.000000E+00  3.329389E+01  5.023739E+01
90   3.01758360E-06 -1.282895E+00  0.000000E+00  3.493932E+01  4.788958E+01
91   3.16455936E-06 -1.345323E+00  0.000000E+00  3.666485E+01  4.564940E+01
92   3.31869029E-06 -1.410782E+00  0.000000E+00  3.847438E+01  4.351171E+01
93   3.48032446E-06 -1.479417E+00  0.000000E+00  4.037198E+01  4.147158E+01
94   3.64982686E-06 -1.551382E+00  0.000000E+00  4.236194E+01  3.952431E+01
95   3.82758020E-06 -1.626837E+00  0.000000E+00  4.444875E+01  3.766538E+01
96   4.01398580E-06 -1.705949E+00  0.000000E+00  4.663713E+01  3.589048E+01
97   4.20946448E-06 -1.788893E+00  0.000000E+00  4.893200E+01  3.419546E+01
98   4.41445749E-06 -1.875855E+00  0.000000E+00  5.133854E+01  3.257636E+01
99   4.62942750E-06 -1.967025E+00  0.000000E+00  5.386218E+01  3.102937E+01
100  4.85485967E-06 -2.062604E+00  0.000000E+00  5.650862E+01  2.955082E+01
101  5.09126272E-06 -2.162804E+00  0.000000E+00  5.928381E+01  2.813719E+01
102  5.33917007E-06 -2.267844E+00  0.000000E+00  6.219401E+01  2.678508E+01
103  5.59914104E-06 -2.377953E+00  0.000000E+00  6.524578E+01  2.549123E+01
104  5.87176208E-06 -2.493372E+00  0.000000E+00  6.844600E+01  2.425248E+01
105  6.15764815E-06 -2.614351E+00  0.000000E+00  7.180187E+01  2.306576E+01
106  6.45744404E-06 -2.741152E+00  0.000000E+00  7.532095E+01  2.192810E+01
107  6.77182582E-06 -2.874048E+00  0.000000E+00  7.901117E+01  2.083663E+01
108  7.10150238E-06 -3.013324E+00  0.000000E+00  8.288082E+01  1.978853E+01
109  7.44721702E-06 -3.159277E+00  0.000000E+00  8.693862E+01  1.878106E+01
110  7.80974909E-06 -3.312216E+00  0.000000E+00  9.119369E+01  1.781153E+01
111  8.18991574E-06 -3.472464E+00  0.000000E+00  9.565560E+01  1.687730E+01
112  8.58857377E-06 -3.640355E+00  0.000000E+00  1.003344E+02  1.597576E+01
113  9.00662153E-06 -3.816238E+00  0.000000E+00  1.052405E+02  1.510434E+01
114  9.44500094E-06 -4.000474E+00  0.000000E+00  1.103851E+02  1.426047E+01
115  9.90469958E-06 -4.193438E+00  0.000000E+00  1.157796E+02  1.344159E+01
116  1.03867529E-05 -4.395519E+00  0.000000E+00  1.214361E+02  1.264514E+01
117  1.08922466E-05 -4.607118E+00  0.000000E+00  1.273674E+02  1.186853E+01
118  1.14223189E-05 -4.828650E+00  0.000000E+00  1.335867E+02  1.110915E+01
119  1.19781634E-05 -5.060543E+00  0.000000E+00  1.401079E+02  1.036434E+01
120  1.25610311E-05 -5.303238E+00  0.000000E+00  1.469457E+02  9.631400E+00
121  1.31722341E-05 -5.557187E+00  0.000000E+00  1.541154E+02  8.907540E+00
122  1.38131478E-05 -5.822852E+00  0.000000E+00  1.616329E+02  8.189893E+00
123  1.44852142E-05 -6.100707E+00  0.000000E+00  1.695150E+02  7.475490E+00
124  1.51899452E-05 -6.391230E+00  0.000000E+00  1.777794E+02  6.761242E+00
125  1.59289260E-05 -6.694911E+00  0.000000E+00  1.864445E+02  6.043927E+00
126  1.67038182E-05 -7.012238E+00  0.000000E+00  1.955295E+02  5.320167E+00
127  1.75163642E-05 -7.343706E+00  0.000000E+00  2.050546E+02  4.586408E+00
128  1.83683906E-05 -7.689803E+00  0.000000E+00  2.150411E+02  3.838903E+00
129  1.92618123E-05 -8.051013E+00  0.000000E+00  2.255110E+02  3.073687E+00
130  2.01986368E-05 -8.427809E+00  0.000000E+00  2.364876E+02  2.286552E+00
131  2.11809688E-05 -8.820646E+00  0.000000E+00  2.479951E+02  1.473029E+00
132  2.22110148E-05 -9.229955E+00  0.000000E+00  2.600590E+02  6.283584E-01
133  2.32910879E-05 -9.656136E+00  0.000000E+00  2.727058E+02 -2.525359E-01
134  2.44236130E-05 -1.009955E+01  0.000000E+00  2.859633E+02 -1.175071E+00
135  2.56111323E-05 -1.056049E+01  0.000000E+00  2.998607E+02 -2.145031E+00
136  2.68563107E-05 -1.103921E+01  0.000000E+00  3.144285E+02 -3.168597E+00
137  2.81619418E-05 -1.153585E+01  0.000000E+00  3.296984E+02 -4.252370E+00
138  2.95309544E-05 -1.205048E+01  0.000000E+00  3.457037E+02 -5.403397E+00
139  3.09664184E-05 -1.258302E+01  0.000000E+00  3.624793E+02 -6.629192E+00
140  3.24715520E-05 -1.313327E+01  0.000000E+00  3.800615E+02 -7.937758E+00
141  3.40497289E-05 -1.370083E+01  0.000000E+00  3.984883E+02 -9.337598E+00
142  3.57044852E-05 -1.428511E+01  0.000000E+00  4.177994E+02 -1.083773E+01
143  3.74395280E-05 -1.488527E+01  0.000000E+00  4.380364E+02 -1.244767E+01
144  3.92587429E-05 -1.550015E+01  0.000000E+00  4.592425E+02 -1.417744E+01
145  4.11662029E-05 -1.612829E+01  0.000000E+00  4.814630E+02 -1.603753E+01
146  4.31661774E-05 -1.676777E+01  0.000000E+00  5.047450E+02 -1.803886E+01
147  4.52631415E-05 -1.741624E+01  0.000000E+00  5.291381E+02 -2.019269E+01
148  4.74617858E-05 -1.807075E+01  0.000000E+00  5.546935E+02 -2.251055E+01
149  4.97670270E-05 -1.872772E+01  0.000000E+00  5.814650E+02 -2.500406E+01
150  5.21840183E-05 -1.938279E+01  0.000000E+00  6.095089E+02 -2.768479E+01
151  5.47181610E-05 -2.003071E+01  0.000000E+00  6.388838E+02 -3.056396E+01
152  5.73751165E-05 -2.066519E+01  0.000000E+00  6.696509E+02 -3.365217E+01
153  6.01608183E-05 -2.127874E+01  0.000000E+00  7.018744E+02 -3.695892E+01
154  6.30814852E-05 -2.186244E+01  0.000000E+00  7.356213E+02 -4.049216E+01
155  6.61436351E-05 -2.240576E+01  0.000000E+00  7.709620E+02 -4.425383E+01
156  6.93540991E-05 -2.289626E+01  0.000000E+00  8.079702E+02 -4.828632E+01
157  7.27200364E-05 -2.331931E+01  0.000000E+00  8.467231E+02 -5.294992E+01
158  7.62489499E-05 -2.365772E+01  0.000000E+00  8.873037E+02 -5.373822E+01
159  7.99487029E-05 -2.389135E+01  0.000000E+00  9.298468E+02 -5.717258E+01
160  8.38275359E-05 -2.399668E+01  0.000000E+00  9.743433E+02 -8.005848E+01
161  8.78940846E-05 -2.400000E+01  0.000000E+00  1.020757E+03 -7.372077E+01
162  9.21573989E-05 -2.400000E+01  0.000000E+00  1.069697E+03 -6.614314E+01
163  9.66269625E-05 -2.400000E+01  0.000000E+00  1.120808E+03 -8.308768E+01
164  1.01312713E-04 -2.400000E+01  0.000000E+00  1.174327E+03 -8.775415E+01
165  1.06225065E-04 -2.400000E+01  0.000000E+00  1.230374E+03 -9.330119E+01
166  1.11374931E-04 -2.400000E+01  0.000000E+00  1.289067E+03 -9.921182E+01
167  1.16773745E-04 -2.400000E+01  0.000000E+00  1.350531E+03 -1.053275E+02
168  1.22433489E-04 -2.400000E+01  0.000000E+00  1.414895E+03 -1.116695E+02
169  1.28366717E-04 -2.400000E+01  0.000000E+00  1.482296E+03 -1.182520E+02
170  1.34586583E-04 -2.400000E+01  0.000000E+00  1.552875E+03 -1.250889E+02
171  1.41106870E-04 -2.400000E+01  0.000000E+00  1.626780E+03 -1.321947E+02
172  1.47942018E-04 -2.400000E+01  0.000000E+00  1.704168E+03 -1.395845E+02
173  1.55107156E-04 -2.400000E+01  0.000000E+00  1.785200E+03 -1.472739E+02
174  1.62618136E-04 -2.400000E+01  0.000000E+00  1.870046E+03 -1.552793E+02
175  1.70491564E-04 -2.400000E+01  0.000000E+00  1.958884E+03 -1.636173E+02
176  1.78744837E-04 -2.400000E+01  0.000000E+00  2.051899E+03 -1.723057E+02
177  1.87396181E-04 -2.400000E+01  0.000000E+00  2.149285E+03 -1.813627E+02
178  1.96464690E-04 -2.400000E+01  0.000000E+00  2.251244E+03 -1.908072E+02
179  2.05970363E-04 -2.400000E+01  0.000000E+00  2.357988E+03 -2.006591E+02
180  2.15934154E-04 -2.400000E+01  0.000000E+00  2.469737E+03 -2.109390E+02
181  2.26378009E-04 -2.400000E+01  0.000000E+00  2.586724E+03 -2.216682E+02
182  2.37324916E-04 -2.400000E+01  0.000000E+00  2.709188E+03 -2.328691E+02
183  2.48798956E-04 -2.400000E+01  0.000000E+00  2.837382E+03 -2.445650E+02
184  2.60825348E-04 -2.400000E+01  0.000000E+00  2.971568E+03 -2.567802E+02
185  2.73430510E-04 -2.400000E+01  0.000000E+00  3.112022E+03 -2.695398E+02
186  2.86642107E-04 -2.400000E+01  0.000000E+00  3.259029E+03 -2.828701E+02
187  3.00489114E-04 -2.400000E+01  0.000000E+00  3.412888E+03 -2.967987E+02
188  3.15001878E-04 -2.400000E+01  0.000000E+00  3.573913E+03 -3.113542E+02
189  3.30212177E-04 -2.400000E+01  0.000000E+00  3.742428E+03 -3.265662E+02
190  3.46153291E-04 -2.400000E+01  0.000000E+00  3.918773E+03 -3.424660E+02
191  3.62860068E-04 -2.400000E+01  0.000000E+00  4.103302E+03 -3.590858E+02
192  3.80369001E-04 -2.400000E+01  0.000000E+00  4.296385E+03 -3.764595E+02
193  3.98718299E-04 -2.400000E+01  0.000000E+00  4.498407E+03 -3.946222E+02
194  4.17947972E-04 -2.400000E+01  0.000000E+00  4.709769E+03 -4.136107E+02
195  4.38099909E-04 -2.400000E+01  0.000000E+00  4.930889E+03 -4.334631E+02
196  4.59217968E-04 -2.400000E+01  0.000000E+00  5.162204E+03 -4.542193E+02
197  4.81348065E-04 -2.400000E+01  0.000000E+00  5.404166E+03 -4.759210E+02
198  5.04538269E-04 -2.400000E+01  0.000000E+00  5.657248E+03 -4.986112E+02
199  5.28838901E-04 -2.400000E+01  0.000000E+00  5.921943E+03 -5.223353E+02
200  5.54302640E-04 -2.400000E+01  0.000000E+00  6.198762E+03 -5.471400E+02
201  5.80984624E-04 -2.400000E+01  0.000000E+00  6.488237E+03 -5.730744E+02
202  6.08942570E-04 -2.400000E+01  0.000000E+00  6.790922E+03 -6.001895E+02
203  6.38236887E-04 -2.400000E+01  0.000000E+00  7.107393E+03 -6.285382E+02
204  6.68930802E-04 -2.400000E+01  0.000000E+00  7.438248E+03 -6.581759E+02
205  7.01090484E-04 -2.400000E+01  0.000000E+00  7.784109E+03 -6.891600E+02
206  7.34785183E-04 -2.400000E+01  0.000000E+00  8.145619E+03 -7.215504E+02
207  7.70087363E-04 -2.400000E+01  0.000000E+00  8.523451E+03 -7.554094E+02
208  8.07072856E-04 -2.400000E+01  0.000000E+00  8.918297E+03 -7.908016E+02
209  8.45821007E-04 -2.400000E+01  0.000000E+00  9.330879E+03 -8.277943E+02
210  8.86414834E-04 -2.400000E+01  0.000000E+00  9.761943E+03 -8.664576E+02
211  9.28941198E-04 -2.400000E+01  0.000000E+00  1.021226E+04 -9.068640E+02
212  9.73490969E-04 -2.400000E+01  0.000000E+00  1.068264E+04 -9.490891E+02
213  1.02015921E-03 -2.400000E+01  0.000000E+00  1.117390E+04 -9.932113E+02
214  1.06904537E-03 -2.400000E+01  0.000000E+00  1.168691E+04 -1.039312E+03
215  1.12025345E-03 -2.400000E+01  0.000000E+00  1.222254E+04 -1.087475E+03
216  1.17389227E-03 -2.400000E+01  0.000000E+00  1.278171E+04 -1.137788E+03
217  1.23007561E-03 -2.400000E+01  0.000000E+00  1.336537E+04 -1.190343E+03
218  1.28892247E-03 -2.400000E+01  0.000000E+00  1.397449E+04 -1.245232E+03
219  1.35055731E-03 -2.400000E+01  0.000000E+00  1.461006E+04 -1.302552E+03
220  1.41511025E-03 -2.400000E+01  0.000000E+00  1.527312E+04 -1.362406E+03
221  1.48271736E-03 -2.400000E+01  0.000000E+00  1.596474E+04 -1.424896E+03
222  1.55352091E-03 -2.400000E+01  0.000000E+00  1.668599E+04 -1.490130E+03
223  1.62766964E-03 -2.400000E+01  0.000000E+00  1.743799E+04 -1.558219E+03
224  1.70531902E-03 -2.400000E+01  0.000000E+00  1.822189E+04 -1.629277E+03
225  1.78663159E-03 -2.400000E+01  0.000000E+00  1.903886E+04 -1.703423E+03
226  1.87177723E-03 -2.400000E+01  0.000000E+00  1.989009E+04 -1.780778E+03
227  1.96093350E-03 -2.400000E+01  0.000000E+00  2.077681E+04 -1.861468E+03
228  2.05428596E-03 -2.400000E+01  0.000000E+00  2.170025E+04 -1.945621E+03
229  2.15202851E-03 -2.400000E+01  0.000000E+00  2.266167E+04 -2.033369E+03
230  2.25436377E-03 -2.400000E+01  0.000000E+00  2.366237E+04 -2.124848E+03
231  2.36150344E-03 -2.400000E+01  0.000000E+00  2.470363E+04 -2.220198E+03
232  2.47366869E-03 -2.400000E+01  0.000000E+00  2.578677E+04 -2.319560E+03
233  2.59109055E-03 -2.400000E+01  0.000000E+00  2.691310E+04 -2.423081E+03
234  2.71401038E-03 -2.400000E+01  0.000000E+00  2.808395E+04 -2.530909E+03
235  2.84268023E-03 -2.400000E+01  0.000000E+00  2.930064E+04 -2.643196E+03
236  2.97736335E-03 -2.400000E+01  0.000000E+00  3.056451E+04 -2.760096E+03
237  3.11833464E-03 -2.400000E+01  0.000000E+00  3.187685E+04 -2.881767E+03
238  3.26588114E-03 -2.400000E+01  0.000000E+00  3.323898E+04 -3.008366E+03
239  3.42030255E-03 -2.400000E+01  0.000000E+00  3.465216E+04 -3.140054E+03
240  3.58191173E-03 -2.400000E+01  0.000000E+00  3.611764E+04 -3.276995E+03
241  3.75103526E-03 -2.400000E+01  0.000000E+00  3.763663E+04 -3.419352E+03
242  3.92801402E-03 -2.400000E+01  0.000000E+00  3.921030E+04 -3.567288E+03
243  4.11320375E-03 -2.400000E+01  0.000000E+00  4.083974E+04 -3.720968E+03
244  4.30697568E-03 -2.400000E+01  0.000000E+00  4.252600E+04 -3.880555E+03
245  4.50971715E-03 -2.400000E+01  0.000000E+00  4.427002E+04 -4.046213E+03
246  4.72183227E-03 -2.400000E+01  0.000000E+00  4.607267E+04 -4.218102E+03
247  4.94374261E-03 -2.400000E+01  0.000000E+00  4.793470E+04 -4.396380E+03
248  5.17588787E-03 -2.400000E+01  0.000000E+00  4.985675E+04 -4.581202E+03
249  5.41872662E-03 -2.400000E+01  0.000000E+00  5.183929E+04 -4.772719E+03
250  5.67273708E-03 -2.400000E+01  0.000000E+00  5.388265E+04 -4.971074E+03
251  5.93841786E-03 -2.400000E+01  0.000000E+00  5.598699E+04 -5.176406E+03
252  6.21628879E-03 -2.400000E+01  0.000000E+00  5.815224E+04 -5.388844E+03
253  6.50689174E-03 -2.400000E+01  0.000000E+00  6.037814E+04 -5.608510E+03
254  6.81079147E-03 -2.400000E+01  0.000000E+00  6.266414E+04 -5.835512E+03
255  7.12857655E-03 -2.400000E+01  0.000000E+00  6.500945E+04 -6.069949E+03
256  7.46086027E-03 -2.400000E+01  0.000000E+00  6.741296E+04 -6.311901E+03
257  7.80828158E-03 -2.400000E+01  0.000000E+00  6.987322E+04 -6.561437E+03
258  8.17150605E-03 -2.400000E+01  0.000000E+00  7.238842E+04 -6.818605E+03
259  8.55122693E-03 -2.400000E+01  0.000000E+00  7.495636E+04 -7.083432E+03
260  8.94816616E-03 -2.400000E+01  0.000000E+00  7.757438E+04 -7.355923E+03
261  9.36307546E-03 -2.400000E+01  0.000000E+00  8.023937E+04 -7.636058E+03
262  9.79673742E-03 -2.400000E+01  0.000000E+00  8.294769E+04 -7.923788E+03
263  1.02499667E-02 -2.400000E+01  0.000000E+00  8.569515E+04 -8.219036E+03
264  1.07236110E-02 -2.400000E+01  0.000000E+00  8.847697E+04 -8.521687E+03
265  1.12185528E-02 -2.400000E+01  0.000000E+00  9.128772E+04 -8.831591E+03
266  1.17357098E-02 -2.400000E+01  0.000000E+00  9.412129E+04 -9.148560E+03
267  1.22760369E-02 -2.400000E+01  0.000000E+00  9.697083E+04 -9.472357E+03
268  1.28405273E-02 -2.400000E+01  0.000000E+00  9.982870E+04 -9.802703E+03
269  1.34302138E-02 -2.400000E+01  0.000000E+00  1.026865E+05 -1.013926E+04
270  1.40461700E-02 -2.400000E+01  0.000000E+00  1.055348E+05 -1.048165E+04
271  1.46895123E-02 -2.400000E+01  0.000000E+00  1.083634E+05 -1.082942E+04
272  1.53614007E-02 -2.400000E+01  0.000000E+00  1.111610E+05 -1.118206E+04
273  1.60630408E-02 -2.400000E+01  0.000000E+00  1.139155E+05 -1.153899E+04
274  1.67956853E-02 -2.400000E+01  0.000000E+00  1.166135E+05 -1.189957E+04
275  1.75606352E-02 -2.400000E+01  0.000000E+00  1.192406E+05 -1.226307E+04
276  1.83592417E-02 -2.400000E+01  0.000000E+00  1.217813E+05 -1.262868E+04
277  1.91929081E-02 -2.400000E+01  0.000000E+00  1.242188E+05 -1.299551E+04
278  2.00630910E-02 -2.400000E+01  0.000000E+00  1.265352E+05 -1.336259E+04
279  2.09713023E-02 -2.400000E+01  0.000000E+00  1.287115E+05 -1.372886E+04
280  2.19191112E-02 -2.400000E+01  0.000000E+00  1.307273E+05 -1.409313E+04
281  2.29081454E-02 -2.400000E+01  0.000000E+00  1.325610E+05 -1.445415E+04
282  2.39400935E-02 -2.400000E+01  0.000000E+00  1.341899E+05 -1.481056E+04
283  2.50167070E-02 -2.400000E+01  0.000000E+00  1.355901E+05 -1.516088E+04
284  2.61398014E-02 -2.400000E+01  0.000000E+00  1.367364E+05 -1.550353E+04
285  2.73112591E-02 -2.400000E+01  0.000000E+00  1.376027E+05 -1.583684E+04
286  2.85330310E-02 -2.400000E+01  0.000000E+00  1.381619E+05 -1.615901E+04
287  2.98071383E-02 -2.400000E+01  0.000000E+00  1.383858E+05 -1.646814E+04
288  3.11356750E-02 -2.400000E+01  0.000000E+00  1.382457E+05 -1.676223E+04
289  3.25208098E-02 -2.400000E+01  0.000000E+00  1.377120E+05 -1.703918E+04
290  3.39647882E-02 -2.400000E+01  0.000000E+00  1.367548E+05 -1.729678E+04
291  3.54699348E-02 -2.400000E+01  0.000000E+00  1.353440E+05 -1.753273E+04
292  3.70386554E-02 -2.400000E+01  0.000000E+00  1.334493E+05 -1.774465E+04
293  3.86734391E-02 -2.400000E+01  0.000000E+00  1.310409E+05 -1.793008E+04
294  4.03768609E-02 -2.400000E+01  0.000000E+00  1.280894E+05 -1.808649E+04
295  4.21515837E-02 -2.400000E+01  0.000000E+00  1.245664E+05 -1.821131E+04
296  4.40003606E-02 -2.400000E+01  0.000000E+00  1.204448E+05 -1.830192E+04
297  4.59260373E-02 -2.400000E+01  0.000000E+00  1.156993E+05 -1.835569E+04
298  4.79315547E-02 -2.400000E+01  0.000000E+00  1.103068E+05 -1.836997E+04
299  5.00199506E-02 -2.400000E+01  0.000000E+00  1.042468E+05 -1.834215E+04
300  5.21943629E-02 -2.400000E+01  0.000000E+00  9.750226E+04 -1.826966E+04
301  5.44580312E-02 -2.400000E+01  0.000000E+00  9.005983E+04 -1.815001E+04
302  5.68142999E-02 -2.400000E+01  0.000000E+00  8.191067E+04 -1.798081E+04
303  5.92666202E-02 -2.400000E+01  0.000000E+00  7.305105E+04 -1.775981E+04
304  6.18185525E-02 -2.400000E+01  0.000000E+00  6.348300E+04 -1.748493E+04
305  6.44737691E-02 -2.400000E+01  0.000000E+00  5.321498E+04 -1.715430E+04
306  6.72360564E-02 -2.400000E+01  0.000000E+00  4.226258E+04 -1.676630E+04
307  7.01093175E-02 -2.400000E+01  0.000000E+00  3.064921E+04 -1.631960E+04
308  7.30975744E-02 -2.400000E+01  0.000000E+00  1.840676E+04 -1.581319E+04
309  7.62049705E-02 -2.400000E+01  0.000000E+00  5.576224E+03 -1.524647E+04
310  7.94357731E-02 -2.400000E+01  0.000000E+00 -7.791670E+03 -1.461923E+04
311  8.27943757E-02 -2.400000E+01  0.000000E+00 -2.163596E+04 -1.393174E+04
312  8.62853005E-02 -2.400000E+01  0.000000E+00 -3.588496E+04 -1.318475E+04
313  8.99132002E-02 -2.400000E+01  0.000000E+00 -5.045594E+04 -1.237960E+04
314  9.36828612E-02 -2.400000E+01  0.000000E+00 -6.525487E+04 -1.151817E+04
315  9.75992052E-02 -2.400000E+01  0.000000E+00 -8.017633E+04 -1.060299E+04
316  1.01667292E-01 -2.400000E+01  0.000000E+00 -9.510357E+04 -9.637224E+03
317  1.05892320E-01 -2.400000E+01  0.000000E+00 -1.099088E+05 -8.624710E+03
318  1.10279632E-01 -2.400000E+01  0.000000E+00 -1.244537E+05 -7.569971E+03
319  1.14834714E-01 -2.400000E+01  0.000000E+00 -1.385899E+05 -6.478225E+03
320  1.19563199E-01 -2.400000E+01  0.000000E+00 -1.521604E+05 -5.355386E+03
321  1.24470866E-01 -2.400000E+01  0.000000E+00 -1.650002E+05 -4.208044E+03
322  1.29563647E-01 -2.400000E+01  0.000000E+00 -1.769384E+05 -3.043448E+03
323  1.34847627E-01 -2.400000E+01  0.000000E+00 -1.877994E+05 -1.869463E+03
324  1.40329042E-01 -2.400000E+01  0.000000E+00 -1.974056E+05 -6.945256E+02
325  1.46014287E-01 -2.400000E+01  0.000000E+00 -2.055794E+05  4.724264E+02
326  1.51909914E-01 -2.400000E+01  0.000000E+00 -2.121457E+05  1.622030E+03
327  1.58022632E-01 -2.400000E+01  0.000000E+00 -2.169355E+05  2.744593E+03
328  1.64359315E-01 -2.400000E+01  0.000000E+00 -2.197882E+05  3.830199E+03
329  1.70926996E-01 -2.400000E+01  0.000000E+00 -2.205556E+05  4.868834E+03
330  1.77732874E-01 -2.400000E+01  0.000000E+00 -2.191050E+05  5.850520E+03
331  1.84784312E-01 -2.400000E+01  0.000000E+00 -2.153229E+05  6.765456E+03
332  1.92088838E-01 -2.400000E+01  0.000000E+00 -2.091186E+05  7.604183E+03
333  1.99654152E-01 -2.400000E+01  0.000000E+00 -2.004276E+05  8.357738E+03
334  2.07488118E-01 -2.400000E+01  0.000000E+00 -1.892149E+05  9.017825E+03
335  2.15598770E-01 -2.400000E+01  0.000000E+00 -1.754785E+05  9.576978E+03
336  2.23994316E-01 -2.400000E+01  0.000000E+00 -1.592515E+05  1.002873E+04
337  2.32683129E-01 -2.400000E+01  0.000000E+00 -1.406048E+05  1.036777E+04
338  2.41673760E-01 -2.400000E+01  0.000000E+00 -1.196488E+05  1.059009E+04
339  2.50974926E-01 -2.400000E+01  0.000000E+00 -9.653429E+04  1.069309E+04
340  2.60595521E-01 -2.400000E+01  0.000000E+00 -7.145275E+04  1.067574E+04
341  2.70544609E-01 -2.400000E+01  0.000000E+00 -4.463599E+04  1.053863E+04
342  2.80831429E-01 -2.400000E+01  0.000000E+00 -1.635457E+04  1.028401E+04
343  2.91465390E-01 -2.400000E+01  0.000000E+00  1.308459E+04  9.915872E+03
344  3.02456076E-01 -2.400000E+01  0.000000E+00  4.334155E+04  9.439882E+03
345  3.13813243E-01 -2.400000E+01  0.000000E+00  7.404767E+04  8.863371E+03
346  3.25546819E-01 -2.400000E+01  0.000000E+00  1.048109E+05  8.195232E+03
347  3.37666903E-01 -2.400000E+01  0.000000E+00  1.352220E+05  7.445803E+03
348  3.50183767E-01 -2.400000E+01  0.000000E+00  1.648611E+05  6.626701E+03
349  3.63107852E-01 -2.400000E+01  0.000000E+00  1.933058E+05  5.750628E+03
350  3.76449768E-01 -2.400000E+01  0.000000E+00  2.201384E+05  4.831136E+03
351  3.90220294E-01 -2.400000E+01  0.000000E+00  2.449549E+05  3.882373E+03
352  4.04430379E-01 -2.400000E+01  0.000000E+00  2.673728E+05  2.918803E+03
353  4.19091134E-01 -2.400000E+01  0.000000E+00  2.870393E+05  1.954908E+03
354  4.34213839E-01 -2.400000E+01  0.000000E+00  3.036390E+05  1.004889E+03
355  4.49809934E-01 -2.400000E+01  0.000000E+00  3.169011E+05  8.236564E+01
356  4.65891023E-01 -2.400000E+01  0.000000E+00  3.266047E+05 -7.999219E+02
357  4.82468869E-01 -2.400000E+01  0.000000E+00  3.325844E+05 -1.630380E+03
358  4.99555396E-01 -2.400000E+01  0.000000E+00  3.347332E+05 -2.398815E+03
359  5.17162680E-01 -2.400000E+01  0.000000E+00  3.330049E+05 -3.096640E+03
360  5.35302957E-01 -2.400000E+01  0.000000E+00  3.274135E+05 -3.717055E+03
361  5.53988610E-01 -2.400000E+01  0.000000E+00  3.180324E+05 -4.255172E+03
362  5.73232175E-01 -2.400000E+01  0.000000E+00  3.049906E+05 -4.708090E+03
363  5.93046336E-01 -2.400000E+01  0.000000E+00  2.884677E+05 -5.074929E+03
364  6.13443919E-01 -2.400000E+01  0.000000E+00  2.686867E+05 -5.356802E+03
365  6.34437898E-01 -2.400000E+01  0.000000E+00  2.459061E+05 -5.556746E+03
366  6.56041381E-01 -2.400000E+01  0.000000E+00  2.204099E+05 -5.679608E+03
367  6.78267618E-01 -2.400000E+01  0.000000E+00  1.924963E+05 -5.731894E+03
368  7.01129991E-01 -2.400000E+01  0.000000E+00  1.624661E+05 -5.721590E+03
369  7.24642013E-01 -2.400000E+01  0.000000E+00  1.306095E+05 -5.657966E+03
370  7.48817329E-01 -2.400000E+01  0.000000E+00  9.719326E+04 -5.551375E+03
371  7.73669705E-01 -2.400000E+01  0.000000E+00  6.244621E+04 -5.413053E+03
372  7.99213033E-01 -2.400000E+01  0.000000E+00  2.654550E+04 -5.254949E+03
373  8.25461320E-01 -2.400000E+01  0.000000E+00 -1.039838E+04 -5.089586E+03
374  8.52428694E-01 -2.400000E+01  0.000000E+00 -4.835696E+04 -4.929972E+03
375  8.80129390E-01 -2.400000E+01  0.000000E+00 -8.740018E+04 -4.789589E+03
376  9.08577757E-01 -2.400000E+01  0.000000E+00 -1.277145E+05 -4.682457E+03
377  9.37788245E-01 -2.400000E+01  0.000000E+00 -1.696237E+05 -4.623322E+03
378  9.67775410E-01 -2.400000E+01  0.000000E+00 -2.136131E+05 -4.627974E+03
379  9.98553905E-01 -2.400000E+01  0.000000E+00 -2.603600E+05 -4.713728E+03
380  1.03013848E+00 -2.400000E+01  0.000000E+00 -3.107716E+05 -4.900125E+03
381  1.06254397E+00 -2.400000E+01  0.000000E+00 -3.660346E+05 -5.209893E+03
382  1.09578530E+00 -2.400000E+01  0.000000E+00 -4.276804E+05 -5.670252E+03
383  1.12987749E+00 -2.400000E+01  0.000000E+00 -4.976713E+05 -6.314665E+03
384  1.16483562E+00 -2.400000E+01  0.000000E+00 -5.785173E+05 -7.185185E+03
385  1.20067487E+00 -2.400000E+01  0.000000E+00 -6.734328E+05 -8.335602E+03
386  1.23741048E+00 -2.400000E+01  0.000000E+00 -7.865495E+05 -9.835680E+03
387  1.27505775E+00 -2.400000E+01  0.000000E+00 -9.232065E+05 -1.177690E+04
388  1.31363206E+00 -2.400000E+01  0.000000E+00 -1.090347E+06 -1.428029E+04
389  1.35314886E+00 -2.400000E+01  0.000000E+00 -1.297065E+06 -1.750721E+04
390  1.39362363E+00 -2.400000E+01  0.000000E+00 -1.555358E+06 -2.167425E+04
391  1.43507193E+00 -2.400000E+01  0.000000E+00 -1.881178E+06 -2.707403E+04
392  1.47750936E+00 -2.400000E+01  0.000000E+00 -2.295899E+06 -3.410443E+04
393  1.52095156E+00 -2.400000E+01  0.000000E+00 -2.828380E+06 -4.331000E+04
394  1.56541423E+00 -2.400000E+01  0.000000E+00 -3.517894E+06 -5.544096E+04
395  1.61091310E+00 -2.400000E+01  0.000000E+00 -4.418300E+06 -7.153791E+04
396  1.65746393E+00 -2.400000E+01  0.000000E+00 -5.604048E+06 -9.305452E+04
397  1.70508252E+00 -2.400000E+01  0.000000E+00 -7.178856E+06 -1.220362E+05
398  1.75378471E+00 -2.400000E+01  0.000000E+00 -9.288379E+06 -1.615524E+05
399  1.80358634E+00 -2.400000E+01  0.000000E+00 -4.261221E+07 -7.546796E+05
