#      n =  2
#  kappa = -1
# energy = -2.14838891E+03
#     vc = -4.34258232E+03


0    4.00000000E-08 -1.739341E-02  0.000000E+00 -0.000000E+00  2.767256E-02
1    4.19498778E-08 -1.824129E-02  0.000000E+00  1.950399E-07  2.767256E-02
2    4.39948008E-08 -1.913049E-02  0.000000E+00  3.995868E-07  2.638630E-02
3    4.61394014E-08 -2.006304E-02  0.000000E+00  6.141042E-07  2.515984E-02
4    4.83885378E-08 -2.104104E-02  0.000000E+00  8.390779E-07  2.399039E-02
5    5.07473051E-08 -2.206672E-02  0.000000E+00  1.075018E-06  2.287530E-02
6    5.32210466E-08 -2.314239E-02  0.000000E+00  1.322458E-06  2.181204E-02
7    5.58153658E-08 -2.427049E-02  0.000000E+00  1.581959E-06  2.079821E-02
8    5.85361397E-08 -2.545357E-02  0.000000E+00  1.854109E-06  1.983151E-02
9    6.13895313E-08 -2.669433E-02  0.000000E+00  2.139525E-06  1.890973E-02
10   6.43820042E-08 -2.799556E-02  0.000000E+00  2.438852E-06  1.803081E-02
11   6.75203366E-08 -2.936022E-02  0.000000E+00  2.752769E-06  1.719274E-02
12   7.08116375E-08 -3.079139E-02  0.000000E+00  3.081987E-06  1.639363E-02
13   7.42633619E-08 -3.229232E-02  0.000000E+00  3.427252E-06  1.563166E-02
14   7.78833283E-08 -3.386641E-02  0.000000E+00  3.789345E-06  1.490511E-02
15   8.16797361E-08 -3.551722E-02  0.000000E+00  4.169087E-06  1.421233E-02
16   8.56611842E-08 -3.724849E-02  0.000000E+00  4.567338E-06  1.355176E-02
17   8.98366905E-08 -3.906415E-02  0.000000E+00  4.985000E-06  1.292189E-02
18   9.42157124E-08 -4.096830E-02  0.000000E+00  5.423020E-06  1.232129E-02
19   9.88081680E-08 -4.296526E-02  0.000000E+00  5.882388E-06  1.174862E-02
20   1.03624459E-07 -4.505955E-02  0.000000E+00  6.364145E-06  1.120256E-02
21   1.08675493E-07 -4.725591E-02  0.000000E+00  6.869384E-06  1.068189E-02
22   1.13972710E-07 -4.955933E-02  0.000000E+00  7.399247E-06  1.018542E-02
23   1.19528107E-07 -5.197500E-02  0.000000E+00  7.954935E-06  9.712020E-03
24   1.25354266E-07 -5.450842E-02  0.000000E+00  8.537706E-06  9.260629E-03
25   1.31464381E-07 -5.716531E-02  0.000000E+00  9.148881E-06  8.830219E-03
26   1.37872290E-07 -5.995168E-02  0.000000E+00  9.789843E-06  8.419815E-03
27   1.44592504E-07 -6.287386E-02  0.000000E+00  1.046204E-05  8.028488E-03
28   1.51640242E-07 -6.593846E-02  0.000000E+00  1.116701E-05  7.655350E-03
29   1.59031464E-07 -6.915241E-02  0.000000E+00  1.190632E-05  7.299555E-03
30   1.66782907E-07 -7.252300E-02  0.000000E+00  1.268168E-05  6.960299E-03
31   1.74912124E-07 -7.605786E-02  0.000000E+00  1.349481E-05  6.636812E-03
32   1.83437523E-07 -7.976499E-02  0.000000E+00  1.434758E-05  6.328360E-03
33   1.92378409E-07 -8.365278E-02  0.000000E+00  1.524191E-05  6.034246E-03
34   2.01755027E-07 -8.773004E-02  0.000000E+00  1.617982E-05  5.753802E-03
35   2.11588608E-07 -9.200601E-02  0.000000E+00  1.716344E-05  5.486393E-03
36   2.21901419E-07 -9.649035E-02  0.000000E+00  1.819500E-05  5.231414E-03
37   2.32716808E-07 -1.011932E-01  0.000000E+00  1.927682E-05  4.988286E-03
38   2.44059263E-07 -1.061253E-01  0.000000E+00  2.041137E-05  4.756458E-03
39   2.55954466E-07 -1.112977E-01  0.000000E+00  2.160121E-05  4.535406E-03
40   2.68429346E-07 -1.167222E-01  0.000000E+00  2.284903E-05  4.324628E-03
41   2.81512147E-07 -1.224110E-01  0.000000E+00  2.415766E-05  4.123647E-03
42   2.95232487E-07 -1.283770E-01  0.000000E+00  2.553006E-05  3.932008E-03
43   3.09621427E-07 -1.346337E-01  0.000000E+00  2.696933E-05  3.749275E-03
44   3.24711540E-07 -1.411954E-01  0.000000E+00  2.847874E-05  3.575036E-03
45   3.40536987E-07 -1.480767E-01  0.000000E+00  3.006171E-05  3.408895E-03
46   3.57133592E-07 -1.552934E-01  0.000000E+00  3.172181E-05  3.250476E-03
47   3.74538923E-07 -1.628617E-01  0.000000E+00  3.346281E-05  3.099420E-03
48   3.92792377E-07 -1.707988E-01  0.000000E+00  3.528864E-05  2.955385E-03
49   4.11935271E-07 -1.791226E-01  0.000000E+00  3.720343E-05  2.818044E-03
50   4.32010935E-07 -1.878520E-01  0.000000E+00  3.921153E-05  2.687086E-03
51   4.53064804E-07 -1.970067E-01  0.000000E+00  4.131748E-05  2.562215E-03
52   4.75144532E-07 -2.066075E-01  0.000000E+00  4.352604E-05  2.443147E-03
53   4.98300088E-07 -2.166760E-01  0.000000E+00  4.584220E-05  2.329612E-03
54   5.22583876E-07 -2.272351E-01  0.000000E+00  4.827122E-05  2.221355E-03
55   5.48050852E-07 -2.383086E-01  0.000000E+00  5.081860E-05  2.118128E-03
56   5.74758648E-07 -2.499216E-01  0.000000E+00  5.349008E-05  2.019699E-03
57   6.02767699E-07 -2.621004E-01  0.000000E+00  5.629172E-05  1.925843E-03
58   6.32141386E-07 -2.748725E-01  0.000000E+00  5.922987E-05  1.836350E-03
59   6.62946173E-07 -2.882667E-01  0.000000E+00  6.231116E-05  1.751015E-03
60   6.95251761E-07 -3.023134E-01  0.000000E+00  6.554256E-05  1.669646E-03
61   7.29131242E-07 -3.170444E-01  0.000000E+00  6.893140E-05  1.592057E-03
62   7.64661267E-07 -3.324930E-01  0.000000E+00  7.248534E-05  1.518074E-03
63   8.01922219E-07 -3.486940E-01  0.000000E+00  7.621241E-05  1.447529E-03
64   8.40998393E-07 -3.656842E-01  0.000000E+00  8.012105E-05  1.380261E-03
65   8.81978186E-07 -3.835019E-01  0.000000E+00  8.422009E-05  1.316119E-03
66   9.24954297E-07 -4.021873E-01  0.000000E+00  8.851882E-05  1.254956E-03
67   9.70023938E-07 -4.217828E-01  0.000000E+00  9.302696E-05  1.196635E-03
68   1.01728905E-06 -4.423326E-01  0.000000E+00  9.775469E-05  1.141023E-03
69   1.06685654E-06 -4.638832E-01  0.000000E+00  1.027127E-04  1.087994E-03
70   1.11883850E-06 -4.864832E-01  0.000000E+00  1.079123E-04  1.037428E-03
71   1.17335251E-06 -5.101836E-01  0.000000E+00  1.133651E-04  9.892101E-04
72   1.23052183E-06 -5.350380E-01  0.000000E+00  1.190835E-04  9.432311E-04
73   1.29047576E-06 -5.611025E-01  0.000000E+00  1.250804E-04  8.993869E-04
74   1.35334984E-06 -5.884359E-01  0.000000E+00  1.313694E-04  8.575778E-04
75   1.41928626E-06 -6.171000E-01  0.000000E+00  1.379647E-04  8.177092E-04
76   1.48843408E-06 -6.471594E-01  0.000000E+00  1.448812E-04  7.796905E-04
77   1.56094964E-06 -6.786818E-01  0.000000E+00  1.521346E-04  7.434356E-04
78   1.63699687E-06 -7.117385E-01  0.000000E+00  1.597412E-04  7.088621E-04
79   1.71674768E-06 -7.464038E-01  0.000000E+00  1.677183E-04  6.758915E-04
80   1.80038235E-06 -7.827560E-01  0.000000E+00  1.760838E-04  6.444489E-04
81   1.88808991E-06 -8.208769E-01  0.000000E+00  1.848567E-04  6.144630E-04
82   1.98006858E-06 -8.608524E-01  0.000000E+00  1.940568E-04  5.858656E-04
83   2.07652625E-06 -9.027724E-01  0.000000E+00  2.037048E-04  5.585916E-04
84   2.17768088E-06 -9.467312E-01  0.000000E+00  2.138227E-04  5.325790E-04
85   2.28376106E-06 -9.928277E-01  0.000000E+00  2.244332E-04  5.077686E-04
86   2.39500647E-06 -1.041166E+00  0.000000E+00  2.355603E-04  4.841038E-04
87   2.51166846E-06 -1.091853E+00  0.000000E+00  2.472291E-04  4.615306E-04
88   2.63401058E-06 -1.145005E+00  0.000000E+00  2.594661E-04  4.399976E-04
89   2.76230922E-06 -1.200739E+00  0.000000E+00  2.722988E-04  4.194555E-04
90   2.89685417E-06 -1.259181E+00  0.000000E+00  2.857562E-04  3.998573E-04
91   3.03794933E-06 -1.320461E+00  0.000000E+00  2.998687E-04  3.811580E-04
92   3.18591336E-06 -1.384717E+00  0.000000E+00  3.146681E-04  3.633147E-04
93   3.34108040E-06 -1.452093E+00  0.000000E+00  3.301879E-04  3.462864E-04
94   3.50380084E-06 -1.522738E+00  0.000000E+00  3.464631E-04  3.300337E-04
95   3.67444208E-06 -1.596810E+00  0.000000E+00  3.635304E-04  3.145190E-04
96   3.85338938E-06 -1.674475E+00  0.000000E+00  3.814283E-04  2.997064E-04
97   4.04104670E-06 -1.755904E+00  0.000000E+00  4.001973E-04  2.855613E-04
98   4.23783765E-06 -1.841278E+00  0.000000E+00  4.198796E-04  2.720507E-04
99   4.44420640E-06 -1.930787E+00  0.000000E+00  4.405196E-04  2.591427E-04
100  4.66061868E-06 -2.024628E+00  0.000000E+00  4.621639E-04  2.468069E-04
101  4.88756285E-06 -2.123009E+00  0.000000E+00  4.848612E-04  2.350140E-04
102  5.12555099E-06 -2.226146E+00  0.000000E+00  5.086628E-04  2.237356E-04
103  5.37512004E-06 -2.334265E+00  0.000000E+00  5.336222E-04  2.129446E-04
104  5.63683298E-06 -2.447603E+00  0.000000E+00  5.597958E-04  2.026147E-04
105  5.91128017E-06 -2.566408E+00  0.000000E+00  5.872424E-04  1.927204E-04
106  6.19908058E-06 -2.690936E+00  0.000000E+00  6.160239E-04  1.832371E-04
107  6.50088324E-06 -2.821459E+00  0.000000E+00  6.462050E-04  1.741408E-04
108  6.81736868E-06 -2.958257E+00  0.000000E+00  6.778537E-04  1.654082E-04
109  7.14925044E-06 -3.101625E+00  0.000000E+00  7.110413E-04  1.570166E-04
110  7.49727669E-06 -3.251867E+00  0.000000E+00  7.458423E-04  1.489438E-04
111  7.86223188E-06 -3.409304E+00  0.000000E+00  7.823351E-04  1.411677E-04
112  8.24493852E-06 -3.574267E+00  0.000000E+00  8.206015E-04  1.336669E-04
113  8.64625902E-06 -3.747101E+00  0.000000E+00  8.607278E-04  1.264201E-04
114  9.06709760E-06 -3.928166E+00  0.000000E+00  9.028038E-04  1.194061E-04
115  9.50840232E-06 -4.117835E+00  0.000000E+00  9.469242E-04  1.126038E-04
116  9.97116721E-06 -4.316494E+00  0.000000E+00  9.931879E-04  1.059922E-04
117  1.04564345E-05 -4.524545E+00  0.000000E+00  1.041699E-03  9.954981E-05
118  1.09652969E-05 -4.742403E+00  0.000000E+00  1.092565E-03  9.325535E-05
119  1.14989001E-05 -4.970496E+00  0.000000E+00  1.145902E-03  8.708698E-05
120  1.20584453E-05 -5.209266E+00  0.000000E+00  1.201827E-03  8.102247E-05
121  1.26451919E-05 -5.459169E+00  0.000000E+00  1.260467E-03  7.503903E-05
122  1.32604603E-05 -5.720673E+00  0.000000E+00  1.321952E-03  6.911321E-05
123  1.39056348E-05 -5.994257E+00  0.000000E+00  1.386420E-03  6.322073E-05
124  1.45821668E-05 -6.280410E+00  0.000000E+00  1.454014E-03  5.733639E-05
125  1.52915780E-05 -6.579631E+00  0.000000E+00  1.524885E-03  5.143387E-05
126  1.60354637E-05 -6.892426E+00  0.000000E+00  1.599192E-03  4.548563E-05
127  1.68154964E-05 -7.219305E+00  0.000000E+00  1.677099E-03  3.946271E-05
128  1.76334296E-05 -7.560781E+00  0.000000E+00  1.758780E-03  3.333455E-05
129  1.84911016E-05 -7.917364E+00  0.000000E+00  1.844415E-03  2.706885E-05
130  1.93904396E-05 -8.289560E+00  0.000000E+00  1.934196E-03  2.063133E-05
131  2.03334641E-05 -8.677866E+00  0.000000E+00  2.028319E-03  1.398556E-05
132  2.13222932E-05 -9.082759E+00  0.000000E+00  2.126994E-03  7.092718E-06
133  2.23591475E-05 -9.504697E+00  0.000000E+00  2.230437E-03 -8.860456E-08
134  2.34463549E-05 -9.944104E+00  0.000000E+00  2.338877E-03 -7.602646E-06
135  2.45863557E-05 -1.040137E+01  0.000000E+00  2.452552E-03 -1.549671E-05
136  2.57817083E-05 -1.087681E+01  0.000000E+00  2.571711E-03 -2.382138E-05
137  2.70350945E-05 -1.137071E+01  0.000000E+00  2.696615E-03 -3.263080E-05
138  2.83493258E-05 -1.188325E+01  0.000000E+00  2.827535E-03 -4.198286E-05
139  2.97273494E-05 -1.241451E+01  0.000000E+00  2.964758E-03 -5.193947E-05
140  3.11722545E-05 -1.296447E+01  0.000000E+00  3.108580E-03 -6.256670E-05
141  3.26872799E-05 -1.353293E+01  0.000000E+00  3.259313E-03 -7.393504E-05
142  3.42758203E-05 -1.411954E+01  0.000000E+00  3.417282E-03 -8.611945E-05
143  3.59414342E-05 -1.472375E+01  0.000000E+00  3.582827E-03 -9.919953E-05
144  3.76878519E-05 -1.534474E+01  0.000000E+00  3.756301E-03 -1.132595E-04
145  3.95189833E-05 -1.598141E+01  0.000000E+00  3.938076E-03 -1.283879E-04
146  4.14389270E-05 -1.663230E+01  0.000000E+00  4.128537E-03 -1.446780E-04
147  4.34519789E-05 -1.729556E+01  0.000000E+00  4.328087E-03 -1.622266E-04
148  4.55626421E-05 -1.796885E+01  0.000000E+00  4.537149E-03 -1.811340E-04
149  4.77756363E-05 -1.864928E+01  0.000000E+00  4.756161E-03 -2.015030E-04
150  5.00959085E-05 -1.933329E+01  0.000000E+00  4.985582E-03 -2.234377E-04
151  5.25286440E-05 -2.001656E+01  0.000000E+00  5.225891E-03 -2.470419E-04
152  5.50792775E-05 -2.069388E+01  0.000000E+00  5.477588E-03 -2.724169E-04
153  5.77535050E-05 -2.135899E+01  0.000000E+00  5.741194E-03 -2.996590E-04
154  6.05572966E-05 -2.200442E+01  0.000000E+00  6.017256E-03 -3.288554E-04
155  6.34969092E-05 -2.262130E+01  0.000000E+00  6.306346E-03 -3.600802E-04
156  6.65789006E-05 -2.319910E+01  0.000000E+00  6.609061E-03 -3.933745E-04
157  6.98101433E-05 -2.372542E+01  0.000000E+00  6.926029E-03 -4.288709E-04
158  7.31978402E-05 -2.418563E+01  0.000000E+00  7.257909E-03 -4.685134E-04
159  7.67495397E-05 -2.456256E+01  0.000000E+00  7.605396E-03 -4.985901E-04
160  8.04731525E-05 -2.483608E+01  0.000000E+00  7.969439E-03 -4.810703E-04
161  8.43769689E-05 -2.498263E+01  0.000000E+00  8.351007E-03 -6.894095E-04
162  8.84696764E-05 -2.500000E+01  0.000000E+00  8.747891E-03 -6.952963E-04
163  9.27603793E-05 -2.500000E+01  0.000000E+00  9.166638E-03 -5.887148E-04
164  9.72586177E-05 -2.500000E+01  0.000000E+00  9.604263E-03 -7.260216E-04
165  1.01974389E-04 -2.500000E+01  0.000000E+00  1.006226E-02 -7.820279E-04
166  1.06918168E-04 -2.500000E+01  0.000000E+00  1.054186E-02 -8.300373E-04
167  1.12100933E-04 -2.500000E+01  0.000000E+00  1.104405E-02 -8.826164E-04
168  1.17534186E-04 -2.500000E+01  0.000000E+00  1.156990E-02 -9.371512E-04
169  1.23229977E-04 -2.500000E+01  0.000000E+00  1.212052E-02 -9.936747E-04
170  1.29200936E-04 -2.500000E+01  0.000000E+00  1.269706E-02 -1.052326E-03
171  1.35460293E-04 -2.500000E+01  0.000000E+00  1.330072E-02 -1.113229E-03
172  1.42021909E-04 -2.500000E+01  0.000000E+00  1.393278E-02 -1.176513E-03
173  1.48900311E-04 -2.500000E+01  0.000000E+00  1.459457E-02 -1.242311E-03
174  1.56110712E-04 -2.500000E+01  0.000000E+00  1.528745E-02 -1.310762E-03
175  1.63669057E-04 -2.500000E+01  0.000000E+00  1.601288E-02 -1.382009E-03
176  1.71592045E-04 -2.500000E+01  0.000000E+00  1.677236E-02 -1.456204E-03
177  1.79897173E-04 -2.500000E+01  0.000000E+00  1.756748E-02 -1.533500E-03
178  1.88602770E-04 -2.500000E+01  0.000000E+00  1.839989E-02 -1.614060E-03
179  1.97728036E-04 -2.500000E+01  0.000000E+00  1.927129E-02 -1.698053E-03
180  2.07293086E-04 -2.500000E+01  0.000000E+00  2.018351E-02 -1.785653E-03
181  2.17318987E-04 -2.500000E+01  0.000000E+00  2.113841E-02 -1.877043E-03
182  2.27827808E-04 -2.500000E+01  0.000000E+00  2.213795E-02 -1.972413E-03
183  2.38842664E-04 -2.500000E+01  0.000000E+00  2.318420E-02 -2.071960E-03
184  2.50387768E-04 -2.500000E+01  0.000000E+00  2.427928E-02 -2.175891E-03
185  2.62488477E-04 -2.500000E+01  0.000000E+00  2.542544E-02 -2.284420E-03
186  2.75171351E-04 -2.500000E+01  0.000000E+00  2.662500E-02 -2.397771E-03
187  2.88464206E-04 -2.500000E+01  0.000000E+00  2.788040E-02 -2.516176E-03
188  3.02396173E-04 -2.500000E+01  0.000000E+00  2.919418E-02 -2.639878E-03
189  3.16997758E-04 -2.500000E+01  0.000000E+00  3.056899E-02 -2.769131E-03
190  3.32300910E-04 -2.500000E+01  0.000000E+00  3.200759E-02 -2.904198E-03
191  3.48339082E-04 -2.500000E+01  0.000000E+00  3.351286E-02 -3.045353E-03
192  3.65147305E-04 -2.500000E+01  0.000000E+00  3.508782E-02 -3.192883E-03
193  3.82762262E-04 -2.500000E+01  0.000000E+00  3.673559E-02 -3.347086E-03
194  4.01222358E-04 -2.500000E+01  0.000000E+00  3.845943E-02 -3.508273E-03
195  4.20567807E-04 -2.500000E+01  0.000000E+00  4.026276E-02 -3.676768E-03
196  4.40840712E-04 -2.500000E+01  0.000000E+00  4.214911E-02 -3.852907E-03
197  4.62085150E-04 -2.500000E+01  0.000000E+00  4.412217E-02 -4.037044E-03
198  4.84347268E-04 -2.500000E+01  0.000000E+00  4.618580E-02 -4.229542E-03
199  5.07675372E-04 -2.500000E+01  0.000000E+00  4.834398E-02 -4.430785E-03
200  5.32120032E-04 -2.500000E+01  0.000000E+00  5.060088E-02 -4.641168E-03
201  5.57734180E-04 -2.500000E+01  0.000000E+00  5.296083E-02 -4.861106E-03
202  5.84573222E-04 -2.500000E+01  0.000000E+00  5.542834E-02 -5.091027E-03
203  6.12695150E-04 -2.500000E+01  0.000000E+00  5.800807E-02 -5.331380E-03
204  6.42160660E-04 -2.500000E+01  0.000000E+00  6.070491E-02 -5.582631E-03
205  6.73033273E-04 -2.500000E+01  0.000000E+00  6.352389E-02 -5.845264E-03
206  7.05379467E-04 -2.500000E+01  0.000000E+00  6.647027E-02 -6.119782E-03
207  7.39268806E-04 -2.500000E+01  0.000000E+00  6.954948E-02 -6.406711E-03
208  7.74774085E-04 -2.500000E+01  0.000000E+00  7.276718E-02 -6.706593E-03
209  8.11971475E-04 -2.500000E+01  0.000000E+00  7.612923E-02 -7.019994E-03
210  8.50940672E-04 -2.500000E+01  0.000000E+00  7.964168E-02 -7.347503E-03
211  8.91765059E-04 -2.500000E+01  0.000000E+00  8.331084E-02 -7.689729E-03
212  9.34531869E-04 -2.500000E+01  0.000000E+00  8.714321E-02 -8.047304E-03
213  9.79332361E-04 -2.500000E+01  0.000000E+00  9.114553E-02 -8.420886E-03
214  1.02626200E-03 -2.500000E+01  0.000000E+00  9.532475E-02 -8.811156E-03
215  1.07542063E-03 -2.500000E+01  0.000000E+00  9.968807E-02 -9.218819E-03
216  1.12691272E-03 -2.500000E+01  0.000000E+00  1.042429E-01 -9.644608E-03
217  1.18084747E-03 -2.500000E+01  0.000000E+00  1.089970E-01 -1.008928E-02
218  1.23733915E-03 -2.500000E+01  0.000000E+00  1.139582E-01 -1.055362E-02
219  1.29650722E-03 -2.500000E+01  0.000000E+00  1.191346E-01 -1.103843E-02
220  1.35847659E-03 -2.500000E+01  0.000000E+00  1.245346E-01 -1.154456E-02
221  1.42337790E-03 -2.500000E+01  0.000000E+00  1.301668E-01 -1.207287E-02
222  1.49134771E-03 -2.500000E+01  0.000000E+00  1.360402E-01 -1.262425E-02
223  1.56252881E-03 -2.500000E+01  0.000000E+00  1.421637E-01 -1.319963E-02
224  1.63707045E-03 -2.500000E+01  0.000000E+00  1.485466E-01 -1.379996E-02
225  1.71512867E-03 -2.500000E+01  0.000000E+00  1.551985E-01 -1.442621E-02
226  1.79686654E-03 -2.500000E+01  0.000000E+00  1.621291E-01 -1.507940E-02
227  1.88245451E-03 -2.500000E+01  0.000000E+00  1.693483E-01 -1.576056E-02
228  1.97207072E-03 -2.500000E+01  0.000000E+00  1.768662E-01 -1.647075E-02
229  2.06590131E-03 -2.500000E+01  0.000000E+00  1.846931E-01 -1.721106E-02
230  2.16414080E-03 -2.500000E+01  0.000000E+00  1.928394E-01 -1.798261E-02
231  2.26699239E-03 -2.500000E+01  0.000000E+00  2.013156E-01 -1.878655E-02
232  2.37466842E-03 -2.500000E+01  0.000000E+00  2.101325E-01 -1.962405E-02
233  2.48739067E-03 -2.500000E+01  0.000000E+00  2.193007E-01 -2.049630E-02
234  2.60539082E-03 -2.500000E+01  0.000000E+00  2.288311E-01 -2.140451E-02
235  2.72891085E-03 -2.500000E+01  0.000000E+00  2.387345E-01 -2.234993E-02
236  2.85820347E-03 -2.500000E+01  0.000000E+00  2.490217E-01 -2.333381E-02
237  2.99353257E-03 -2.500000E+01  0.000000E+00  2.597033E-01 -2.435742E-02
238  3.13517372E-03 -2.500000E+01  0.000000E+00  2.707901E-01 -2.542206E-02
239  3.28341460E-03 -2.500000E+01  0.000000E+00  2.822924E-01 -2.652902E-02
240  3.43855556E-03 -2.500000E+01  0.000000E+00  2.942205E-01 -2.767962E-02
241  3.60091011E-03 -2.500000E+01  0.000000E+00  3.065842E-01 -2.887516E-02
242  3.77080547E-03 -2.500000E+01  0.000000E+00  3.193933E-01 -3.011696E-02
243  3.94858316E-03 -2.500000E+01  0.000000E+00  3.326566E-01 -3.140633E-02
244  4.13459955E-03 -2.500000E+01  0.000000E+00  3.463829E-01 -3.274456E-02
245  4.32922646E-03 -2.500000E+01  0.000000E+00  3.605801E-01 -3.413294E-02
246  4.53285185E-03 -2.500000E+01  0.000000E+00  3.752553E-01 -3.557273E-02
247  4.74588038E-03 -2.500000E+01  0.000000E+00  3.904150E-01 -3.706516E-02
248  4.96873418E-03 -2.500000E+01  0.000000E+00  4.060645E-01 -3.861143E-02
249  5.20185346E-03 -2.500000E+01  0.000000E+00  4.222082E-01 -4.021269E-02
250  5.44569729E-03 -2.500000E+01  0.000000E+00  4.388489E-01 -4.187004E-02
251  5.70074433E-03 -2.500000E+01  0.000000E+00  4.559885E-01 -4.358451E-02
252  5.96749360E-03 -2.500000E+01  0.000000E+00  4.736268E-01 -4.535704E-02
253  6.24646527E-03 -2.500000E+01  0.000000E+00  4.917623E-01 -4.718852E-02
254  6.53820151E-03 -2.500000E+01  0.000000E+00  5.103912E-01 -4.907971E-02
255  6.84326734E-03 -2.500000E+01  0.000000E+00  5.295077E-01 -5.103126E-02
256  7.16225148E-03 -2.500000E+01  0.000000E+00  5.491036E-01 -5.304370E-02
257  7.49576731E-03 -2.500000E+01  0.000000E+00  5.691681E-01 -5.511740E-02
258  7.84445377E-03 -2.500000E+01  0.000000E+00  5.896876E-01 -5.725260E-02
259  8.20897635E-03 -2.500000E+01  0.000000E+00  6.106452E-01 -5.944931E-02
260  8.59002810E-03 -2.500000E+01  0.000000E+00  6.320209E-01 -6.170737E-02
261  8.98833065E-03 -2.500000E+01  0.000000E+00  6.537906E-01 -6.402642E-02
262  9.40463527E-03 -2.500000E+01  0.000000E+00  6.759266E-01 -6.640581E-02
263  9.83972397E-03 -2.500000E+01  0.000000E+00  6.983967E-01 -6.884466E-02
264  1.02944107E-02 -2.500000E+01  0.000000E+00  7.211642E-01 -7.134178E-02
265  1.07695422E-02 -2.500000E+01  0.000000E+00  7.441873E-01 -7.389570E-02
266  1.12659999E-02 -2.500000E+01  0.000000E+00  7.674190E-01 -7.650456E-02
267  1.17847003E-02 -2.500000E+01  0.000000E+00  7.908066E-01 -7.916617E-02
268  1.23265968E-02 -2.500000E+01  0.000000E+00  8.142914E-01 -8.187794E-02
269  1.28926809E-02 -2.500000E+01  0.000000E+00  8.378084E-01 -8.463685E-02
270  1.34839832E-02 -2.500000E+01  0.000000E+00  8.612857E-01 -8.743942E-02
271  1.41015754E-02 -2.500000E+01  0.000000E+00  8.846445E-01 -9.028171E-02
272  1.47465712E-02 -2.500000E+01  0.000000E+00  9.077985E-01 -9.315923E-02
273  1.54201279E-02 -2.500000E+01  0.000000E+00  9.306535E-01 -9.606700E-02
274  1.61234479E-02 -2.500000E+01  0.000000E+00  9.531076E-01 -9.899942E-02
275  1.68577802E-02 -2.500000E+01  0.000000E+00  9.750501E-01 -1.019503E-01
276  1.76244221E-02 -2.500000E+01  0.000000E+00  9.963620E-01 -1.049129E-01
277  1.84247205E-02 -2.500000E+01  0.000000E+00  1.016915E+00 -1.078797E-01
278  1.92600738E-02 -2.500000E+01  0.000000E+00  1.036573E+00 -1.108425E-01
279  2.01319334E-02 -2.500000E+01  0.000000E+00  1.055189E+00 -1.137926E-01
280  2.10418055E-02 -2.500000E+01  0.000000E+00  1.072609E+00 -1.167204E-01
281  2.19912529E-02 -2.500000E+01  0.000000E+00  1.088667E+00 -1.196156E-01
282  2.29818967E-02 -2.500000E+01  0.000000E+00  1.103190E+00 -1.224671E-01
283  2.40154179E-02 -2.500000E+01  0.000000E+00  1.115996E+00 -1.252631E-01
284  2.50935596E-02 -2.500000E+01  0.000000E+00  1.126895E+00 -1.279912E-01
285  2.62181289E-02 -2.500000E+01  0.000000E+00  1.135686E+00 -1.306381E-01
286  2.73909984E-02 -2.500000E+01  0.000000E+00  1.142165E+00 -1.331897E-01
287  2.86141085E-02 -2.500000E+01  0.000000E+00  1.146117E+00 -1.356313E-01
288  2.98894695E-02 -2.500000E+01  0.000000E+00  1.147324E+00 -1.379475E-01
289  3.12191632E-02 -2.500000E+01  0.000000E+00  1.145561E+00 -1.401224E-01
290  3.26053452E-02 -2.500000E+01  0.000000E+00  1.140602E+00 -1.421393E-01
291  3.40502471E-02 -2.500000E+01  0.000000E+00  1.132217E+00 -1.439811E-01
292  3.55561784E-02 -2.500000E+01  0.000000E+00  1.120175E+00 -1.456303E-01
293  3.71255286E-02 -2.500000E+01  0.000000E+00  1.104249E+00 -1.470690E-01
294  3.87607695E-02 -2.500000E+01  0.000000E+00  1.084213E+00 -1.482791E-01
295  4.04644576E-02 -2.500000E+01  0.000000E+00  1.059849E+00 -1.492423E-01
296  4.22392357E-02 -2.500000E+01  0.000000E+00  1.030945E+00 -1.499405E-01
297  4.40878357E-02 -2.500000E+01  0.000000E+00  9.973035E-01 -1.503555E-01
298  4.60130806E-02 -2.500000E+01  0.000000E+00  9.587380E-01 -1.504699E-01
299  4.80178868E-02 -2.500000E+01  0.000000E+00  9.150816E-01 -1.502663E-01
300  5.01052665E-02 -2.500000E+01  0.000000E+00  8.661878E-01 -1.497284E-01
301  5.22783298E-02 -2.500000E+01  0.000000E+00  8.119348E-01 -1.488407E-01
302  5.45402871E-02 -2.500000E+01  0.000000E+00  7.522288E-01 -1.475890E-01
303  5.68944514E-02 -2.500000E+01  0.000000E+00  6.870085E-01 -1.459602E-01
304  5.93442408E-02 -2.500000E+01  0.000000E+00  6.162483E-01 -1.439433E-01
305  6.18931805E-02 -2.500000E+01  0.000000E+00  5.399626E-01 -1.415288E-01
306  6.45449054E-02 -2.500000E+01  0.000000E+00  4.582096E-01 -1.387097E-01
307  6.73031623E-02 -2.500000E+01  0.000000E+00  3.710948E-01 -1.354812E-01
308  7.01718123E-02 -2.500000E+01  0.000000E+00  2.787748E-01 -1.318412E-01
309  7.31548330E-02 -2.500000E+01  0.000000E+00  1.814600E-01 -1.277906E-01
310  7.62563209E-02 -2.500000E+01  0.000000E+00  7.941797E-02 -1.233335E-01
311  7.94804936E-02 -2.500000E+01  0.000000E+00 -2.702457E-02 -1.184773E-01
312  8.28316922E-02 -2.500000E+01  0.000000E+00 -1.374799E-01 -1.132329E-01
313  8.63143835E-02 -2.500000E+01  0.000000E+00 -2.514984E-01 -1.076151E-01
314  8.99331622E-02 -2.500000E+01  0.000000E+00 -3.685681E-01 -1.016423E-01
315  9.36927529E-02 -2.500000E+01  0.000000E+00 -4.881151E-01 -9.533708E-02
316  9.75980127E-02 -2.500000E+01  0.000000E+00 -6.095060E-01 -8.872572E-02
317  1.01653933E-01 -2.500000E+01  0.000000E+00 -7.320495E-01 -8.183856E-02
318  1.05865642E-01 -2.500000E+01  0.000000E+00 -8.550011E-01 -7.470973E-02
319  1.10238406E-01 -2.500000E+01  0.000000E+00 -9.775678E-01 -6.737705E-02
320  1.14777631E-01 -2.500000E+01  0.000000E+00 -1.098914E+00 -5.988179E-02
321  1.19488868E-01 -2.500000E+01  0.000000E+00 -1.218170E+00 -5.226838E-02
322  1.24377811E-01 -2.500000E+01  0.000000E+00 -1.334441E+00 -4.458406E-02
323  1.29450299E-01 -2.500000E+01  0.000000E+00 -1.446813E+00 -3.687840E-02
324  1.34712320E-01 -2.500000E+01  0.000000E+00 -1.554369E+00 -2.920284E-02
325  1.40170014E-01 -2.500000E+01  0.000000E+00 -1.656202E+00 -2.161008E-02
326  1.45829668E-01 -2.500000E+01  0.000000E+00 -1.751419E+00 -1.415345E-02
327  1.51697726E-01 -2.500000E+01  0.000000E+00 -1.839164E+00 -6.886244E-03
328  1.57780785E-01 -2.500000E+01  0.000000E+00 -1.918629E+00  1.390630E-04
329  1.64085596E-01 -2.500000E+01  0.000000E+00 -1.989064E+00  6.871528E-03
330  1.70619071E-01 -2.500000E+01  0.000000E+00 -2.049797E+00  1.326254E-02
331  1.77388278E-01 -2.500000E+01  0.000000E+00 -2.100242E+00  1.926659E-02
332  1.84400445E-01 -2.500000E+01  0.000000E+00 -2.139915E+00  2.484205E-02
333  1.91662961E-01 -2.500000E+01  0.000000E+00 -2.168444E+00  2.995180E-02
334  1.99183377E-01 -2.500000E+01  0.000000E+00 -2.185579E+00  3.456409E-02
335  2.06969406E-01 -2.500000E+01  0.000000E+00 -2.191197E+00  3.865295E-02
336  2.15028926E-01 -2.500000E+01  0.000000E+00 -2.185314E+00  4.219874E-02
337  2.23369978E-01 -2.500000E+01  0.000000E+00 -2.168083E+00  4.518857E-02
338  2.32000766E-01 -2.500000E+01  0.000000E+00 -2.139795E+00  4.761654E-02
339  2.40929663E-01 -2.500000E+01  0.000000E+00 -2.100880E+00  4.948389E-02
340  2.50165203E-01 -2.500000E+01  0.000000E+00 -2.051897E+00  5.079898E-02
341  2.59716091E-01 -2.500000E+01  0.000000E+00 -1.993531E+00  5.157714E-02
342  2.69591193E-01 -2.500000E+01  0.000000E+00 -1.926579E+00  5.184032E-02
343  2.79799544E-01 -2.500000E+01  0.000000E+00 -1.851938E+00  5.161669E-02
344  2.90350343E-01 -2.500000E+01  0.000000E+00 -1.770586E+00  5.094000E-02
345  3.01252956E-01 -2.500000E+01  0.000000E+00 -1.683571E+00  4.984889E-02
346  3.12516914E-01 -2.500000E+01  0.000000E+00 -1.591984E+00  4.838606E-02
347  3.24151913E-01 -2.500000E+01  0.000000E+00 -1.496943E+00  4.659737E-02
348  3.36167811E-01 -2.500000E+01  0.000000E+00 -1.399571E+00  4.453089E-02
349  3.48574633E-01 -2.500000E+01  0.000000E+00 -1.300977E+00  4.223587E-02
350  3.61382564E-01 -2.500000E+01  0.000000E+00 -1.202233E+00  3.976177E-02
351  3.74601954E-01 -2.500000E+01  0.000000E+00 -1.104356E+00  3.715730E-02
352  3.88243310E-01 -2.500000E+01  0.000000E+00 -1.008293E+00  3.446945E-02
353  4.02317301E-01 -2.500000E+01  0.000000E+00 -9.149010E-01  3.174272E-02
354  4.16834754E-01 -2.500000E+01  0.000000E+00 -8.249424E-01  2.901831E-02
355  4.31806653E-01 -2.500000E+01  0.000000E+00 -7.390694E-01  2.633358E-02
356  4.47244137E-01 -2.500000E+01  0.000000E+00 -6.578204E-01  2.372151E-02
357  4.63158498E-01 -2.500000E+01  0.000000E+00 -5.816169E-01  2.121037E-02
358  4.79561183E-01 -2.500000E+01  0.000000E+00 -5.107634E-01  1.882357E-02
359  4.96463786E-01 -2.500000E+01  0.000000E+00 -4.454510E-01  1.657956E-02
360  5.13878050E-01 -2.500000E+01  0.000000E+00 -3.857628E-01  1.449194E-02
361  5.31815867E-01 -2.500000E+01  0.000000E+00 -3.316826E-01  1.256971E-02
362  5.50289268E-01 -2.500000E+01  0.000000E+00 -2.831049E-01  1.081750E-02
363  5.69310431E-01 -2.500000E+01  0.000000E+00 -2.398467E-01  9.236089E-03
364  5.88891669E-01 -2.500000E+01  0.000000E+00 -2.016601E-01  7.822785E-03
365  6.09045436E-01 -2.500000E+01  0.000000E+00 -1.682454E-01  6.571999E-03
366  6.29784316E-01 -2.500000E+01  0.000000E+00 -1.392642E-01  5.475765E-03
367  6.51121029E-01 -2.500000E+01  0.000000E+00 -1.143521E-01  4.524279E-03
368  6.73068421E-01 -2.500000E+01  0.000000E+00 -9.313030E-02  3.706429E-03
369  6.95639466E-01 -2.500000E+01  0.000000E+00 -7.521655E-02  3.010276E-03
370  7.18847261E-01 -2.500000E+01  0.000000E+00 -6.023428E-02  2.423493E-03
371  7.42705023E-01 -2.500000E+01  0.000000E+00 -4.782042E-02  1.933756E-03
372  7.67226085E-01 -2.500000E+01  0.000000E+00 -3.763163E-02  1.529057E-03
373  7.92423898E-01 -2.500000E+01  0.000000E+00 -2.934895E-02  1.197965E-03
374  8.18312022E-01 -2.500000E+01  0.000000E+00 -2.268095E-02  9.298192E-04
375  8.44904123E-01 -2.500000E+01  0.000000E+00 -1.736549E-02  7.148592E-04
376  8.72213976E-01 -2.500000E+01  0.000000E+00 -1.317037E-02  5.443059E-04
377  9.00255454E-01 -2.500000E+01  0.000000E+00 -9.892840E-03  4.103909E-04
378  9.29042528E-01 -2.500000E+01  0.000000E+00 -7.358380E-03  3.063483E-04
379  9.58589267E-01 -2.500000E+01  0.000000E+00 -5.418854E-03  2.263737E-04
380  9.88909827E-01 -2.500000E+01  0.000000E+00 -3.950224E-03  1.655610E-04
381  1.02001845E+00 -2.500000E+01  0.000000E+00 -2.850031E-03  1.198229E-04
382  1.05192948E+00 -2.500000E+01  0.000000E+00 -2.034769E-03  8.580218E-05
383  1.08465731E+00 -2.500000E+01  0.000000E+00 -1.437280E-03  6.077992E-05
384  1.11821644E+00 -2.500000E+01  0.000000E+00 -1.004272E-03  4.258444E-05
385  1.15262143E+00 -2.500000E+01  0.000000E+00 -6.940132E-04  2.950503E-05
386  1.18788690E+00 -2.500000E+01  0.000000E+00 -4.742547E-04  2.021249E-05
387  1.22402756E+00 -2.500000E+01  0.000000E+00 -3.204084E-04  1.368823E-05
388  1.26105817E+00 -2.500000E+01  0.000000E+00 -2.139752E-04  9.162264E-06
389  1.29899355E+00 -2.500000E+01  0.000000E+00 -1.412231E-04  6.060576E-06
390  1.33784857E+00 -2.500000E+01  0.000000E+00 -9.209552E-05  3.961080E-06
391  1.37763817E+00 -2.500000E+01  0.000000E+00 -5.932658E-05  2.557714E-06
392  1.41837731E+00 -2.500000E+01  0.000000E+00 -3.773759E-05  1.631636E-06
393  1.46008102E+00 -2.500000E+01  0.000000E+00 -2.368700E-05  1.028592E-06
394  1.50276437E+00 -2.500000E+01  0.000000E+00 -1.464776E-05  6.414453E-07
395  1.54644245E+00 -2.500000E+01  0.000000E+00 -8.887394E-06  3.969626E-07
396  1.59113041E+00 -2.500000E+01  0.000000E+00 -5.229045E-06  2.460259E-07
397  1.63684340E+00 -2.500000E+01  0.000000E+00 -2.874077E-06  1.565845E-07
398  1.68359663E+00 -2.500000E+01  0.000000E+00 -1.268922E-06  1.094198E-07
399  1.73140531E+00 -2.500000E+01  0.000000E+00 -0.000000E+00  0.000000E+00
