#      n =  6
#  kappa = -1
# energy = -6.05303511E+00
#     vc = -6.48887107E+05


0    2.50000000E-07 -3.179953E-02  0.000000E+00 -0.000000E+00  2.519977E-01
1    2.62190703E-07 -3.335014E-02  0.000000E+00  3.873540E-06  2.519977E-01
2    2.74975831E-07 -3.497634E-02  0.000000E+00  7.935952E-06  2.402809E-01
3    2.88384368E-07 -3.668184E-02  0.000000E+00  1.219645E-05  2.291089E-01
4    3.02446708E-07 -3.847049E-02  0.000000E+00  1.666468E-05  2.184564E-01
5    3.17194729E-07 -4.034635E-02  0.000000E+00  2.135078E-05  2.082993E-01
6    3.32661863E-07 -4.231366E-02  0.000000E+00  2.626537E-05  1.986144E-01
7    3.48883169E-07 -4.437690E-02  0.000000E+00  3.141959E-05  1.893798E-01
8    3.65895419E-07 -4.654072E-02  0.000000E+00  3.682512E-05  1.805746E-01
9    3.83737176E-07 -4.881003E-02  0.000000E+00  4.249422E-05  1.721788E-01
10   4.02448883E-07 -5.118998E-02  0.000000E+00  4.843973E-05  1.641735E-01
11   4.22072953E-07 -5.368596E-02  0.000000E+00  5.467513E-05  1.565403E-01
12   4.42653870E-07 -5.630362E-02  0.000000E+00  6.121456E-05  1.492620E-01
13   4.64238283E-07 -5.904889E-02  0.000000E+00  6.807283E-05  1.423222E-01
14   4.86875118E-07 -6.192799E-02  0.000000E+00  7.526549E-05  1.357051E-01
15   5.10615683E-07 -6.494743E-02  0.000000E+00  8.280883E-05  1.293956E-01
16   5.35513791E-07 -6.811407E-02  0.000000E+00  9.071997E-05  1.233795E-01
17   5.61625874E-07 -7.143506E-02  0.000000E+00  9.901682E-05  1.176431E-01
18   5.89011117E-07 -7.491792E-02  0.000000E+00  1.077182E-04  1.121734E-01
19   6.17731590E-07 -7.857055E-02  0.000000E+00  1.168438E-04  1.069581E-01
20   6.47852389E-07 -8.240121E-02  0.000000E+00  1.264143E-04  1.019853E-01
21   6.79441782E-07 -8.641856E-02  0.000000E+00  1.364515E-04  9.724365E-02
22   7.12571364E-07 -9.063170E-02  0.000000E+00  1.469780E-04  9.272249E-02
23   7.47316223E-07 -9.505017E-02  0.000000E+00  1.580177E-04  8.841155E-02
24   7.83755104E-07 -9.968395E-02  0.000000E+00  1.695957E-04  8.430105E-02
25   8.21970590E-07 -1.045435E-01  0.000000E+00  1.817381E-04  8.038168E-02
26   8.62049292E-07 -1.096399E-01  0.000000E+00  1.944725E-04  7.664453E-02
27   9.04082039E-07 -1.149845E-01  0.000000E+00  2.078277E-04  7.308115E-02
28   9.48164090E-07 -1.205896E-01  0.000000E+00  2.218340E-04  6.968345E-02
29   9.94395346E-07 -1.264677E-01  0.000000E+00  2.365232E-04  6.644373E-02
30   1.04288058E-06 -1.326321E-01  0.000000E+00  2.519284E-04  6.335464E-02
31   1.09372966E-06 -1.390967E-01  0.000000E+00  2.680847E-04  6.040918E-02
32   1.14705782E-06 -1.458762E-01  0.000000E+00  2.850286E-04  5.760066E-02
33   1.20298591E-06 -1.529858E-01  0.000000E+00  3.027986E-04  5.492273E-02
34   1.26164066E-06 -1.604416E-01  0.000000E+00  3.214348E-04  5.236931E-02
35   1.32315500E-06 -1.682603E-01  0.000000E+00  3.409795E-04  4.993460E-02
36   1.38766830E-06 -1.764596E-01  0.000000E+00  3.614770E-04  4.761310E-02
37   1.45532676E-06 -1.850578E-01  0.000000E+00  3.829737E-04  4.539953E-02
38   1.52628368E-06 -1.940745E-01  0.000000E+00  4.055183E-04  4.328888E-02
39   1.60069984E-06 -2.035298E-01  0.000000E+00  4.291619E-04  4.127636E-02
40   1.67874385E-06 -2.134449E-01  0.000000E+00  4.539580E-04  3.935741E-02
41   1.76059255E-06 -2.238422E-01  0.000000E+00  4.799628E-04  3.752767E-02
42   1.84643138E-06 -2.347449E-01  0.000000E+00  5.072352E-04  3.578301E-02
43   1.93645483E-06 -2.461774E-01  0.000000E+00  5.358370E-04  3.411945E-02
44   2.03086686E-06 -2.581653E-01  0.000000E+00  5.658330E-04  3.253324E-02
45   2.12988136E-06 -2.707354E-01  0.000000E+00  5.972910E-04  3.102077E-02
46   2.23372266E-06 -2.839156E-01  0.000000E+00  6.302823E-04  2.957862E-02
47   2.34262602E-06 -2.977355E-01  0.000000E+00  6.648817E-04  2.820351E-02
48   2.45683814E-06 -3.122256E-01  0.000000E+00  7.011675E-04  2.689233E-02
49   2.57661775E-06 -3.274181E-01  0.000000E+00  7.392218E-04  2.564210E-02
50   2.70223621E-06 -3.433466E-01  0.000000E+00  7.791309E-04  2.444999E-02
51   2.83397807E-06 -3.600464E-01  0.000000E+00  8.209850E-04  2.331330E-02
52   2.97214176E-06 -3.775541E-01  0.000000E+00  8.648790E-04  2.222944E-02
53   3.11704024E-06 -3.959083E-01  0.000000E+00  9.109122E-04  2.119597E-02
54   3.26900171E-06 -4.151491E-01  0.000000E+00  9.591888E-04  2.021053E-02
55   3.42837039E-06 -4.353185E-01  0.000000E+00  1.009818E-03  1.927089E-02
56   3.59550723E-06 -4.564604E-01  0.000000E+00  1.062915E-03  1.837493E-02
57   3.77079079E-06 -4.786203E-01  0.000000E+00  1.118599E-03  1.752060E-02
58   3.95461806E-06 -5.018462E-01  0.000000E+00  1.176997E-03  1.670598E-02
59   4.14740536E-06 -5.261877E-01  0.000000E+00  1.238240E-03  1.592921E-02
60   4.34958931E-06 -5.516967E-01  0.000000E+00  1.302468E-03  1.518853E-02
61   4.56162778E-06 -5.784272E-01  0.000000E+00  1.369825E-03  1.448226E-02
62   4.78400094E-06 -6.064353E-01  0.000000E+00  1.440464E-03  1.380880E-02
63   5.01721237E-06 -6.357794E-01  0.000000E+00  1.514545E-03  1.316662E-02
64   5.26179014E-06 -6.665201E-01  0.000000E+00  1.592236E-03  1.255427E-02
65   5.51828807E-06 -6.987204E-01  0.000000E+00  1.673711E-03  1.197035E-02
66   5.78728693E-06 -7.324454E-01  0.000000E+00  1.759156E-03  1.141354E-02
67   6.06939579E-06 -7.677625E-01  0.000000E+00  1.848764E-03  1.088257E-02
68   6.36525337E-06 -8.047415E-01  0.000000E+00  1.942737E-03  1.037624E-02
69   6.67552950E-06 -8.434541E-01  0.000000E+00  2.041288E-03  9.893393E-03
70   7.00092662E-06 -8.839744E-01  0.000000E+00  2.144640E-03  9.432941E-03
71   7.34218137E-06 -9.263782E-01  0.000000E+00  2.253026E-03  8.993833E-03
72   7.70006627E-06 -9.707434E-01  0.000000E+00  2.366691E-03  8.575070E-03
73   8.07539144E-06 -1.017149E+00  0.000000E+00  2.485892E-03  8.175700E-03
74   8.46900646E-06 -1.065677E+00  0.000000E+00  2.610899E-03  7.794814E-03
75   8.88180225E-06 -1.116408E+00  0.000000E+00  2.741994E-03  7.431545E-03
76   9.31471313E-06 -1.169425E+00  0.000000E+00  2.879473E-03  7.085064E-03
77   9.76871886E-06 -1.224810E+00  0.000000E+00  3.023647E-03  6.754581E-03
78   1.02448470E-05 -1.282647E+00  0.000000E+00  3.174841E-03  6.439341E-03
79   1.07441749E-05 -1.343017E+00  0.000000E+00  3.333397E-03  6.138626E-03
80   1.12678326E-05 -1.405999E+00  0.000000E+00  3.499673E-03  5.851745E-03
81   1.18170050E-05 -1.471670E+00  0.000000E+00  3.674044E-03  5.578043E-03
82   1.23929348E-05 -1.540103E+00  0.000000E+00  3.856904E-03  5.316891E-03
83   1.29969250E-05 -1.611364E+00  0.000000E+00  4.048665E-03  5.067690E-03
84   1.36303422E-05 -1.685514E+00  0.000000E+00  4.249760E-03  4.829865E-03
85   1.42946193E-05 -1.762605E+00  0.000000E+00  4.460642E-03  4.602869E-03
86   1.49912590E-05 -1.842677E+00  0.000000E+00  4.681787E-03  4.386176E-03
87   1.57218372E-05 -1.925754E+00  0.000000E+00  4.913694E-03  4.179285E-03
88   1.64880065E-05 -2.011848E+00  0.000000E+00  5.156885E-03  3.981715E-03
89   1.72914998E-05 -2.100946E+00  0.000000E+00  5.411908E-03  3.793005E-03
90   1.81341342E-05 -2.193012E+00  0.000000E+00  5.679338E-03  3.612714E-03
91   1.90178154E-05 -2.287981E+00  0.000000E+00  5.959776E-03  3.440420E-03
92   1.99445419E-05 -2.385749E+00  0.000000E+00  6.253855E-03  3.275716E-03
93   2.09164090E-05 -2.486175E+00  0.000000E+00  6.562236E-03  3.118214E-03
94   2.19356142E-05 -2.589064E+00  0.000000E+00  6.885612E-03  2.967540E-03
95   2.30044619E-05 -2.694163E+00  0.000000E+00  7.224712E-03  2.823336E-03
96   2.41253685E-05 -2.801151E+00  0.000000E+00  7.580297E-03  2.685258E-03
97   2.53008679E-05 -2.909624E+00  0.000000E+00  7.953166E-03  2.552975E-03
98   2.65336171E-05 -3.019083E+00  0.000000E+00  8.344157E-03  2.426170E-03
99   2.78264025E-05 -3.128916E+00  0.000000E+00  8.754148E-03  2.304540E-03
100  2.91821459E-05 -3.238381E+00  0.000000E+00  9.184060E-03  2.187794E-03
101  3.06039110E-05 -3.346585E+00  0.000000E+00  9.634856E-03  2.075655E-03
102  3.20949107E-05 -3.452453E+00  0.000000E+00  1.010755E-02  1.967858E-03
103  3.36585138E-05 -3.554707E+00  0.000000E+00  1.060320E-02  1.864155E-03
104  3.52982529E-05 -3.651825E+00  0.000000E+00  1.112291E-02  1.764310E-03
105  3.70178325E-05 -3.742006E+00  0.000000E+00  1.166785E-02  1.668392E-03
106  3.88211369E-05 -3.823124E+00  0.000000E+00  1.223925E-02  1.572980E-03
107  4.07122391E-05 -3.892674E+00  0.000000E+00  1.283837E-02  1.452880E-03
108  4.26954103E-05 -3.947714E+00  0.000000E+00  1.346657E-02  1.661046E-03
109  4.47751288E-05 -3.984795E+00  0.000000E+00  1.412602E-02  1.435684E-03
110  4.69560907E-05 -3.999877E+00  0.000000E+00  1.481609E-02  4.747989E-04
111  4.92432202E-05 -4.000000E+00  0.000000E+00  1.553850E-02  1.167619E-03
112  5.16416807E-05 -4.000000E+00  0.000000E+00  1.629929E-02  1.590980E-03
113  5.41568862E-05 -4.000000E+00  0.000000E+00  1.709538E-02  9.437747E-04
114  5.67945137E-05 -4.000000E+00  0.000000E+00  1.793006E-02  9.303068E-04
115  5.95605159E-05 -4.000000E+00  0.000000E+00  1.880527E-02  8.676542E-04
116  6.24611344E-05 -4.000000E+00  0.000000E+00  1.972296E-02  8.007234E-04
117  6.55029138E-05 -4.000000E+00  0.000000E+00  2.068519E-02  7.361739E-04
118  6.86927164E-05 -4.000000E+00  0.000000E+00  2.169413E-02  6.732932E-04
119  7.20377376E-05 -4.000000E+00  0.000000E+00  2.275206E-02  6.119339E-04
120  7.55455220E-05 -4.000000E+00  0.000000E+00  2.386134E-02  5.519573E-04
121  7.92239802E-05 -4.000000E+00  0.000000E+00  2.502448E-02  4.932278E-04
122  8.30814065E-05 -4.000000E+00  0.000000E+00  2.624408E-02  4.356128E-04
123  8.71264977E-05 -4.000000E+00  0.000000E+00  2.752291E-02  3.789819E-04
124  9.13683726E-05 -4.000000E+00  0.000000E+00  2.886381E-02  3.232074E-04
125  9.58165918E-05 -4.000000E+00  0.000000E+00  3.026982E-02  2.681631E-04
126  1.00481180E-04 -4.000000E+00  0.000000E+00  3.174409E-02  2.137248E-04
127  1.05372647E-04 -4.000000E+00  0.000000E+00  3.328993E-02  1.597697E-04
128  1.10502014E-04 -4.000000E+00  0.000000E+00  3.491081E-02  1.061759E-04
129  1.15880835E-04 -4.000000E+00  0.000000E+00  3.661037E-02  5.282250E-05
130  1.21521223E-04 -4.000000E+00  0.000000E+00  3.839242E-02 -4.107722E-07
131  1.27435880E-04 -4.000000E+00  0.000000E+00  4.026097E-02 -5.364398E-05
132  1.33638123E-04 -4.000000E+00  0.000000E+00  4.222020E-02 -1.069971E-04
133  1.40141913E-04 -4.000000E+00  0.000000E+00  4.427450E-02 -1.605903E-04
134  1.46961887E-04 -4.000000E+00  0.000000E+00  4.642848E-02 -2.145444E-04
135  1.54113394E-04 -4.000000E+00  0.000000E+00  4.868697E-02 -2.689808E-04
136  1.61612521E-04 -4.000000E+00  0.000000E+00  5.105503E-02 -3.240220E-04
137  1.69476139E-04 -4.000000E+00  0.000000E+00  5.353795E-02 -3.797918E-04
138  1.77721932E-04 -4.000000E+00  0.000000E+00  5.614129E-02 -4.364157E-04
139  1.86368441E-04 -4.000000E+00  0.000000E+00  5.887089E-02 -4.940208E-04
140  1.95435103E-04 -4.000000E+00  0.000000E+00  6.173283E-02 -5.527366E-04
141  2.04942298E-04 -4.000000E+00  0.000000E+00  6.473352E-02 -6.126950E-04
142  2.14911390E-04 -4.000000E+00  0.000000E+00  6.787967E-02 -6.740304E-04
143  2.25364774E-04 -4.000000E+00  0.000000E+00  7.117830E-02 -7.368805E-04
144  2.36325931E-04 -4.000000E+00  0.000000E+00  7.463677E-02 -8.013862E-04
145  2.47819476E-04 -4.000000E+00  0.000000E+00  7.826280E-02 -8.676920E-04
146  2.59871212E-04 -4.000000E+00  0.000000E+00  8.206448E-02 -9.359465E-04
147  2.72508190E-04 -4.000000E+00  0.000000E+00  8.605028E-02 -1.006302E-03
148  2.85758769E-04 -4.000000E+00  0.000000E+00  9.022908E-02 -1.078917E-03
149  2.99652674E-04 -4.000000E+00  0.000000E+00  9.461018E-02 -1.153953E-03
150  3.14221068E-04 -4.000000E+00  0.000000E+00  9.920333E-02 -1.231577E-03
151  3.29496617E-04 -4.000000E+00  0.000000E+00  1.040187E-01 -1.311964E-03
152  3.45513565E-04 -4.000000E+00  0.000000E+00  1.090671E-01 -1.395292E-03
153  3.62307805E-04 -4.000000E+00  0.000000E+00  1.143597E-01 -1.481748E-03
154  3.79916964E-04 -4.000000E+00  0.000000E+00  1.199082E-01 -1.571524E-03
155  3.98380482E-04 -4.000000E+00  0.000000E+00  1.257249E-01 -1.664820E-03
156  4.17739701E-04 -4.000000E+00  0.000000E+00  1.318228E-01 -1.761844E-03
157  4.38037955E-04 -4.000000E+00  0.000000E+00  1.382152E-01 -1.862811E-03
158  4.59320666E-04 -4.000000E+00  0.000000E+00  1.449165E-01 -1.967946E-03
159  4.81635444E-04 -4.000000E+00  0.000000E+00  1.519413E-01 -2.077483E-03
160  5.05032192E-04 -4.000000E+00  0.000000E+00  1.593052E-01 -2.191665E-03
161  5.29563212E-04 -4.000000E+00  0.000000E+00  1.670245E-01 -2.310744E-03
162  5.55283328E-04 -4.000000E+00  0.000000E+00  1.751161E-01 -2.434986E-03
163  5.82249997E-04 -4.000000E+00  0.000000E+00  1.835980E-01 -2.564664E-03
164  6.10523441E-04 -4.000000E+00  0.000000E+00  1.924887E-01 -2.700066E-03
165  6.40166778E-04 -4.000000E+00  0.000000E+00  2.018078E-01 -2.841491E-03
166  6.71246158E-04 -4.000000E+00  0.000000E+00  2.115758E-01 -2.989252E-03
167  7.03830909E-04 -4.000000E+00  0.000000E+00  2.218141E-01 -3.143674E-03
168  7.37993689E-04 -4.000000E+00  0.000000E+00  2.325451E-01 -3.305098E-03
169  7.73810643E-04 -4.000000E+00  0.000000E+00  2.437923E-01 -3.473879E-03
170  8.11361571E-04 -4.000000E+00  0.000000E+00  2.555803E-01 -3.650389E-03
171  8.50730102E-04 -4.000000E+00  0.000000E+00  2.679349E-01 -3.835015E-03
172  8.92003873E-04 -4.000000E+00  0.000000E+00  2.808828E-01 -4.028163E-03
173  9.35274722E-04 -4.000000E+00  0.000000E+00  2.944524E-01 -4.230257E-03
174  9.80638888E-04 -4.000000E+00  0.000000E+00  3.086731E-01 -4.441738E-03
175  1.02819722E-03 -4.000000E+00  0.000000E+00  3.235757E-01 -4.663069E-03
176  1.07805539E-03 -4.000000E+00  0.000000E+00  3.391926E-01 -4.894735E-03
177  1.13032413E-03 -4.000000E+00  0.000000E+00  3.555574E-01 -5.137240E-03
178  1.18511948E-03 -4.000000E+00  0.000000E+00  3.727056E-01 -5.391112E-03
179  1.24256299E-03 -4.000000E+00  0.000000E+00  3.906740E-01 -5.656905E-03
180  1.30278207E-03 -4.000000E+00  0.000000E+00  4.095014E-01 -5.935194E-03
181  1.36591017E-03 -4.000000E+00  0.000000E+00  4.292281E-01 -6.226585E-03
182  1.43208713E-03 -4.000000E+00  0.000000E+00  4.498963E-01 -6.531707E-03
183  1.50145946E-03 -4.000000E+00  0.000000E+00  4.715502E-01 -6.851221E-03
184  1.57418067E-03 -4.000000E+00  0.000000E+00  4.942360E-01 -7.185816E-03
185  1.65041156E-03 -4.000000E+00  0.000000E+00  5.180019E-01 -7.536213E-03
186  1.73032060E-03 -4.000000E+00  0.000000E+00  5.428984E-01 -7.903165E-03
187  1.81408429E-03 -4.000000E+00  0.000000E+00  5.689781E-01 -8.287459E-03
188  1.90188752E-03 -4.000000E+00  0.000000E+00  5.962960E-01 -8.689920E-03
189  1.99392397E-03 -4.000000E+00  0.000000E+00  6.249097E-01 -9.111406E-03
190  2.09039653E-03 -4.000000E+00  0.000000E+00  6.548791E-01 -9.552817E-03
191  2.19151772E-03 -4.000000E+00  0.000000E+00  6.862670E-01 -1.001509E-02
192  2.29751015E-03 -4.000000E+00  0.000000E+00  7.191387E-01 -1.049921E-02
193  2.40860699E-03 -4.000000E+00  0.000000E+00  7.535626E-01 -1.100620E-02
194  2.52505247E-03 -4.000000E+00  0.000000E+00  7.896099E-01 -1.153713E-02
195  2.64710236E-03 -4.000000E+00  0.000000E+00  8.273550E-01 -1.209312E-02
196  2.77502457E-03 -4.000000E+00  0.000000E+00  8.668753E-01 -1.267533E-02
197  2.90909968E-03 -4.000000E+00  0.000000E+00  9.082518E-01 -1.328499E-02
198  3.04962151E-03 -4.000000E+00  0.000000E+00  9.515687E-01 -1.392337E-02
199  3.19689777E-03 -4.000000E+00  0.000000E+00  9.969140E-01 -1.459179E-02
200  3.35125071E-03 -4.000000E+00  0.000000E+00  1.044379E+00 -1.529165E-02
201  3.51301775E-03 -4.000000E+00  0.000000E+00  1.094059E+00 -1.602438E-02
202  3.68255223E-03 -4.000000E+00  0.000000E+00  1.146054E+00 -1.679150E-02
203  3.86022412E-03 -4.000000E+00  0.000000E+00  1.200466E+00 -1.759457E-02
204  4.04642079E-03 -4.000000E+00  0.000000E+00  1.257404E+00 -1.843525E-02
205  4.24154783E-03 -4.000000E+00  0.000000E+00  1.316979E+00 -1.931524E-02
206  4.44602986E-03 -4.000000E+00  0.000000E+00  1.379308E+00 -2.023632E-02
207  4.66031145E-03 -4.000000E+00  0.000000E+00  1.444510E+00 -2.120035E-02
208  4.88485798E-03 -4.000000E+00  0.000000E+00  1.512713E+00 -2.220927E-02
209  5.12015666E-03 -4.000000E+00  0.000000E+00  1.584046E+00 -2.326508E-02
210  5.36671747E-03 -4.000000E+00  0.000000E+00  1.658645E+00 -2.436988E-02
211  5.62507424E-03 -4.000000E+00  0.000000E+00  1.736650E+00 -2.552587E-02
212  5.89578572E-03 -4.000000E+00  0.000000E+00  1.818207E+00 -2.673530E-02
213  6.17943673E-03 -4.000000E+00  0.000000E+00  1.903466E+00 -2.800053E-02
214  6.47663935E-03 -4.000000E+00  0.000000E+00  1.992585E+00 -2.932403E-02
215  6.78803413E-03 -4.000000E+00  0.000000E+00  2.085724E+00 -3.070833E-02
216  7.11429143E-03 -4.000000E+00  0.000000E+00  2.183050E+00 -3.215610E-02
217  7.45611273E-03 -4.000000E+00  0.000000E+00  2.284738E+00 -3.367007E-02
218  7.81423205E-03 -4.000000E+00  0.000000E+00  2.390964E+00 -3.525310E-02
219  8.18941743E-03 -4.000000E+00  0.000000E+00  2.501914E+00 -3.690816E-02
220  8.58247246E-03 -4.000000E+00  0.000000E+00  2.617777E+00 -3.863830E-02
221  8.99423784E-03 -4.000000E+00  0.000000E+00  2.738749E+00 -4.044671E-02
222  9.42559314E-03 -4.000000E+00  0.000000E+00  2.865031E+00 -4.233667E-02
223  9.87745842E-03 -4.000000E+00  0.000000E+00  2.996830E+00 -4.431160E-02
224  1.03507961E-02 -4.000000E+00  0.000000E+00  3.134357E+00 -4.637502E-02
225  1.08466130E-02 -4.000000E+00  0.000000E+00  3.277832E+00 -4.853056E-02
226  1.13659620E-02 -4.000000E+00  0.000000E+00  3.427475E+00 -5.078198E-02
227  1.19099442E-02 -4.000000E+00  0.000000E+00  3.583517E+00 -5.313316E-02
228  1.24797113E-02 -4.000000E+00  0.000000E+00  3.746188E+00 -5.558809E-02
229  1.30764676E-02 -4.000000E+00  0.000000E+00  3.915725E+00 -5.815090E-02
230  1.37014724E-02 -4.000000E+00  0.000000E+00  4.092371E+00 -6.082581E-02
231  1.43560422E-02 -4.000000E+00  0.000000E+00  4.276368E+00 -6.361718E-02
232  1.50415536E-02 -4.000000E+00  0.000000E+00  4.467966E+00 -6.652948E-02
233  1.57594456E-02 -4.000000E+00  0.000000E+00  4.667414E+00 -6.956729E-02
234  1.65112227E-02 -4.000000E+00  0.000000E+00  4.874964E+00 -7.273531E-02
235  1.72984573E-02 -4.000000E+00  0.000000E+00  5.090869E+00 -7.603833E-02
236  1.81227929E-02 -4.000000E+00  0.000000E+00  5.315382E+00 -7.948126E-02
237  1.89859471E-02 -4.000000E+00  0.000000E+00  5.548756E+00 -8.306909E-02
238  1.98897150E-02 -4.000000E+00  0.000000E+00  5.791241E+00 -8.680691E-02
239  2.08359724E-02 -4.000000E+00  0.000000E+00  6.043085E+00 -9.069988E-02
240  2.18266789E-02 -4.000000E+00  0.000000E+00  6.304529E+00 -9.475324E-02
241  2.28638823E-02 -4.000000E+00  0.000000E+00  6.575811E+00 -9.897229E-02
242  2.39497216E-02 -4.000000E+00  0.000000E+00  6.857159E+00 -1.033623E-01
243  2.50864314E-02 -4.000000E+00  0.000000E+00  7.148793E+00 -1.079288E-01
244  2.62763455E-02 -4.000000E+00  0.000000E+00  7.450919E+00 -1.126770E-01
245  2.75219016E-02 -4.000000E+00  0.000000E+00  7.763731E+00 -1.176124E-01
246  2.88256451E-02 -4.000000E+00  0.000000E+00  8.087405E+00 -1.227403E-01
247  3.01902342E-02 -4.000000E+00  0.000000E+00  8.422098E+00 -1.280659E-01
248  3.16184442E-02 -4.000000E+00  0.000000E+00  8.767945E+00 -1.335946E-01
249  3.31131726E-02 -4.000000E+00  0.000000E+00  9.125055E+00 -1.393315E-01
250  3.46774441E-02 -4.000000E+00  0.000000E+00  9.493507E+00 -1.452814E-01
251  3.63144156E-02 -4.000000E+00  0.000000E+00  9.873348E+00 -1.514493E-01
252  3.80273823E-02 -4.000000E+00  0.000000E+00  1.026459E+01 -1.578397E-01
253  3.98197828E-02 -4.000000E+00  0.000000E+00  1.066719E+01 -1.644570E-01
254  4.16952049E-02 -4.000000E+00  0.000000E+00  1.108108E+01 -1.713052E-01
255  4.36573923E-02 -4.000000E+00  0.000000E+00  1.150612E+01 -1.783879E-01
256  4.57102501E-02 -4.000000E+00  0.000000E+00  1.194213E+01 -1.857084E-01
257  4.78578520E-02 -4.000000E+00  0.000000E+00  1.238884E+01 -1.932695E-01
258  5.01044466E-02 -4.000000E+00  0.000000E+00  1.284595E+01 -2.010734E-01
259  5.24544647E-02 -4.000000E+00  0.000000E+00  1.331304E+01 -2.091218E-01
260  5.49125263E-02 -4.000000E+00  0.000000E+00  1.378963E+01 -2.174156E-01
261  5.74834480E-02 -4.000000E+00  0.000000E+00  1.427515E+01 -2.259550E-01
262  6.01722512E-02 -4.000000E+00  0.000000E+00  1.476892E+01 -2.347393E-01
263  6.29841697E-02 -4.000000E+00  0.000000E+00  1.527015E+01 -2.437669E-01
264  6.59246581E-02 -4.000000E+00  0.000000E+00  1.577794E+01 -2.530350E-01
265  6.89994001E-02 -4.000000E+00  0.000000E+00  1.629127E+01 -2.625397E-01
266  7.22143180E-02 -4.000000E+00  0.000000E+00  1.680897E+01 -2.722760E-01
267  7.55755808E-02 -4.000000E+00  0.000000E+00  1.732973E+01 -2.822372E-01
268  7.90896148E-02 -4.000000E+00  0.000000E+00  1.785208E+01 -2.924153E-01
269  8.27631122E-02 -4.000000E+00  0.000000E+00  1.837439E+01 -3.028006E-01
270  8.66030417E-02 -4.000000E+00  0.000000E+00  1.889485E+01 -3.133815E-01
271  9.06166588E-02 -4.000000E+00  0.000000E+00  1.941147E+01 -3.241446E-01
272  9.48115163E-02 -4.000000E+00  0.000000E+00  1.992206E+01 -3.350742E-01
273  9.91954754E-02 -4.000000E+00  0.000000E+00  2.042421E+01 -3.461525E-01
274  1.03776717E-01 -4.000000E+00  0.000000E+00  2.091532E+01 -3.573594E-01
275  1.08563752E-01 -4.000000E+00  0.000000E+00  2.139254E+01 -3.686720E-01
276  1.13565436E-01 -4.000000E+00  0.000000E+00  2.185280E+01 -3.800647E-01
277  1.18790980E-01 -4.000000E+00  0.000000E+00  2.229278E+01 -3.915092E-01
278  1.24249962E-01 -4.000000E+00  0.000000E+00  2.270892E+01 -4.029740E-01
279  1.29952342E-01 -4.000000E+00  0.000000E+00  2.309741E+01 -4.144244E-01
280  1.35908473E-01 -4.000000E+00  0.000000E+00  2.345417E+01 -4.258223E-01
281  1.42129119E-01 -4.000000E+00  0.000000E+00  2.377490E+01 -4.371262E-01
282  1.48625462E-01 -4.000000E+00  0.000000E+00  2.405500E+01 -4.482908E-01
283  1.55409124E-01 -4.000000E+00  0.000000E+00  2.428967E+01 -4.592673E-01
284  1.62492176E-01 -4.000000E+00  0.000000E+00  2.447383E+01 -4.700026E-01
285  1.69887158E-01 -4.000000E+00  0.000000E+00  2.460220E+01 -4.804402E-01
286  1.77607089E-01 -4.000000E+00  0.000000E+00  2.466928E+01 -4.905191E-01
287  1.85665488E-01 -4.000000E+00  0.000000E+00  2.466938E+01 -5.001745E-01
288  1.94076386E-01 -4.000000E+00  0.000000E+00  2.459665E+01 -5.093377E-01
289  2.02854346E-01 -4.000000E+00  0.000000E+00  2.444511E+01 -5.179358E-01
290  2.12014479E-01 -4.000000E+00  0.000000E+00  2.420871E+01 -5.258921E-01
291  2.21572459E-01 -4.000000E+00  0.000000E+00  2.388133E+01 -5.331262E-01
292  2.31544543E-01 -4.000000E+00  0.000000E+00  2.345689E+01 -5.395544E-01
293  2.41947589E-01 -4.000000E+00  0.000000E+00  2.292937E+01 -5.450895E-01
294  2.52799074E-01 -4.000000E+00  0.000000E+00  2.229292E+01 -5.496415E-01
295  2.64117110E-01 -4.000000E+00  0.000000E+00  2.154190E+01 -5.531181E-01
296  2.75920470E-01 -4.000000E+00  0.000000E+00  2.067103E+01 -5.554249E-01
297  2.88228597E-01 -4.000000E+00  0.000000E+00  1.967543E+01 -5.564665E-01
298  3.01061635E-01 -4.000000E+00  0.000000E+00  1.855077E+01 -5.561468E-01
299  3.14440439E-01 -4.000000E+00  0.000000E+00  1.729339E+01 -5.543698E-01
300  3.28386602E-01 -4.000000E+00  0.000000E+00  1.590042E+01 -5.510410E-01
301  3.42922472E-01 -4.000000E+00  0.000000E+00  1.436994E+01 -5.460682E-01
302  3.58071175E-01 -4.000000E+00  0.000000E+00  1.270111E+01 -5.393624E-01
303  3.73856634E-01 -4.000000E+00  0.000000E+00  1.089434E+01 -5.308398E-01
304  3.90303591E-01 -4.000000E+00  0.000000E+00  8.951477E+00 -5.204224E-01
305  4.07437632E-01 -4.000000E+00  0.000000E+00  6.875937E+00 -5.080405E-01
306  4.25285201E-01 -4.000000E+00  0.000000E+00  4.672902E+00 -4.936333E-01
307  4.43873630E-01 -4.000000E+00  0.000000E+00  2.349486E+00 -4.771517E-01
308  4.63231156E-01 -4.000000E+00  0.000000E+00 -8.509995E-02 -4.585596E-01
309  4.83386945E-01 -4.000000E+00  0.000000E+00 -2.619386E+00 -4.378358E-01
310  5.04371117E-01 -4.000000E+00  0.000000E+00 -5.239497E+00 -4.149764E-01
311  5.26214763E-01 -4.000000E+00  0.000000E+00 -7.929026E+00 -3.899965E-01
312  5.48949971E-01 -4.000000E+00  0.000000E+00 -1.066893E+01 -3.629323E-01
313  5.72609850E-01 -4.000000E+00  0.000000E+00 -1.343745E+01 -3.338434E-01
314  5.97228549E-01 -4.000000E+00  0.000000E+00 -1.621007E+01 -3.028141E-01
315  6.22841284E-01 -4.000000E+00  0.000000E+00 -1.895956E+01 -2.699560E-01
316  6.49484356E-01 -4.000000E+00  0.000000E+00 -2.165599E+01 -2.354088E-01
317  6.77195179E-01 -4.000000E+00  0.000000E+00 -2.426685E+01 -1.993421E-01
318  7.06012298E-01 -4.000000E+00  0.000000E+00 -2.675730E+01 -1.619567E-01
319  7.35975414E-01 -4.000000E+00  0.000000E+00 -2.909036E+01 -1.234845E-01
320  7.67125405E-01 -4.000000E+00  0.000000E+00 -3.122731E+01 -8.418968E-02
321  7.99504352E-01 -4.000000E+00  0.000000E+00 -3.312810E+01 -4.436755E-02
322  8.33155554E-01 -4.000000E+00  0.000000E+00 -3.475192E+01 -4.344223E-03
323  8.68123557E-01 -4.000000E+00  0.000000E+00 -3.605780E+01  3.552519E-02
324  9.04454171E-01 -4.000000E+00  0.000000E+00 -3.700534E+01  7.485883E-02
325  9.42194494E-01 -4.000000E+00  0.000000E+00 -3.755560E+01  1.132512E-01
326  9.81392931E-01 -4.000000E+00  0.000000E+00 -3.767196E+01  1.502773E-01
327  1.02209922E+00 -4.000000E+00  0.000000E+00 -3.732120E+01  1.854971E-01
328  1.06436443E+00 -4.000000E+00  0.000000E+00 -3.647455E+01  2.184617E-01
329  1.10824102E+00 -4.000000E+00  0.000000E+00 -3.510890E+01  2.487198E-01
330  1.15378283E+00 -4.000000E+00  0.000000E+00 -3.320793E+01  2.758257E-01
331  1.20104510E+00 -4.000000E+00  0.000000E+00 -3.076339E+01  2.993470E-01
332  1.25008450E+00 -4.000000E+00  0.000000E+00 -2.777622E+01  3.188742E-01
333  1.30095913E+00 -4.000000E+00  0.000000E+00 -2.425775E+01  3.340309E-01
334  1.35372857E+00 -4.000000E+00  0.000000E+00 -2.023068E+01  3.444830E-01
335  1.40845387E+00 -4.000000E+00  0.000000E+00 -1.573000E+01  3.499503E-01
336  1.46519755E+00 -4.000000E+00  0.000000E+00 -1.080370E+01  3.502164E-01
337  1.52402366E+00 -4.000000E+00  0.000000E+00 -5.513147E+00  3.451392E-01
338  1.58499775E+00 -4.000000E+00  0.000000E+00  6.669483E-02  3.346605E-01
339  1.64818693E+00 -4.000000E+00  0.000000E+00  5.847540E+00  3.188149E-01
340  1.71365983E+00 -4.000000E+00  0.000000E+00  1.172839E+01  2.977372E-01
341  1.78148665E+00 -4.000000E+00  0.000000E+00  1.759659E+01  2.716679E-01
342  1.85173916E+00 -4.000000E+00  0.000000E+00  2.332945E+01  2.409575E-01
343  1.92449069E+00 -4.000000E+00  0.000000E+00  2.879628E+01  2.060674E-01
344  1.99981619E+00 -4.000000E+00  0.000000E+00  3.386101E+01  1.675681E-01
345  2.07779218E+00 -4.000000E+00  0.000000E+00  3.838530E+01  1.261349E-01
346  2.15849678E+00 -4.000000E+00  0.000000E+00  4.223217E+01  8.253964E-02
347  2.24200974E+00 -4.000000E+00  0.000000E+00  4.526999E+01  3.763930E-02
348  2.32841239E+00 -4.000000E+00  0.000000E+00  4.737689E+01 -7.639322E-03
349  2.41778771E+00 -4.000000E+00  0.000000E+00  4.844539E+01 -5.231811E-02
350  2.51022029E+00 -4.000000E+00  0.000000E+00  4.838710E+01 -9.538956E-02
351  2.60579632E+00 -4.000000E+00  0.000000E+00  4.713742E+01 -1.358416E-01
352  2.70460364E+00 -4.000000E+00  0.000000E+00  4.465998E+01 -1.726849E-01
353  2.80673169E+00 -4.000000E+00  0.000000E+00  4.095066E+01 -2.049817E-01
354  2.91227154E+00 -4.000000E+00  0.000000E+00  3.604089E+01 -2.318755E-01
355  3.02131587E+00 -4.000000E+00  0.000000E+00  3.000023E+01 -2.526212E-01
356  3.13395898E+00 -4.000000E+00  0.000000E+00  2.293767E+01 -2.666134E-01
357  3.25029677E+00 -4.000000E+00  0.000000E+00  1.500179E+01 -2.734123E-01
358  3.37042674E+00 -4.000000E+00  0.000000E+00  6.379458E+00 -2.727671E-01
359  3.49444798E+00 -4.000000E+00  0.000000E+00 -2.707144E+00 -2.646331E-01
360  3.62246118E+00 -4.000000E+00  0.000000E+00 -1.200503E+01 -2.491843E-01
361  3.75456858E+00 -4.000000E+00  0.000000E+00 -2.123663E+01 -2.268182E-01
362  3.89087401E+00 -4.000000E+00  0.000000E+00 -3.010762E+01 -1.981534E-01
363  4.03148282E+00 -4.000000E+00  0.000000E+00 -3.831612E+01 -1.640192E-01
364  4.17650192E+00 -4.000000E+00  0.000000E+00 -4.556316E+01 -1.254360E-01
365  4.32603974E+00 -4.000000E+00  0.000000E+00 -5.156393E+01 -8.358829E-02
366  4.48020621E+00 -4.000000E+00  0.000000E+00 -5.605961E+01 -3.978929E-02
367  4.63911274E+00 -4.000000E+00  0.000000E+00 -5.882905E+01  4.560926E-03
368  4.80287225E+00 -4.000000E+00  0.000000E+00 -5.970001E+01  4.802299E-02
369  4.97159907E+00 -4.000000E+00  0.000000E+00 -5.855921E+01  8.916945E-02
370  5.14540899E+00 -4.000000E+00  0.000000E+00 -5.536080E+01  1.266379E-01
371  5.32441921E+00 -4.000000E+00  0.000000E+00 -5.013251E+01  1.591835E-01
372  5.50874831E+00 -4.000000E+00  0.000000E+00 -4.297919E+01  1.857288E-01
373  5.69851626E+00 -4.000000E+00  0.000000E+00 -3.408324E+01  2.054082E-01
374  5.89384434E+00 -4.000000E+00  0.000000E+00 -2.370169E+01  2.176051E-01
375  6.09485518E+00 -4.000000E+00  0.000000E+00 -1.215983E+01  2.219791E-01
376  6.30167269E+00 -4.000000E+00  0.000000E+00  1.585271E-01  2.184823E-01
377  6.51442206E+00 -4.000000E+00  0.000000E+00  1.282397E+01  2.073631E-01
378  6.73322970E+00 -4.000000E+00  0.000000E+00  2.537709E+01  1.891570E-01
379  6.95822325E+00 -4.000000E+00  0.000000E+00  3.734621E+01  1.646646E-01
380  7.18953153E+00 -4.000000E+00  0.000000E+00  4.826649E+01  1.349176E-01
381  7.42728452E+00 -4.000000E+00  0.000000E+00  5.769943E+01  1.011337E-01
382  7.67161330E+00 -4.000000E+00  0.000000E+00  6.525191E+01  6.466358E-02
383  7.92265008E+00 -4.000000E+00  0.000000E+00  7.059382E+01  2.693127E-02
384  8.18052811E+00 -4.000000E+00  0.000000E+00  7.347321E+01 -1.062801E-02
385  8.44538166E+00 -4.000000E+00  0.000000E+00  7.372818E+01 -4.663017E-02
386  8.71734604E+00 -4.000000E+00  0.000000E+00  7.129486E+01 -7.980110E-02
387  8.99655748E+00 -4.000000E+00  0.000000E+00  6.621089E+01 -1.090291E-01
388  9.28315317E+00 -4.000000E+00  0.000000E+00  5.861426E+01 -1.334085E-01
389  9.57727120E+00 -4.000000E+00  0.000000E+00  4.873735E+01 -1.522715E-01
390  9.87905051E+00 -4.000000E+00  0.000000E+00  3.689659E+01 -1.652082E-01
391  1.01886309E+01 -4.000000E+00  0.000000E+00  2.347826E+01 -1.720724E-01
392  1.05061529E+01 -4.000000E+00  0.000000E+00  8.921055E+00 -1.729749E-01
393  1.08317579E+01 -4.000000E+00  0.000000E+00 -6.303453E+00 -1.682638E-01
394  1.11655880E+01 -4.000000E+00  0.000000E+00 -2.171156E+01 -1.584944E-01
395  1.15077858E+01 -4.000000E+00  0.000000E+00 -3.682817E+01 -1.443902E-01
396  1.18584949E+01 -4.000000E+00  0.000000E+00 -5.120641E+01 -1.267979E-01
397  1.22178593E+01 -4.000000E+00  0.000000E+00 -6.444524E+01 -1.066394E-01
398  1.25860236E+01 -4.000000E+00  0.000000E+00 -7.620402E+01 -8.486860E-02
399  1.29631330E+01 -4.000000E+00  0.000000E+00 -1.798172E+02 -1.301136E-01
