#      n =  2
#  kappa = -1
# energy = -9.87776380E+02
#     vc = -1.98516131E+03


0    5.88235294E-08 -2.022163E-02  0.000000E+00 -0.000000E+00  1.806215E-02
1    6.16909100E-08 -2.120735E-02  0.000000E+00  1.511279E-07  1.806215E-02
2    6.46980543E-08 -2.224110E-02  0.000000E+00  3.096222E-07  1.722262E-02
3    6.78517743E-08 -2.332525E-02  0.000000E+00  4.758419E-07  1.642212E-02
4    7.11592137E-08 -2.446224E-02  0.000000E+00  6.501635E-07  1.565883E-02
5    7.46278645E-08 -2.565465E-02  0.000000E+00  8.329819E-07  1.493102E-02
6    7.82655838E-08 -2.690518E-02  0.000000E+00  1.024711E-06  1.423704E-02
7    8.20806114E-08 -2.821666E-02  0.000000E+00  1.225786E-06  1.357532E-02
8    8.60815888E-08 -2.959207E-02  0.000000E+00  1.436661E-06  1.294435E-02
9    9.02775786E-08 -3.103451E-02  0.000000E+00  1.657814E-06  1.234271E-02
10   9.46780849E-08 -3.254726E-02  0.000000E+00  1.889747E-06  1.176904E-02
11   9.92930749E-08 -3.413374E-02  0.000000E+00  2.132984E-06  1.122203E-02
12   1.04133002E-07 -3.579755E-02  0.000000E+00  2.388077E-06  1.070045E-02
13   1.09208828E-07 -3.754245E-02  0.000000E+00  2.655603E-06  1.020311E-02
14   1.14532049E-07 -3.937240E-02  0.000000E+00  2.936168E-06  9.728893E-03
15   1.20114722E-07 -4.129154E-02  0.000000E+00  3.230408E-06  9.276715E-03
16   1.25969492E-07 -4.330422E-02  0.000000E+00  3.538989E-06  8.845555E-03
17   1.32109618E-07 -4.541499E-02  0.000000E+00  3.862609E-06  8.434435E-03
18   1.38549007E-07 -4.762864E-02  0.000000E+00  4.202003E-06  8.042425E-03
19   1.45302243E-07 -4.995017E-02  0.000000E+00  4.557938E-06  7.668635E-03
20   1.52384619E-07 -5.238486E-02  0.000000E+00  4.931221E-06  7.312220E-03
21   1.59812177E-07 -5.493820E-02  0.000000E+00  5.322697E-06  6.972371E-03
22   1.67601736E-07 -5.761599E-02  0.000000E+00  5.733253E-06  6.648319E-03
23   1.75770937E-07 -6.042428E-02  0.000000E+00  6.163818E-06  6.339329E-03
24   1.84338281E-07 -6.336944E-02  0.000000E+00  6.615367E-06  6.044701E-03
25   1.93323169E-07 -6.645814E-02  0.000000E+00  7.088923E-06  5.763767E-03
26   2.02745947E-07 -6.969736E-02  0.000000E+00  7.585559E-06  5.495891E-03
27   2.12627954E-07 -7.309445E-02  0.000000E+00  8.106399E-06  5.240466E-03
28   2.22991566E-07 -7.665710E-02  0.000000E+00  8.652622E-06  4.996913E-03
29   2.33860252E-07 -8.039336E-02  0.000000E+00  9.225465E-06  4.764680E-03
30   2.45258622E-07 -8.431172E-02  0.000000E+00  9.826226E-06  4.543242E-03
31   2.57212486E-07 -8.842102E-02  0.000000E+00  1.045626E-05  4.332096E-03
32   2.69748911E-07 -9.273059E-02  0.000000E+00  1.111701E-05  4.130764E-03
33   2.82896283E-07 -9.725017E-02  0.000000E+00  1.180995E-05  3.938789E-03
34   2.96684369E-07 -1.019900E-01  0.000000E+00  1.253666E-05  3.755738E-03
35   3.11144388E-07 -1.069608E-01  0.000000E+00  1.329879E-05  3.581194E-03
36   3.26309079E-07 -1.121738E-01  0.000000E+00  1.409806E-05  3.414763E-03
37   3.42212775E-07 -1.176409E-01  0.000000E+00  1.493627E-05  3.256068E-03
38   3.58891484E-07 -1.233744E-01  0.000000E+00  1.581534E-05  3.104748E-03
39   3.76382963E-07 -1.293872E-01  0.000000E+00  1.673724E-05  2.960462E-03
40   3.94726813E-07 -1.356931E-01  0.000000E+00  1.770407E-05  2.822882E-03
41   4.13964560E-07 -1.423062E-01  0.000000E+00  1.871801E-05  2.691696E-03
42   4.34139755E-07 -1.492416E-01  0.000000E+00  1.978136E-05  2.566607E-03
43   4.55298069E-07 -1.565149E-01  0.000000E+00  2.089652E-05  2.447332E-03
44   4.77487397E-07 -1.641425E-01  0.000000E+00  2.206603E-05  2.333601E-03
45   5.00757968E-07 -1.721419E-01  0.000000E+00  2.329252E-05  2.225155E-03
46   5.25162455E-07 -1.805309E-01  0.000000E+00  2.457878E-05  2.121750E-03
47   5.50756097E-07 -1.893287E-01  0.000000E+00  2.592771E-05  2.023151E-03
48   5.77596824E-07 -1.985552E-01  0.000000E+00  2.734237E-05  1.929134E-03
49   6.05745386E-07 -2.082311E-01  0.000000E+00  2.882596E-05  1.839486E-03
50   6.35265490E-07 -2.183785E-01  0.000000E+00  3.038183E-05  1.754005E-03
51   6.66223947E-07 -2.290202E-01  0.000000E+00  3.201352E-05  1.672496E-03
52   6.98690821E-07 -2.401803E-01  0.000000E+00  3.372471E-05  1.594776E-03
53   7.32739586E-07 -2.518841E-01  0.000000E+00  3.551927E-05  1.520667E-03
54   7.68447295E-07 -2.641580E-01  0.000000E+00  3.740126E-05  1.450002E-03
55   8.05894751E-07 -2.770298E-01  0.000000E+00  3.937495E-05  1.382621E-03
56   8.45166692E-07 -2.905285E-01  0.000000E+00  4.144480E-05  1.318372E-03
57   8.86351981E-07 -3.046848E-01  0.000000E+00  4.361549E-05  1.257108E-03
58   9.29543808E-07 -3.195305E-01  0.000000E+00  4.589194E-05  1.198691E-03
59   9.74839897E-07 -3.350993E-01  0.000000E+00  4.827929E-05  1.142988E-03
60   1.02234273E-06 -3.514263E-01  0.000000E+00  5.078295E-05  1.089873E-03
61   1.07215978E-06 -3.685484E-01  0.000000E+00  5.340858E-05  1.039227E-03
62   1.12440375E-06 -3.865042E-01  0.000000E+00  5.616211E-05  9.909333E-04
63   1.17919283E-06 -4.053344E-01  0.000000E+00  5.904979E-05  9.448835E-04
64   1.23665096E-06 -4.250814E-01  0.000000E+00  6.207814E-05  9.009730E-04
65   1.29690811E-06 -4.457899E-01  0.000000E+00  6.525401E-05  8.591023E-04
66   1.36010058E-06 -4.675064E-01  0.000000E+00  6.858458E-05  8.191765E-04
67   1.42637131E-06 -4.902801E-01  0.000000E+00  7.207738E-05  7.811051E-04
68   1.49587017E-06 -5.141623E-01  0.000000E+00  7.574033E-05  7.448018E-04
69   1.56875435E-06 -5.392069E-01  0.000000E+00  7.958169E-05  7.101844E-04
70   1.64518869E-06 -5.654702E-01  0.000000E+00  8.361016E-05  6.771743E-04
71   1.72534602E-06 -5.930115E-01  0.000000E+00  8.783484E-05  6.456967E-04
72   1.80940762E-06 -6.218928E-01  0.000000E+00  9.226529E-05  6.156801E-04
73   1.89756355E-06 -6.521790E-01  0.000000E+00  9.691152E-05  5.870566E-04
74   1.99001315E-06 -6.839384E-01  0.000000E+00  1.017840E-04  5.597612E-04
75   2.08696544E-06 -7.172423E-01  0.000000E+00  1.068939E-04  5.337320E-04
76   2.18863961E-06 -7.521656E-01  0.000000E+00  1.122525E-04  5.089098E-04
77   2.29526551E-06 -7.887866E-01  0.000000E+00  1.178722E-04  4.852383E-04
78   2.40708418E-06 -8.271877E-01  0.000000E+00  1.237655E-04  4.626638E-04
79   2.52434837E-06 -8.674548E-01  0.000000E+00  1.299458E-04  4.411350E-04
80   2.64732314E-06 -9.096782E-01  0.000000E+00  1.364270E-04  4.206029E-04
81   2.77628643E-06 -9.539523E-01  0.000000E+00  1.432239E-04  4.010209E-04
82   2.91152969E-06 -1.000376E+00  0.000000E+00  1.503517E-04  3.823443E-04
83   3.05335854E-06 -1.049054E+00  0.000000E+00  1.578265E-04  3.645307E-04
84   3.20209350E-06 -1.100093E+00  0.000000E+00  1.656653E-04  3.475394E-04
85   3.35807061E-06 -1.153608E+00  0.000000E+00  1.738858E-04  3.313318E-04
86   3.52164230E-06 -1.209718E+00  0.000000E+00  1.825065E-04  3.158707E-04
87   3.69317811E-06 -1.268547E+00  0.000000E+00  1.915468E-04  3.011208E-04
88   3.87306555E-06 -1.330225E+00  0.000000E+00  2.010273E-04  2.870484E-04
89   4.06171097E-06 -1.394890E+00  0.000000E+00  2.109692E-04  2.736212E-04
90   4.25954045E-06 -1.462684E+00  0.000000E+00  2.213951E-04  2.608084E-04
91   4.46700081E-06 -1.533755E+00  0.000000E+00  2.323285E-04  2.485803E-04
92   4.68456055E-06 -1.608260E+00  0.000000E+00  2.437940E-04  2.369089E-04
93   4.91271096E-06 -1.686363E+00  0.000000E+00  2.558176E-04  2.257670E-04
94   5.15196720E-06 -1.768233E+00  0.000000E+00  2.684263E-04  2.151288E-04
95   5.40286945E-06 -1.854048E+00  0.000000E+00  2.816487E-04  2.049696E-04
96   5.66598414E-06 -1.943995E+00  0.000000E+00  2.955144E-04  1.952654E-04
97   5.94190522E-06 -2.038267E+00  0.000000E+00  3.100549E-04  1.859935E-04
98   6.23125547E-06 -2.137066E+00  0.000000E+00  3.253028E-04  1.771319E-04
99   6.53468794E-06 -2.240604E+00  0.000000E+00  3.412926E-04  1.686596E-04
100  6.85288740E-06 -2.349100E+00  0.000000E+00  3.580604E-04  1.605562E-04
101  7.18657184E-06 -2.462783E+00  0.000000E+00  3.756437E-04  1.528020E-04
102  7.53649415E-06 -2.581890E+00  0.000000E+00  3.940824E-04  1.453783E-04
103  7.90344375E-06 -2.706669E+00  0.000000E+00  4.134180E-04  1.382666E-04
104  8.28824840E-06 -2.837376E+00  0.000000E+00  4.336938E-04  1.314492E-04
105  8.69177603E-06 -2.974278E+00  0.000000E+00  4.549557E-04  1.249089E-04
106  9.11493670E-06 -3.117651E+00  0.000000E+00  4.772515E-04  1.186288E-04
107  9.55868463E-06 -3.267780E+00  0.000000E+00  5.006312E-04  1.125926E-04
108  1.00240204E-05 -3.424960E+00  0.000000E+00  5.251476E-04  1.067842E-04
109  1.05119930E-05 -3.589494E+00  0.000000E+00  5.508557E-04  1.011878E-04
110  1.10237025E-05 -3.761696E+00  0.000000E+00  5.778132E-04  9.578790E-05
111  1.15603021E-05 -3.941886E+00  0.000000E+00  6.060808E-04  9.056912E-05
112  1.21230013E-05 -4.130394E+00  0.000000E+00  6.357220E-04  8.551621E-05
113  1.27130678E-05 -4.327553E+00  0.000000E+00  6.668031E-04  8.061395E-05
114  1.33318312E-05 -4.533707E+00  0.000000E+00  6.993940E-04  7.584713E-05
115  1.39806852E-05 -4.749201E+00  0.000000E+00  7.335677E-04  7.120045E-05
116  1.46610914E-05 -4.974383E+00  0.000000E+00  7.694008E-04  6.665850E-05
117  1.53745820E-05 -5.209603E+00  0.000000E+00  8.069735E-04  6.220560E-05
118  1.61227635E-05 -5.455208E+00  0.000000E+00  8.463698E-04  5.782585E-05
119  1.69073204E-05 -5.711542E+00  0.000000E+00  8.876780E-04  5.350295E-05
120  1.77300187E-05 -5.978940E+00  0.000000E+00  9.309902E-04  4.922017E-05
121  1.85927099E-05 -6.257724E+00  0.000000E+00  9.764031E-04  4.496029E-05
122  1.94973354E-05 -6.548202E+00  0.000000E+00  1.024018E-03  4.070547E-05
123  2.04459303E-05 -6.850655E+00  0.000000E+00  1.073941E-03  3.643721E-05
124  2.14406286E-05 -7.165337E+00  0.000000E+00  1.126283E-03  3.213623E-05
125  2.24836674E-05 -7.492463E+00  0.000000E+00  1.181161E-03  2.778243E-05
126  2.35773920E-05 -7.832200E+00  0.000000E+00  1.238697E-03  2.335475E-05
127  2.47242616E-05 -8.184657E+00  0.000000E+00  1.299017E-03  1.883114E-05
128  2.59268539E-05 -8.549871E+00  0.000000E+00  1.362256E-03  1.418845E-05
129  2.71878717E-05 -8.927792E+00  0.000000E+00  1.428554E-03  9.402366E-06
130  2.85101484E-05 -9.318266E+00  0.000000E+00  1.498056E-03  4.447357E-06
131  2.98966545E-05 -9.721012E+00  0.000000E+00  1.570917E-03 -7.033882E-07
132  3.13505040E-05 -1.013560E+01  0.000000E+00  1.647296E-03 -6.077980E-06
133  3.28749615E-05 -1.056143E+01  0.000000E+00  1.727361E-03 -1.170584E-05
134  3.44734495E-05 -1.099767E+01  0.000000E+00  1.811289E-03 -1.761767E-05
135  3.61495558E-05 -1.144326E+01  0.000000E+00  1.899262E-03 -2.384538E-05
136  3.79070416E-05 -1.189685E+01  0.000000E+00  1.991473E-03 -3.042198E-05
137  3.97498497E-05 -1.235674E+01  0.000000E+00  2.088123E-03 -3.738135E-05
138  4.16821135E-05 -1.282082E+01  0.000000E+00  2.189423E-03 -4.475801E-05
139  4.37081657E-05 -1.328653E+01  0.000000E+00  2.295592E-03 -5.258666E-05
140  4.58325484E-05 -1.375075E+01  0.000000E+00  2.406861E-03 -6.090170E-05
141  4.80600228E-05 -1.420971E+01  0.000000E+00  2.523470E-03 -6.973650E-05
142  5.03955797E-05 -1.465892E+01  0.000000E+00  2.645673E-03 -7.912245E-05
143  5.28444510E-05 -1.509301E+01  0.000000E+00  2.773734E-03 -8.908779E-05
144  5.54121206E-05 -1.550560E+01  0.000000E+00  2.907928E-03 -9.965603E-05
145  5.81043369E-05 -1.588914E+01  0.000000E+00  3.048545E-03 -1.108215E-04
146  6.09271252E-05 -1.623473E+01  0.000000E+00  3.195891E-03 -1.228430E-04
147  6.38868015E-05 -1.653188E+01  0.000000E+00  3.350282E-03 -1.378084E-04
148  6.69899858E-05 -1.676829E+01  0.000000E+00  3.512060E-03 -1.276936E-04
149  7.02436170E-05 -1.692953E+01  0.000000E+00  3.681789E-03 -1.442364E-04
150  7.36549679E-05 -1.699874E+01  0.000000E+00  3.859318E-03 -2.479167E-04
151  7.72316617E-05 -1.700000E+01  0.000000E+00  4.044795E-03 -1.955898E-04
152  8.09816881E-05 -1.700000E+01  0.000000E+00  4.240343E-03 -1.526915E-04
153  8.49134212E-05 -1.700000E+01  0.000000E+00  4.444707E-03 -2.270947E-04
154  8.90356379E-05 -1.700000E+01  0.000000E+00  4.658830E-03 -2.377505E-04
155  9.33575367E-05 -1.700000E+01  0.000000E+00  4.883201E-03 -2.534984E-04
156  9.78887585E-05 -1.700000E+01  0.000000E+00  5.118303E-03 -2.705247E-04
157  1.02639407E-04 -1.700000E+01  0.000000E+00  5.364647E-03 -2.880913E-04
158  1.07620071E-04 -1.700000E+01  0.000000E+00  5.622768E-03 -3.062893E-04
159  1.12841849E-04 -1.700000E+01  0.000000E+00  5.893226E-03 -3.251597E-04
160  1.18316369E-04 -1.700000E+01  0.000000E+00  6.176607E-03 -3.447436E-04
161  1.24055820E-04 -1.700000E+01  0.000000E+00  6.473524E-03 -3.650837E-04
162  1.30072974E-04 -1.700000E+01  0.000000E+00  6.784620E-03 -3.862241E-04
163  1.36381214E-04 -1.700000E+01  0.000000E+00  7.110568E-03 -4.082108E-04
164  1.42994567E-04 -1.700000E+01  0.000000E+00  7.452070E-03 -4.310916E-04
165  1.49927729E-04 -1.700000E+01  0.000000E+00  7.809863E-03 -4.549160E-04
166  1.57196101E-04 -1.700000E+01  0.000000E+00  8.184717E-03 -4.797357E-04
167  1.64815820E-04 -1.700000E+01  0.000000E+00  8.577439E-03 -5.056043E-04
168  1.72803796E-04 -1.700000E+01  0.000000E+00  8.988871E-03 -5.325777E-04
169  1.81177747E-04 -1.700000E+01  0.000000E+00  9.419898E-03 -5.607142E-04
170  1.89956236E-04 -1.700000E+01  0.000000E+00  9.871441E-03 -5.900745E-04
171  1.99158716E-04 -1.700000E+01  0.000000E+00  1.034447E-02 -6.207216E-04
172  2.08805564E-04 -1.700000E+01  0.000000E+00  1.083999E-02 -6.527215E-04
173  2.18918132E-04 -1.700000E+01  0.000000E+00  1.135906E-02 -6.861430E-04
174  2.29518792E-04 -1.700000E+01  0.000000E+00  1.190278E-02 -7.210576E-04
175  2.40630978E-04 -1.700000E+01  0.000000E+00  1.247231E-02 -7.575401E-04
176  2.52279244E-04 -1.700000E+01  0.000000E+00  1.306886E-02 -7.956685E-04
177  2.64489310E-04 -1.700000E+01  0.000000E+00  1.369370E-02 -8.355242E-04
178  2.77288123E-04 -1.700000E+01  0.000000E+00  1.434813E-02 -8.771920E-04
179  2.90703909E-04 -1.700000E+01  0.000000E+00  1.503355E-02 -9.207606E-04
180  3.04766236E-04 -1.700000E+01  0.000000E+00  1.575140E-02 -9.663226E-04
181  3.19506078E-04 -1.700000E+01  0.000000E+00  1.650318E-02 -1.013974E-03
182  3.34955877E-04 -1.700000E+01  0.000000E+00  1.729046E-02 -1.063817E-03
183  3.51149616E-04 -1.700000E+01  0.000000E+00  1.811491E-02 -1.115955E-03
184  3.68122887E-04 -1.700000E+01  0.000000E+00  1.897822E-02 -1.170499E-03
185  3.85912970E-04 -1.700000E+01  0.000000E+00  1.988221E-02 -1.227564E-03
186  4.04558910E-04 -1.700000E+01  0.000000E+00  2.082874E-02 -1.287268E-03
187  4.24101598E-04 -1.700000E+01  0.000000E+00  2.181978E-02 -1.349738E-03
188  4.44583860E-04 -1.700000E+01  0.000000E+00  2.285736E-02 -1.415103E-03
189  4.66050542E-04 -1.700000E+01  0.000000E+00  2.394363E-02 -1.483500E-03
190  4.88548610E-04 -1.700000E+01  0.000000E+00  2.508081E-02 -1.555071E-03
191  5.12127246E-04 -1.700000E+01  0.000000E+00  2.627122E-02 -1.629964E-03
192  5.36837947E-04 -1.700000E+01  0.000000E+00  2.751729E-02 -1.708333E-03
193  5.62734637E-04 -1.700000E+01  0.000000E+00  2.882154E-02 -1.790341E-03
194  5.89873779E-04 -1.700000E+01  0.000000E+00  3.018662E-02 -1.876155E-03
195  6.18314488E-04 -1.700000E+01  0.000000E+00  3.161527E-02 -1.965952E-03
196  6.48118658E-04 -1.700000E+01  0.000000E+00  3.311035E-02 -2.059915E-03
197  6.79351087E-04 -1.700000E+01  0.000000E+00  3.467485E-02 -2.158234E-03
198  7.12079612E-04 -1.700000E+01  0.000000E+00  3.631188E-02 -2.261109E-03
199  7.46375249E-04 -1.700000E+01  0.000000E+00  3.802468E-02 -2.368748E-03
200  7.82312336E-04 -1.700000E+01  0.000000E+00  3.981662E-02 -2.481367E-03
201  8.19968689E-04 -1.700000E+01  0.000000E+00  4.169121E-02 -2.599191E-03
202  8.59425758E-04 -1.700000E+01  0.000000E+00  4.365210E-02 -2.722457E-03
203  9.00768795E-04 -1.700000E+01  0.000000E+00  4.570309E-02 -2.851408E-03
204  9.44087025E-04 -1.700000E+01  0.000000E+00  4.784813E-02 -2.986299E-03
205  9.89473829E-04 -1.700000E+01  0.000000E+00  5.009131E-02 -3.127395E-03
206  1.03702693E-03 -1.700000E+01  0.000000E+00  5.243691E-02 -3.274974E-03
207  1.08684860E-03 -1.700000E+01  0.000000E+00  5.488935E-02 -3.429322E-03
208  1.13904584E-03 -1.700000E+01  0.000000E+00  5.745323E-02 -3.590737E-03
209  1.19373064E-03 -1.700000E+01  0.000000E+00  6.013332E-02 -3.759531E-03
210  1.25102014E-03 -1.700000E+01  0.000000E+00  6.293457E-02 -3.936027E-03
211  1.31103693E-03 -1.700000E+01  0.000000E+00  6.586210E-02 -4.120560E-03
212  1.37390924E-03 -1.700000E+01  0.000000E+00  6.892121E-02 -4.313478E-03
213  1.43977123E-03 -1.700000E+01  0.000000E+00  7.211742E-02 -4.515144E-03
214  1.50876323E-03 -1.700000E+01  0.000000E+00  7.545641E-02 -4.725933E-03
215  1.58103203E-03 -1.700000E+01  0.000000E+00  7.894407E-02 -4.946234E-03
216  1.65673118E-03 -1.700000E+01  0.000000E+00  8.258646E-02 -5.176451E-03
217  1.73602124E-03 -1.700000E+01  0.000000E+00  8.638988E-02 -5.417004E-03
218  1.81907017E-03 -1.700000E+01  0.000000E+00  9.036079E-02 -5.668324E-03
219  1.90605357E-03 -1.700000E+01  0.000000E+00  9.450587E-02 -5.930861E-03
220  1.99715510E-03 -1.700000E+01  0.000000E+00  9.883200E-02 -6.205079E-03
221  2.09256678E-03 -1.700000E+01  0.000000E+00  1.033463E-01 -6.491457E-03
222  2.19248936E-03 -1.700000E+01  0.000000E+00  1.080559E-01 -6.790492E-03
223  2.29713274E-03 -1.700000E+01  0.000000E+00  1.129684E-01 -7.102695E-03
224  2.40671634E-03 -1.700000E+01  0.000000E+00  1.180914E-01 -7.428594E-03
225  2.52146953E-03 -1.700000E+01  0.000000E+00  1.234328E-01 -7.768733E-03
226  2.64163204E-03 -1.700000E+01  0.000000E+00  1.290006E-01 -8.123672E-03
227  2.76745443E-03 -1.700000E+01  0.000000E+00  1.348030E-01 -8.493989E-03
228  2.89919857E-03 -1.700000E+01  0.000000E+00  1.408483E-01 -8.880276E-03
229  3.03713809E-03 -1.700000E+01  0.000000E+00  1.471451E-01 -9.283142E-03
230  3.18155893E-03 -1.700000E+01  0.000000E+00  1.537020E-01 -9.703210E-03
231  3.33275984E-03 -1.700000E+01  0.000000E+00  1.605278E-01 -1.014112E-02
232  3.49105291E-03 -1.700000E+01  0.000000E+00  1.676313E-01 -1.059753E-02
233  3.65676421E-03 -1.700000E+01  0.000000E+00  1.750215E-01 -1.107310E-02
234  3.83023429E-03 -1.700000E+01  0.000000E+00  1.827074E-01 -1.156853E-02
235  4.01181887E-03 -1.700000E+01  0.000000E+00  1.906980E-01 -1.208449E-02
236  4.20188944E-03 -1.700000E+01  0.000000E+00  1.990025E-01 -1.262170E-02
237  4.40083394E-03 -1.700000E+01  0.000000E+00  2.076298E-01 -1.318088E-02
238  4.60905743E-03 -1.700000E+01  0.000000E+00  2.165888E-01 -1.376275E-02
239  4.82698284E-03 -1.700000E+01  0.000000E+00  2.258883E-01 -1.436805E-02
240  5.05505166E-03 -1.700000E+01  0.000000E+00  2.355372E-01 -1.499751E-02
241  5.29372478E-03 -1.700000E+01  0.000000E+00  2.455436E-01 -1.565189E-02
242  5.54348322E-03 -1.700000E+01  0.000000E+00  2.559160E-01 -1.633191E-02
243  5.80482900E-03 -1.700000E+01  0.000000E+00  2.666620E-01 -1.703833E-02
244  6.07828599E-03 -1.700000E+01  0.000000E+00  2.777891E-01 -1.777189E-02
245  6.36440081E-03 -1.700000E+01  0.000000E+00  2.893043E-01 -1.853332E-02
246  6.66374372E-03 -1.700000E+01  0.000000E+00  3.012139E-01 -1.932334E-02
247  6.97690962E-03 -1.700000E+01  0.000000E+00  3.135236E-01 -2.014266E-02
248  7.30451901E-03 -1.700000E+01  0.000000E+00  3.262383E-01 -2.099197E-02
249  7.64721903E-03 -1.700000E+01  0.000000E+00  3.393623E-01 -2.187194E-02
250  8.00568452E-03 -1.700000E+01  0.000000E+00  3.528984E-01 -2.278320E-02
251  8.38061910E-03 -1.700000E+01  0.000000E+00  3.668487E-01 -2.372636E-02
252  8.77275634E-03 -1.700000E+01  0.000000E+00  3.812139E-01 -2.470199E-02
253  9.18286092E-03 -1.700000E+01  0.000000E+00  3.959933E-01 -2.571060E-02
254  9.61172983E-03 -1.700000E+01  0.000000E+00  4.111847E-01 -2.675267E-02
255  1.00601936E-02 -1.700000E+01  0.000000E+00  4.267842E-01 -2.782858E-02
256  1.05291178E-02 -1.700000E+01  0.000000E+00  4.427857E-01 -2.893868E-02
257  1.10194040E-02 -1.700000E+01  0.000000E+00  4.591814E-01 -3.008322E-02
258  1.15319914E-02 -1.700000E+01  0.000000E+00  4.759610E-01 -3.126238E-02
259  1.20678584E-02 -1.700000E+01  0.000000E+00  4.931116E-01 -3.247622E-02
260  1.26280237E-02 -1.700000E+01  0.000000E+00  5.106179E-01 -3.372470E-02
261  1.32135482E-02 -1.700000E+01  0.000000E+00  5.284611E-01 -3.500768E-02
262  1.38255362E-02 -1.700000E+01  0.000000E+00  5.466197E-01 -3.632485E-02
263  1.44651373E-02 -1.700000E+01  0.000000E+00  5.650685E-01 -3.767579E-02
264  1.51335480E-02 -1.700000E+01  0.000000E+00  5.837783E-01 -3.905991E-02
265  1.58320132E-02 -1.700000E+01  0.000000E+00  6.027162E-01 -4.047643E-02
266  1.65618282E-02 -1.700000E+01  0.000000E+00  6.218449E-01 -4.192442E-02
267  1.73243407E-02 -1.700000E+01  0.000000E+00  6.411225E-01 -4.340271E-02
268  1.81209520E-02 -1.700000E+01  0.000000E+00  6.605020E-01 -4.490994E-02
269  1.89531196E-02 -1.700000E+01  0.000000E+00  6.799315E-01 -4.644450E-02
270  1.98223586E-02 -1.700000E+01  0.000000E+00  6.993533E-01 -4.800455E-02
271  2.07302445E-02 -1.700000E+01  0.000000E+00  7.187041E-01 -4.958795E-02
272  2.16784142E-02 -1.700000E+01  0.000000E+00  7.379143E-01 -5.119231E-02
273  2.26685692E-02 -1.700000E+01  0.000000E+00  7.569082E-01 -5.281493E-02
274  2.37024769E-02 -1.700000E+01  0.000000E+00  7.756031E-01 -5.445277E-02
275  2.47819735E-02 -1.700000E+01  0.000000E+00  7.939098E-01 -5.610248E-02
276  2.59089659E-02 -1.700000E+01  0.000000E+00  8.117316E-01 -5.776036E-02
277  2.70854342E-02 -1.700000E+01  0.000000E+00  8.289647E-01 -5.942233E-02
278  2.83134341E-02 -1.700000E+01  0.000000E+00  8.454978E-01 -6.108395E-02
279  2.95950991E-02 -1.700000E+01  0.000000E+00  8.612119E-01 -6.274037E-02
280  3.09326436E-02 -1.700000E+01  0.000000E+00  8.759804E-01 -6.438635E-02
281  3.23283646E-02 -1.700000E+01  0.000000E+00  8.896692E-01 -6.601622E-02
282  3.37846453E-02 -1.700000E+01  0.000000E+00  9.021365E-01 -6.762391E-02
283  3.53039569E-02 -1.700000E+01  0.000000E+00  9.132329E-01 -6.920293E-02
284  3.68888619E-02 -1.700000E+01  0.000000E+00  9.228020E-01 -7.074633E-02
285  3.85420166E-02 -1.700000E+01  0.000000E+00  9.306806E-01 -7.224678E-02
286  4.02661739E-02 -1.700000E+01  0.000000E+00  9.366989E-01 -7.369651E-02
287  4.20641863E-02 -1.700000E+01  0.000000E+00  9.406813E-01 -7.508735E-02
288  4.39390089E-02 -1.700000E+01  0.000000E+00  9.424472E-01 -7.641075E-02
289  4.58937022E-02 -1.700000E+01  0.000000E+00  9.418115E-01 -7.765779E-02
290  4.79314349E-02 -1.700000E+01  0.000000E+00  9.385859E-01 -7.881921E-02
291  5.00554877E-02 -1.700000E+01  0.000000E+00  9.325802E-01 -7.988546E-02
292  5.22692554E-02 -1.700000E+01  0.000000E+00  9.236031E-01 -8.084672E-02
293  5.45762510E-02 -1.700000E+01  0.000000E+00  9.114641E-01 -8.169297E-02
294  5.69801081E-02 -1.700000E+01  0.000000E+00  8.959754E-01 -8.241403E-02
295  5.94845847E-02 -1.700000E+01  0.000000E+00  8.769534E-01 -8.299965E-02
296  6.20935661E-02 -1.700000E+01  0.000000E+00  8.542209E-01 -8.343956E-02
297  6.48110683E-02 -1.700000E+01  0.000000E+00  8.276095E-01 -8.372357E-02
298  6.76412413E-02 -1.700000E+01  0.000000E+00  7.969622E-01 -8.384165E-02
299  7.05883724E-02 -1.700000E+01  0.000000E+00  7.621356E-01 -8.378406E-02
300  7.36568896E-02 -1.700000E+01  0.000000E+00  7.230033E-01 -8.354143E-02
301  7.68513651E-02 -1.700000E+01  0.000000E+00  6.794583E-01 -8.310488E-02
302  8.01765184E-02 -1.700000E+01  0.000000E+00  6.314165E-01 -8.246619E-02
303  8.36372200E-02 -1.700000E+01  0.000000E+00  5.788198E-01 -8.161786E-02
304  8.72384945E-02 -1.700000E+01  0.000000E+00  5.216390E-01 -8.055331E-02
305  9.09855244E-02 -1.700000E+01  0.000000E+00  4.598777E-01 -7.926701E-02
306  9.48836534E-02 -1.700000E+01  0.000000E+00  3.935747E-01 -7.775460E-02
307  9.89383895E-02 -1.700000E+01  0.000000E+00  3.228078E-01 -7.601306E-02
308  1.03155409E-01 -1.700000E+01  0.000000E+00  2.476964E-01 -7.404084E-02
309  1.07540559E-01 -1.700000E+01  0.000000E+00  1.684043E-01 -7.183802E-02
310  1.12099862E-01 -1.700000E+01  0.000000E+00  8.514202E-02 -6.940641E-02
311  1.16839518E-01 -1.700000E+01  0.000000E+00 -1.831017E-03 -6.674970E-02
312  1.21765910E-01 -1.700000E+01  0.000000E+00 -9.220499E-02 -6.387359E-02
313  1.26885603E-01 -1.700000E+01  0.000000E+00 -1.856187E-01 -6.078581E-02
314  1.32205353E-01 -1.700000E+01  0.000000E+00 -2.816592E-01 -5.749627E-02
315  1.37732106E-01 -1.700000E+01  0.000000E+00 -3.798620E-01 -5.401706E-02
316  1.43473001E-01 -1.700000E+01  0.000000E+00 -4.797126E-01 -5.036252E-02
317  1.49435377E-01 -1.700000E+01  0.000000E+00 -5.806483E-01 -4.654916E-02
318  1.55626772E-01 -1.700000E+01  0.000000E+00 -6.820610E-01 -4.259569E-02
319  1.62054929E-01 -1.700000E+01  0.000000E+00 -7.833015E-01 -3.852291E-02
320  1.68727797E-01 -1.700000E+01  0.000000E+00 -8.836846E-01 -3.435357E-02
321  1.75653535E-01 -1.700000E+01  0.000000E+00 -9.824947E-01 -3.011228E-02
322  1.82840513E-01 -1.700000E+01  0.000000E+00 -1.078993E+00 -2.582523E-02
323  1.90297317E-01 -1.700000E+01  0.000000E+00 -1.172427E+00 -2.152001E-02
324  1.98032751E-01 -1.700000E+01  0.000000E+00 -1.262035E+00 -1.722530E-02
325  2.06055839E-01 -1.700000E+01  0.000000E+00 -1.347064E+00 -1.297057E-02
326  2.14375827E-01 -1.700000E+01  0.000000E+00 -1.426771E+00 -8.785722E-03
327  2.23002186E-01 -1.700000E+01  0.000000E+00 -1.500441E+00 -4.700692E-03
328  2.31944615E-01 -1.700000E+01  0.000000E+00 -1.567394E+00 -7.450638E-04
329  2.41213041E-01 -1.700000E+01  0.000000E+00 -1.627002E+00  3.052371E-03
330  2.50817625E-01 -1.700000E+01  0.000000E+00 -1.678693E+00  6.664045E-03
331  2.60768757E-01 -1.700000E+01  0.000000E+00 -1.721969E+00  1.006405E-02
332  2.71077064E-01 -1.700000E+01  0.000000E+00 -1.756413E+00  1.322858E-02
333  2.81753411E-01 -1.700000E+01  0.000000E+00 -1.781699E+00  1.613630E-02
334  2.92808898E-01 -1.700000E+01  0.000000E+00 -1.797601E+00  1.876881E-02
335  3.04254866E-01 -1.700000E+01  0.000000E+00 -1.803999E+00  2.111092E-02
336  3.16102894E-01 -1.700000E+01  0.000000E+00 -1.800885E+00  2.315092E-02
337  3.28364806E-01 -1.700000E+01  0.000000E+00 -1.788365E+00  2.488088E-02
338  3.41052666E-01 -1.700000E+01  0.000000E+00 -1.766661E+00  2.629678E-02
339  3.54178780E-01 -1.700000E+01  0.000000E+00 -1.736107E+00  2.739858E-02
340  3.67755698E-01 -1.700000E+01  0.000000E+00 -1.697149E+00  2.819025E-02
341  3.81796216E-01 -1.700000E+01  0.000000E+00 -1.650337E+00  2.867971E-02
342  3.96313370E-01 -1.700000E+01  0.000000E+00 -1.596315E+00  2.887862E-02
343  4.11320444E-01 -1.700000E+01  0.000000E+00 -1.535810E+00  2.880217E-02
344  4.26830963E-01 -1.700000E+01  0.000000E+00 -1.469624E+00  2.846876E-02
345  4.42858697E-01 -1.700000E+01  0.000000E+00 -1.398613E+00  2.789961E-02
346  4.59417658E-01 -1.700000E+01  0.000000E+00 -1.323674E+00  2.711828E-02
347  4.76522102E-01 -1.700000E+01  0.000000E+00 -1.245731E+00  2.615020E-02
348  4.94186525E-01 -1.700000E+01  0.000000E+00 -1.165712E+00  2.502211E-02
349  5.12425664E-01 -1.700000E+01  0.000000E+00 -1.084537E+00  2.376154E-02
350  5.31254495E-01 -1.700000E+01  0.000000E+00 -1.003097E+00  2.239619E-02
351  5.50688234E-01 -1.700000E+01  0.000000E+00 -9.222429E-01  2.095345E-02
352  5.70742331E-01 -1.700000E+01  0.000000E+00 -8.427654E-01  1.945982E-02
353  5.91432471E-01 -1.700000E+01  0.000000E+00 -7.653868E-01  1.794045E-02
354  6.12774575E-01 -1.700000E+01  0.000000E+00 -6.907489E-01  1.641875E-02
355  6.34784790E-01 -1.700000E+01  0.000000E+00 -6.194052E-01  1.491597E-02
356  6.57479494E-01 -1.700000E+01  0.000000E+00 -5.518153E-01  1.345099E-02
357  6.80875294E-01 -1.700000E+01  0.000000E+00 -4.883420E-01  1.204004E-02
358  7.04989015E-01 -1.700000E+01  0.000000E+00 -4.292515E-01  1.069665E-02
359  7.29837707E-01 -1.700000E+01  0.000000E+00 -3.747153E-01  9.431586E-03
360  7.55438636E-01 -1.700000E+01  0.000000E+00 -3.248150E-01  8.252863E-03
361  7.81809285E-01 -1.700000E+01  0.000000E+00 -2.795489E-01  7.165892E-03
362  8.08967348E-01 -1.700000E+01  0.000000E+00 -2.388400E-01  6.173636E-03
363  8.36930726E-01 -1.700000E+01  0.000000E+00 -2.025460E-01  5.276832E-03
364  8.65717527E-01 -1.700000E+01  0.000000E+00 -1.704692E-01  4.474254E-03
365  8.95346060E-01 -1.700000E+01  0.000000E+00 -1.423676E-01  3.762999E-03
366  9.25834830E-01 -1.700000E+01  0.000000E+00 -1.179658E-01  3.138792E-03
367  9.57202539E-01 -1.700000E+01  0.000000E+00 -9.696507E-02  2.596288E-03
368  9.89468076E-01 -1.700000E+01  0.000000E+00 -7.905399E-02  2.129362E-03
369  1.02265052E+00 -1.700000E+01  0.000000E+00 -6.391677E-02  1.731392E-03
370  1.05676912E+00 -1.700000E+01  0.000000E+00 -5.124140E-02  1.395506E-03
371  1.09184332E+00 -1.700000E+01  0.000000E+00 -4.072620E-02  1.114804E-03
372  1.12789272E+00 -1.700000E+01  0.000000E+00 -3.208518E-02  8.825381E-04
373  1.16493710E+00 -1.700000E+01  0.000000E+00 -2.505203E-02  6.922670E-04
374  1.20299639E+00 -1.700000E+01  0.000000E+00 -1.938288E-02  5.379654E-04
375  1.24209070E+00 -1.700000E+01  0.000000E+00 -1.485797E-02  4.141045E-04
376  1.28224027E+00 -1.700000E+01  0.000000E+00 -1.128221E-02  3.156993E-04
377  1.32346551E+00 -1.700000E+01  0.000000E+00 -8.484952E-03  2.383292E-04
378  1.36578696E+00 -1.700000E+01  0.000000E+00 -6.319054E-03  1.781361E-04
379  1.40922531E+00 -1.700000E+01  0.000000E+00 -4.659377E-03  1.318037E-04
380  1.45380136E+00 -1.700000E+01  0.000000E+00 -3.400964E-03  9.652366E-05
381  1.49953608E+00 -1.700000E+01  0.000000E+00 -2.456968E-03  6.995170E-05
382  1.54645053E+00 -1.700000E+01  0.000000E+00 -1.756484E-03  5.015899E-05
383  1.59456591E+00 -1.700000E+01  0.000000E+00 -1.242396E-03  3.558049E-05
384  1.64390350E+00 -1.700000E+01  0.000000E+00 -8.692999E-04  2.496398E-05
385  1.69448474E+00 -1.700000E+01  0.000000E+00 -6.015833E-04  1.732127E-05
386  1.74633112E+00 -1.700000E+01  0.000000E+00 -4.116805E-04  1.188324E-05
387  1.79946427E+00 -1.700000E+01  0.000000E+00 -2.785376E-04  8.059416E-06
388  1.85390590E+00 -1.700000E+01  0.000000E+00 -1.862884E-04  5.402708E-06
389  1.90967778E+00 -1.700000E+01  0.000000E+00 -1.231350E-04  3.579200E-06
390  1.96680181E+00 -1.700000E+01  0.000000E+00 -8.042266E-05  2.342938E-06
391  2.02529992E+00 -1.700000E+01  0.000000E+00 -5.188765E-05  1.515258E-06
392  2.08519414E+00 -1.700000E+01  0.000000E+00 -3.305770E-05  9.681872E-07
393  2.14650657E+00 -1.700000E+01  0.000000E+00 -2.078253E-05  6.113607E-07
394  2.20925936E+00 -1.700000E+01  0.000000E+00 -1.287209E-05  3.819050E-07
395  2.27347470E+00 -1.700000E+01  0.000000E+00 -7.822150E-06  2.367668E-07
396  2.33917486E+00 -1.700000E+01  0.000000E+00 -4.608984E-06  1.470204E-07
397  2.40638214E+00 -1.700000E+01  0.000000E+00 -2.536417E-06  9.376102E-08
398  2.47511888E+00 -1.700000E+01  0.000000E+00 -1.120817E-06  6.563736E-08
399  2.54540747E+00 -1.700000E+01  0.000000E+00 -0.000000E+00  0.000000E+00
