#      n =  9
#  kappa = -1
# energy = -4.20231494E+00
#     vc = -1.82393237E+05


0    2.00000000E-07 -2.974216E-02  0.000000E+00  0.000000E+00 -1.456480E-01
1    2.09749344E-07 -3.119198E-02  0.000000E+00 -2.024207E-06 -1.456480E-01
2    2.19973908E-07 -3.271246E-02  0.000000E+00 -4.147080E-06 -1.388781E-01
3    2.30696856E-07 -3.430705E-02  0.000000E+00 -6.373429E-06 -1.324230E-01
4    2.41942479E-07 -3.597937E-02  0.000000E+00 -8.708298E-06 -1.262679E-01
5    2.53736250E-07 -3.773320E-02  0.000000E+00 -1.115697E-05 -1.203989E-01
6    2.66104886E-07 -3.957251E-02  0.000000E+00 -1.372500E-05 -1.148027E-01
7    2.79076404E-07 -4.150147E-02  0.000000E+00 -1.641821E-05 -1.094667E-01
8    2.92680189E-07 -4.352444E-02  0.000000E+00 -1.924268E-05 -1.043786E-01
9    3.06947056E-07 -4.564602E-02  0.000000E+00 -2.220483E-05 -9.952714E-02
10   3.21909321E-07 -4.787099E-02  0.000000E+00 -2.531135E-05 -9.490114E-02
11   3.37600876E-07 -5.020441E-02  0.000000E+00 -2.856929E-05 -9.049017E-02
12   3.54057264E-07 -5.265155E-02  0.000000E+00 -3.198603E-05 -8.628424E-02
13   3.71315760E-07 -5.521795E-02  0.000000E+00 -3.556930E-05 -8.227380E-02
14   3.89415456E-07 -5.790943E-02  0.000000E+00 -3.932722E-05 -7.844978E-02
15   4.08397349E-07 -6.073208E-02  0.000000E+00 -4.326830E-05 -7.480352E-02
16   4.28304431E-07 -6.369229E-02  0.000000E+00 -4.740147E-05 -7.132674E-02
17   4.49181792E-07 -6.679676E-02  0.000000E+00 -5.173609E-05 -6.801156E-02
18   4.71076718E-07 -7.005252E-02  0.000000E+00 -5.628197E-05 -6.485049E-02
19   4.94038799E-07 -7.346694E-02  0.000000E+00 -6.104942E-05 -6.183634E-02
20   5.18120041E-07 -7.704774E-02  0.000000E+00 -6.604922E-05 -5.896231E-02
21   5.43374984E-07 -8.080302E-02  0.000000E+00 -7.129270E-05 -5.622186E-02
22   5.69860825E-07 -8.474129E-02  0.000000E+00 -7.679174E-05 -5.360879E-02
23   5.97637548E-07 -8.887146E-02  0.000000E+00 -8.255879E-05 -5.111718E-02
24   6.26768061E-07 -9.320287E-02  0.000000E+00 -8.860690E-05 -4.874139E-02
25   6.57318334E-07 -9.774531E-02  0.000000E+00 -9.494979E-05 -4.647602E-02
26   6.89357555E-07 -1.025091E-01  0.000000E+00 -1.016018E-04 -4.431595E-02
27   7.22958278E-07 -1.075049E-01  0.000000E+00 -1.085780E-04 -4.225629E-02
28   7.58196596E-07 -1.127441E-01  0.000000E+00 -1.158942E-04 -4.029236E-02
29   7.95152306E-07 -1.182386E-01  0.000000E+00 -1.235669E-04 -3.841972E-02
30   8.33909095E-07 -1.240006E-01  0.000000E+00 -1.316136E-04 -3.663411E-02
31   8.74554725E-07 -1.300434E-01  0.000000E+00 -1.400524E-04 -3.493151E-02
32   9.17181234E-07 -1.363804E-01  0.000000E+00 -1.489025E-04 -3.330804E-02
33   9.61885144E-07 -1.430261E-01  0.000000E+00 -1.581838E-04 -3.176003E-02
34   1.00876768E-06 -1.499954E-01  0.000000E+00 -1.679175E-04 -3.028397E-02
35   1.05793499E-06 -1.573041E-01  0.000000E+00 -1.781255E-04 -2.887652E-02
36   1.10949841E-06 -1.649686E-01  0.000000E+00 -1.888309E-04 -2.753448E-02
37   1.16357468E-06 -1.730063E-01  0.000000E+00 -2.000581E-04 -2.625483E-02
38   1.22028624E-06 -1.814353E-01  0.000000E+00 -2.118323E-04 -2.503465E-02
39   1.27976148E-06 -1.902745E-01  0.000000E+00 -2.241803E-04 -2.387118E-02
40   1.34213506E-06 -1.995439E-01  0.000000E+00 -2.371300E-04 -2.276179E-02
41   1.40754819E-06 -2.092644E-01  0.000000E+00 -2.507107E-04 -2.170396E-02
42   1.47614896E-06 -2.194577E-01  0.000000E+00 -2.649532E-04 -2.069530E-02
43   1.54809266E-06 -2.301470E-01  0.000000E+00 -2.798897E-04 -1.973351E-02
44   1.62354217E-06 -2.413561E-01  0.000000E+00 -2.955539E-04 -1.881643E-02
45   1.70266828E-06 -2.531103E-01  0.000000E+00 -3.119815E-04 -1.794197E-02
46   1.78565011E-06 -2.654359E-01  0.000000E+00 -3.292094E-04 -1.710815E-02
47   1.87267548E-06 -2.783605E-01  0.000000E+00 -3.472768E-04 -1.631308E-02
48   1.96394139E-06 -2.919132E-01  0.000000E+00 -3.662245E-04 -1.555496E-02
49   2.05965442E-06 -3.061242E-01  0.000000E+00 -3.860953E-04 -1.483208E-02
50   2.16003120E-06 -3.210252E-01  0.000000E+00 -4.069343E-04 -1.414279E-02
51   2.26529891E-06 -3.366496E-01  0.000000E+00 -4.287886E-04 -1.348553E-02
52   2.37569581E-06 -3.530321E-01  0.000000E+00 -4.517077E-04 -1.285881E-02
53   2.49147174E-06 -3.702093E-01  0.000000E+00 -4.757433E-04 -1.226122E-02
54   2.61288871E-06 -3.882191E-01  0.000000E+00 -5.009499E-04 -1.169140E-02
55   2.74022151E-06 -4.071016E-01  0.000000E+00 -5.273845E-04 -1.114805E-02
56   2.87375826E-06 -4.268986E-01  0.000000E+00 -5.551069E-04 -1.062995E-02
57   3.01380116E-06 -4.476536E-01  0.000000E+00 -5.841798E-04 -1.013592E-02
58   3.16066709E-06 -4.694124E-01  0.000000E+00 -6.146690E-04 -9.664840E-03
59   3.31468836E-06 -4.922228E-01  0.000000E+00 -6.466433E-04 -9.215647E-03
60   3.47621348E-06 -5.161345E-01  0.000000E+00 -6.801752E-04 -8.787320E-03
61   3.64560788E-06 -5.411998E-01  0.000000E+00 -7.153405E-04 -8.378888E-03
62   3.82325482E-06 -5.674731E-01  0.000000E+00 -7.522187E-04 -7.989425E-03
63   4.00955620E-06 -5.950112E-01  0.000000E+00 -7.908931E-04 -7.618048E-03
64   4.20493348E-06 -6.238733E-01  0.000000E+00 -8.314512E-04 -7.263915E-03
65   4.40982864E-06 -6.541213E-01  0.000000E+00 -8.739847E-04 -6.926224E-03
66   4.62470516E-06 -6.858195E-01  0.000000E+00 -9.185897E-04 -6.604208E-03
67   4.85004908E-06 -7.190350E-01  0.000000E+00 -9.653672E-04 -6.297136E-03
68   5.08637010E-06 -7.538375E-01  0.000000E+00 -1.014423E-03 -6.004312E-03
69   5.33420271E-06 -7.902997E-01  0.000000E+00 -1.065867E-03 -5.725072E-03
70   5.59410743E-06 -8.284967E-01  0.000000E+00 -1.119817E-03 -5.458781E-03
71   5.86667204E-06 -8.685068E-01  0.000000E+00 -1.176394E-03 -5.204836E-03
72   6.15251292E-06 -9.104110E-01  0.000000E+00 -1.235726E-03 -4.962658E-03
73   6.45227644E-06 -9.542930E-01  0.000000E+00 -1.297946E-03 -4.731698E-03
74   6.76664042E-06 -1.000240E+00  0.000000E+00 -1.363197E-03 -4.511431E-03
75   7.09631565E-06 -1.048340E+00  0.000000E+00 -1.431624E-03 -4.301356E-03
76   7.44204751E-06 -1.098686E+00  0.000000E+00 -1.503383E-03 -4.100994E-03
77   7.80461762E-06 -1.151372E+00  0.000000E+00 -1.578635E-03 -3.909889E-03
78   8.18484565E-06 -1.206495E+00  0.000000E+00 -1.657550E-03 -3.727607E-03
79   8.58359110E-06 -1.264154E+00  0.000000E+00 -1.740307E-03 -3.553730E-03
80   9.00175530E-06 -1.324449E+00  0.000000E+00 -1.827093E-03 -3.387862E-03
81   9.44028341E-06 -1.387483E+00  0.000000E+00 -1.918103E-03 -3.229624E-03
82   9.90016654E-06 -1.453358E+00  0.000000E+00 -2.013542E-03 -3.078653E-03
83   1.03824440E-05 -1.522178E+00  0.000000E+00 -2.113626E-03 -2.934603E-03
84   1.08882057E-05 -1.594045E+00  0.000000E+00 -2.218580E-03 -2.797144E-03
85   1.14185944E-05 -1.669062E+00  0.000000E+00 -2.328642E-03 -2.665958E-03
86   1.19748086E-05 -1.747327E+00  0.000000E+00 -2.444059E-03 -2.540744E-03
87   1.25581050E-05 -1.828938E+00  0.000000E+00 -2.565092E-03 -2.421212E-03
88   1.31698012E-05 -1.913985E+00  0.000000E+00 -2.692014E-03 -2.307085E-03
89   1.38112791E-05 -2.002553E+00  0.000000E+00 -2.825110E-03 -2.198097E-03
90   1.44839877E-05 -2.094718E+00  0.000000E+00 -2.964680E-03 -2.093994E-03
91   1.51894465E-05 -2.190547E+00  0.000000E+00 -3.111039E-03 -1.994532E-03
92   1.59292485E-05 -2.290091E+00  0.000000E+00 -3.264516E-03 -1.899477E-03
93   1.67050646E-05 -2.393384E+00  0.000000E+00 -3.425456E-03 -1.808604E-03
94   1.75186466E-05 -2.500442E+00  0.000000E+00 -3.594222E-03 -1.721698E-03
95   1.83718314E-05 -2.611254E+00  0.000000E+00 -3.771194E-03 -1.638550E-03
96   1.92665452E-05 -2.725778E+00  0.000000E+00 -3.956769E-03 -1.558960E-03
97   2.02048079E-05 -2.843937E+00  0.000000E+00 -4.151365E-03 -1.482737E-03
98   2.11887374E-05 -2.965612E+00  0.000000E+00 -4.355419E-03 -1.409694E-03
99   2.22205543E-05 -3.090630E+00  0.000000E+00 -4.569389E-03 -1.339652E-03
100  2.33025874E-05 -3.218759E+00  0.000000E+00 -4.793756E-03 -1.272439E-03
101  2.44372784E-05 -3.349693E+00  0.000000E+00 -5.029024E-03 -1.207887E-03
102  2.56271874E-05 -3.483045E+00  0.000000E+00 -5.275720E-03 -1.145836E-03
103  2.68749992E-05 -3.618324E+00  0.000000E+00 -5.534398E-03 -1.086129E-03
104  2.81835286E-05 -3.754926E+00  0.000000E+00 -5.805638E-03 -1.028616E-03
105  2.95557272E-05 -3.892108E+00  0.000000E+00 -6.090048E-03 -9.731532E-04
106  3.09946897E-05 -4.028969E+00  0.000000E+00 -6.388264E-03 -9.196010E-04
107  3.25036613E-05 -4.164422E+00  0.000000E+00 -6.700954E-03 -8.678265E-04
108  3.40860443E-05 -4.297162E+00  0.000000E+00 -7.028819E-03 -8.177034E-04
109  3.57454065E-05 -4.425630E+00  0.000000E+00 -7.372592E-03 -7.691127E-04
110  3.74854885E-05 -4.547976E+00  0.000000E+00 -7.733041E-03 -7.219441E-04
111  3.93102124E-05 -4.662006E+00  0.000000E+00 -8.110973E-03 -6.762168E-04
112  4.12236906E-05 -4.765130E+00  0.000000E+00 -8.507231E-03 -6.306025E-04
113  4.32302350E-05 -4.854298E+00  0.000000E+00 -8.922699E-03 -5.729076E-04
114  4.53343665E-05 -4.925923E+00  0.000000E+00 -9.358312E-03 -6.438578E-04
115  4.75408252E-05 -4.975803E+00  0.000000E+00 -9.815438E-03 -6.856838E-04
116  4.98545812E-05 -4.999017E+00  0.000000E+00 -1.029441E-02 -1.768755E-06
117  5.22808453E-05 -5.000000E+00  0.000000E+00 -1.079474E-02 -3.172872E-04
118  5.48250809E-05 -5.000000E+00  0.000000E+00 -1.132235E-02 -7.498402E-04
119  5.74930162E-05 -5.000000E+00  0.000000E+00 -1.187432E-02 -3.182770E-04
120  6.02906570E-05 -5.000000E+00  0.000000E+00 -1.245295E-02 -3.043301E-04
121  6.32242999E-05 -5.000000E+00  0.000000E+00 -1.305965E-02 -2.741151E-04
122  6.63005468E-05 -5.000000E+00  0.000000E+00 -1.369576E-02 -2.385178E-04
123  6.95263190E-05 -5.000000E+00  0.000000E+00 -1.436270E-02 -2.036985E-04
124  7.29088732E-05 -5.000000E+00  0.000000E+00 -1.506198E-02 -1.693599E-04
125  7.64558173E-05 -5.000000E+00  0.000000E+00 -1.579515E-02 -1.354039E-04
126  8.01751277E-05 -5.000000E+00  0.000000E+00 -1.656386E-02 -1.017539E-04
127  8.40751666E-05 -5.000000E+00  0.000000E+00 -1.736984E-02 -6.833412E-05
128  8.81647010E-05 -5.000000E+00  0.000000E+00 -1.821488E-02 -3.506925E-05
129  9.24529220E-05 -5.000000E+00  0.000000E+00 -1.910089E-02 -1.884407E-06
130  9.69494655E-05 -5.000000E+00  0.000000E+00 -2.002984E-02  3.129510E-05
131  1.01664433E-04 -5.000000E+00  0.000000E+00 -2.100380E-02  6.454391E-05
132  1.06608416E-04 -5.000000E+00  0.000000E+00 -2.202497E-02  9.793682E-05
133  1.11792515E-04 -5.000000E+00  0.000000E+00 -2.309562E-02  1.315489E-04
134  1.17228370E-04 -5.000000E+00  0.000000E+00 -2.421814E-02  1.654556E-04
135  1.22928182E-04 -5.000000E+00  0.000000E+00 -2.539505E-02  1.997332E-04
136  1.28904742E-04 -5.000000E+00  0.000000E+00 -2.662897E-02  2.344586E-04
137  1.35171460E-04 -5.000000E+00  0.000000E+00 -2.792265E-02  2.697097E-04
138  1.41742391E-04 -5.000000E+00  0.000000E+00 -2.927898E-02  3.055656E-04
139  1.48632271E-04 -5.000000E+00  0.000000E+00 -3.070098E-02  3.421066E-04
140  1.55856546E-04 -5.000000E+00  0.000000E+00 -3.219183E-02  3.794146E-04
141  1.63431408E-04 -5.000000E+00  0.000000E+00 -3.375485E-02  4.175732E-04
142  1.71373830E-04 -5.000000E+00  0.000000E+00 -3.539352E-02  4.566678E-04
143  1.79701606E-04 -5.000000E+00  0.000000E+00 -3.711148E-02  4.967857E-04
144  1.88433383E-04 -5.000000E+00  0.000000E+00 -3.891256E-02  5.380167E-04
145  1.97588713E-04 -5.000000E+00  0.000000E+00 -4.080076E-02  5.804529E-04
146  2.07188085E-04 -5.000000E+00  0.000000E+00 -4.278028E-02  6.241890E-04
147  2.17252981E-04 -5.000000E+00  0.000000E+00 -4.485551E-02  6.693225E-04
148  2.27805912E-04 -5.000000E+00  0.000000E+00 -4.703106E-02  7.159542E-04
149  2.38870477E-04 -5.000000E+00  0.000000E+00 -4.931176E-02  7.641879E-04
150  2.50471411E-04 -5.000000E+00  0.000000E+00 -5.170266E-02  8.141311E-04
151  2.62634638E-04 -5.000000E+00  0.000000E+00 -5.420905E-02  8.658948E-04
152  2.75387330E-04 -5.000000E+00  0.000000E+00 -5.683649E-02  9.195942E-04
153  2.88757967E-04 -5.000000E+00  0.000000E+00 -5.959080E-02  9.753486E-04
154  3.02776396E-04 -5.000000E+00  0.000000E+00 -6.247804E-02  1.033282E-03
155  3.17473902E-04 -5.000000E+00  0.000000E+00 -6.550461E-02  1.093522E-03
156  3.32883271E-04 -5.000000E+00  0.000000E+00 -6.867718E-02  1.156204E-03
157  3.49038866E-04 -5.000000E+00  0.000000E+00 -7.200275E-02  1.221465E-03
158  3.65976698E-04 -5.000000E+00  0.000000E+00 -7.548865E-02  1.289451E-03
159  3.83734507E-04 -5.000000E+00  0.000000E+00 -7.914254E-02  1.360311E-03
160  4.02351847E-04 -5.000000E+00  0.000000E+00 -8.297246E-02  1.434202E-03
161  4.21870164E-04 -5.000000E+00  0.000000E+00 -8.698684E-02  1.511287E-03
162  4.42332896E-04 -5.000000E+00  0.000000E+00 -9.119447E-02  1.591738E-03
163  4.63785562E-04 -5.000000E+00  0.000000E+00 -9.560458E-02  1.675729E-03
164  4.86275859E-04 -5.000000E+00  0.000000E+00 -1.002268E-01  1.763448E-03
165  5.09853772E-04 -5.000000E+00  0.000000E+00 -1.050713E-01  1.855086E-03
166  5.34571676E-04 -5.000000E+00  0.000000E+00 -1.101487E-01  1.950845E-03
167  5.60484454E-04 -5.000000E+00  0.000000E+00 -1.154699E-01  2.050936E-03
168  5.87649612E-04 -5.000000E+00  0.000000E+00 -1.210467E-01  2.155577E-03
169  6.16127408E-04 -5.000000E+00  0.000000E+00 -1.268911E-01  2.264998E-03
170  6.45980977E-04 -5.000000E+00  0.000000E+00 -1.330159E-01  2.379439E-03
171  6.77276470E-04 -5.000000E+00  0.000000E+00 -1.394343E-01  2.499150E-03
172  7.10083195E-04 -5.000000E+00  0.000000E+00 -1.461603E-01  2.624391E-03
173  7.44473769E-04 -5.000000E+00  0.000000E+00 -1.532084E-01  2.755437E-03
174  7.80524269E-04 -5.000000E+00  0.000000E+00 -1.605938E-01  2.892572E-03
175  8.18314402E-04 -5.000000E+00  0.000000E+00 -1.683325E-01  3.036094E-03
176  8.57927668E-04 -5.000000E+00  0.000000E+00 -1.764411E-01  3.186316E-03
177  8.99451546E-04 -5.000000E+00  0.000000E+00 -1.849371E-01  3.343563E-03
178  9.42977674E-04 -5.000000E+00  0.000000E+00 -1.938387E-01  3.508175E-03
179  9.88602052E-04 -5.000000E+00  0.000000E+00 -2.031649E-01  3.680509E-03
180  1.03642524E-03 -5.000000E+00  0.000000E+00 -2.129357E-01  3.860937E-03
181  1.08655258E-03 -5.000000E+00  0.000000E+00 -2.231719E-01  4.049846E-03
182  1.13909440E-03 -5.000000E+00  0.000000E+00 -2.338952E-01  4.247645E-03
183  1.19416627E-03 -5.000000E+00  0.000000E+00 -2.451284E-01  4.454756E-03
184  1.25188926E-03 -5.000000E+00  0.000000E+00 -2.568954E-01  4.671625E-03
185  1.31239014E-03 -5.000000E+00  0.000000E+00 -2.692209E-01  4.898715E-03
186  1.37580170E-03 -5.000000E+00  0.000000E+00 -2.821309E-01  5.136511E-03
187  1.44226302E-03 -5.000000E+00  0.000000E+00 -2.956525E-01  5.385520E-03
188  1.51191975E-03 -5.000000E+00  0.000000E+00 -3.098141E-01  5.646271E-03
189  1.58492440E-03 -5.000000E+00  0.000000E+00 -3.246452E-01  5.919318E-03
190  1.66143671E-03 -5.000000E+00  0.000000E+00 -3.401767E-01  6.205237E-03
191  1.74162394E-03 -5.000000E+00  0.000000E+00 -3.564407E-01  6.504632E-03
192  1.82566124E-03 -5.000000E+00  0.000000E+00 -3.734711E-01  6.818135E-03
193  1.91373200E-03 -5.000000E+00  0.000000E+00 -3.913027E-01  7.146403E-03
194  2.00602825E-03 -5.000000E+00  0.000000E+00 -4.099722E-01  7.490124E-03
195  2.10275104E-03 -5.000000E+00  0.000000E+00 -4.295179E-01  7.850015E-03
196  2.20411088E-03 -5.000000E+00  0.000000E+00 -4.499794E-01  8.226827E-03
197  2.31032814E-03 -5.000000E+00  0.000000E+00 -4.713984E-01  8.621340E-03
198  2.42163353E-03 -5.000000E+00  0.000000E+00 -4.938179E-01  9.034372E-03
199  2.53826859E-03 -5.000000E+00  0.000000E+00 -5.172832E-01  9.466774E-03
200  2.66048615E-03 -5.000000E+00  0.000000E+00 -5.418410E-01  9.919434E-03
201  2.78855084E-03 -5.000000E+00  0.000000E+00 -5.675403E-01  1.039328E-02
202  2.92273969E-03 -5.000000E+00  0.000000E+00 -5.944319E-01  1.088928E-02
203  3.06334265E-03 -5.000000E+00  0.000000E+00 -6.225687E-01  1.140843E-02
204  3.21066316E-03 -5.000000E+00  0.000000E+00 -6.520057E-01  1.195179E-02
205  3.36501882E-03 -5.000000E+00  0.000000E+00 -6.828002E-01  1.252046E-02
206  3.52674200E-03 -5.000000E+00  0.000000E+00 -7.150118E-01  1.311557E-02
207  3.69618051E-03 -5.000000E+00  0.000000E+00 -7.487020E-01  1.373831E-02
208  3.87369829E-03 -5.000000E+00  0.000000E+00 -7.839353E-01  1.438992E-02
209  4.05967618E-03 -5.000000E+00  0.000000E+00 -8.207781E-01  1.507168E-02
210  4.25451264E-03 -5.000000E+00  0.000000E+00 -8.592996E-01  1.578493E-02
211  4.45862456E-03 -5.000000E+00  0.000000E+00 -8.995715E-01  1.653107E-02
212  4.67244808E-03 -5.000000E+00  0.000000E+00 -9.416680E-01  1.731155E-02
213  4.89643946E-03 -5.000000E+00  0.000000E+00 -9.856662E-01  1.812786E-02
214  5.13107600E-03 -5.000000E+00  0.000000E+00 -1.031646E+00  1.898158E-02
215  5.37685695E-03 -5.000000E+00  0.000000E+00 -1.079689E+00  1.987433E-02
216  5.63430448E-03 -5.000000E+00  0.000000E+00 -1.129881E+00  2.080779E-02
217  5.90396476E-03 -5.000000E+00  0.000000E+00 -1.182309E+00  2.178373E-02
218  6.18640893E-03 -5.000000E+00  0.000000E+00 -1.237066E+00  2.280395E-02
219  6.48223431E-03 -5.000000E+00  0.000000E+00 -1.294243E+00  2.387033E-02
220  6.79206549E-03 -5.000000E+00  0.000000E+00 -1.353939E+00  2.498484E-02
221  7.11655553E-03 -5.000000E+00  0.000000E+00 -1.416252E+00  2.614949E-02
222  7.45638725E-03 -5.000000E+00  0.000000E+00 -1.481284E+00  2.736637E-02
223  7.81227451E-03 -5.000000E+00  0.000000E+00 -1.549141E+00  2.863764E-02
224  8.18496358E-03 -5.000000E+00  0.000000E+00 -1.619930E+00  2.996555E-02
225  8.57523454E-03 -5.000000E+00  0.000000E+00 -1.693761E+00  3.135239E-02
226  8.98390276E-03 -5.000000E+00  0.000000E+00 -1.770748E+00  3.280056E-02
227  9.41182043E-03 -5.000000E+00  0.000000E+00 -1.851007E+00  3.431252E-02
228  9.85987816E-03 -5.000000E+00  0.000000E+00 -1.934654E+00  3.589079E-02
229  1.03290066E-02 -5.000000E+00  0.000000E+00 -2.021809E+00  3.753799E-02
230  1.08201783E-02 -5.000000E+00  0.000000E+00 -2.112596E+00  3.925680E-02
231  1.13344093E-02 -5.000000E+00  0.000000E+00 -2.207138E+00  4.104997E-02
232  1.18727610E-02 -5.000000E+00  0.000000E+00 -2.305559E+00  4.292034E-02
233  1.24363425E-02 -5.000000E+00  0.000000E+00 -2.407987E+00  4.487080E-02
234  1.30263120E-02 -5.000000E+00  0.000000E+00 -2.514548E+00  4.690432E-02
235  1.36438793E-02 -5.000000E+00  0.000000E+00 -2.625372E+00  4.902394E-02
236  1.42903079E-02 -5.000000E+00  0.000000E+00 -2.740585E+00  5.123275E-02
237  1.49669173E-02 -5.000000E+00  0.000000E+00 -2.860315E+00  5.353392E-02
238  1.56750850E-02 -5.000000E+00  0.000000E+00 -2.984689E+00  5.593065E-02
239  1.64162496E-02 -5.000000E+00  0.000000E+00 -3.113832E+00  5.842621E-02
240  1.71919126E-02 -5.000000E+00  0.000000E+00 -3.247867E+00  6.102390E-02
241  1.80036414E-02 -5.000000E+00  0.000000E+00 -3.386913E+00  6.372707E-02
242  1.88530722E-02 -5.000000E+00  0.000000E+00 -3.531085E+00  6.653909E-02
243  1.97419124E-02 -5.000000E+00  0.000000E+00 -3.680496E+00  6.946335E-02
244  2.06719436E-02 -5.000000E+00  0.000000E+00 -3.835250E+00  7.250325E-02
245  2.16450250E-02 -5.000000E+00  0.000000E+00 -3.995445E+00  7.566219E-02
246  2.26630962E-02 -5.000000E+00  0.000000E+00 -4.161172E+00  7.894355E-02
247  2.37281804E-02 -5.000000E+00  0.000000E+00 -4.332511E+00  8.235069E-02
248  2.48423880E-02 -5.000000E+00  0.000000E+00 -4.509531E+00  8.588691E-02
249  2.60079201E-02 -5.000000E+00  0.000000E+00 -4.692290E+00  8.955546E-02
250  2.72270719E-02 -5.000000E+00  0.000000E+00 -4.880830E+00  9.335950E-02
251  2.85022364E-02 -5.000000E+00  0.000000E+00 -5.075177E+00  9.730209E-02
252  2.98359086E-02 -5.000000E+00  0.000000E+00 -5.275340E+00  1.013862E-01
253  3.12306893E-02 -5.000000E+00  0.000000E+00 -5.481306E+00  1.056145E-01
254  3.26892892E-02 -5.000000E+00  0.000000E+00 -5.693041E+00  1.099896E-01
255  3.42145330E-02 -5.000000E+00  0.000000E+00 -5.910484E+00  1.145140E-01
256  3.58093644E-02 -5.000000E+00  0.000000E+00 -6.133547E+00  1.191897E-01
257  3.74768499E-02 -5.000000E+00  0.000000E+00 -6.362110E+00  1.240185E-01
258  3.92201841E-02 -5.000000E+00  0.000000E+00 -6.596021E+00  1.290021E-01
259  4.10426943E-02 -5.000000E+00  0.000000E+00 -6.835090E+00  1.341416E-01
260  4.29478455E-02 -5.000000E+00  0.000000E+00 -7.079085E+00  1.394376E-01
261  4.49392455E-02 -5.000000E+00  0.000000E+00 -7.327731E+00  1.448906E-01
262  4.70206506E-02 -5.000000E+00  0.000000E+00 -7.580705E+00  1.505001E-01
263  4.91959706E-02 -5.000000E+00  0.000000E+00 -7.837632E+00  1.562655E-01
264  5.14692747E-02 -5.000000E+00  0.000000E+00 -8.098080E+00  1.621853E-01
265  5.38447974E-02 -5.000000E+00  0.000000E+00 -8.361557E+00  1.682574E-01
266  5.63269441E-02 -5.000000E+00  0.000000E+00 -8.627504E+00  1.744788E-01
267  5.89202980E-02 -5.000000E+00  0.000000E+00 -8.895296E+00  1.808459E-01
268  6.16296254E-02 -5.000000E+00  0.000000E+00 -9.164229E+00  1.873540E-01
269  6.44598833E-02 -5.000000E+00  0.000000E+00 -9.433522E+00  1.939975E-01
270  6.74162254E-02 -5.000000E+00  0.000000E+00 -9.702311E+00  2.007696E-01
271  7.05040089E-02 -5.000000E+00  0.000000E+00 -9.969641E+00  2.076627E-01
272  7.37288022E-02 -5.000000E+00  0.000000E+00 -1.023446E+01  2.146675E-01
273  7.70963915E-02 -5.000000E+00  0.000000E+00 -1.049563E+01  2.217737E-01
274  8.06127886E-02 -5.000000E+00  0.000000E+00 -1.075189E+01  2.289694E-01
275  8.42842381E-02 -5.000000E+00  0.000000E+00 -1.100189E+01  2.362412E-01
276  8.81172259E-02 -5.000000E+00  0.000000E+00 -1.124416E+01  2.435742E-01
277  9.21184862E-02 -5.000000E+00  0.000000E+00 -1.147712E+01  2.509516E-01
278  9.62950106E-02 -5.000000E+00  0.000000E+00 -1.169905E+01  2.583551E-01
279  1.00654056E-01 -5.000000E+00  0.000000E+00 -1.190815E+01  2.657640E-01
280  1.05203152E-01 -5.000000E+00  0.000000E+00 -1.210246E+01  2.731562E-01
281  1.09950114E-01 -5.000000E+00  0.000000E+00 -1.227992E+01  2.805070E-01
282  1.14903045E-01 -5.000000E+00  0.000000E+00 -1.243834E+01  2.877898E-01
283  1.20070350E-01 -5.000000E+00  0.000000E+00 -1.257541E+01  2.949758E-01
284  1.25460745E-01 -5.000000E+00  0.000000E+00 -1.268871E+01  3.020336E-01
285  1.31083264E-01 -5.000000E+00  0.000000E+00 -1.277570E+01  3.089299E-01
286  1.36947269E-01 -5.000000E+00  0.000000E+00 -1.283374E+01  3.156285E-01
287  1.43062464E-01 -5.000000E+00  0.000000E+00 -1.286010E+01  3.220912E-01
288  1.49438897E-01 -5.000000E+00  0.000000E+00 -1.285194E+01  3.282771E-01
289  1.56086977E-01 -5.000000E+00  0.000000E+00 -1.280639E+01  3.341430E-01
290  1.63017483E-01 -5.000000E+00  0.000000E+00 -1.272049E+01  3.396433E-01
291  1.70241571E-01 -5.000000E+00  0.000000E+00 -1.259128E+01  3.447301E-01
292  1.77770787E-01 -5.000000E+00  0.000000E+00 -1.241577E+01  3.493532E-01
293  1.85617080E-01 -5.000000E+00  0.000000E+00 -1.219098E+01  3.534605E-01
294  1.93792808E-01 -5.000000E+00  0.000000E+00 -1.191402E+01  3.569979E-01
295  2.02310751E-01 -5.000000E+00  0.000000E+00 -1.158204E+01  3.599097E-01
296  2.11184123E-01 -5.000000E+00  0.000000E+00 -1.119234E+01  3.621388E-01
297  2.20426584E-01 -5.000000E+00  0.000000E+00 -1.074239E+01  3.636269E-01
298  2.30052247E-01 -5.000000E+00  0.000000E+00 -1.022986E+01  3.643151E-01
299  2.40075693E-01 -5.000000E+00  0.000000E+00 -9.652720E+00  3.641442E-01
300  2.50511983E-01 -5.000000E+00  0.000000E+00 -9.009244E+00  3.630552E-01
301  2.61376667E-01 -5.000000E+00  0.000000E+00 -8.298110E+00  3.609899E-01
302  2.72685794E-01 -5.000000E+00  0.000000E+00 -7.518453E+00  3.578916E-01
303  2.84455931E-01 -5.000000E+00  0.000000E+00 -6.669936E+00  3.537055E-01
304  2.96704165E-01 -5.000000E+00  0.000000E+00 -5.752824E+00  3.483799E-01
305  3.09448123E-01 -5.000000E+00  0.000000E+00 -4.768062E+00  3.418666E-01
306  3.22705977E-01 -5.000000E+00  0.000000E+00 -3.717349E+00  3.341223E-01
307  3.36496461E-01 -5.000000E+00  0.000000E+00 -2.603221E+00  3.251089E-01
308  3.50838880E-01 -5.000000E+00  0.000000E+00 -1.429124E+00  3.147952E-01
309  3.65753119E-01 -5.000000E+00  0.000000E+00 -1.994938E-01  3.031576E-01
310  3.81259662E-01 -5.000000E+00  0.000000E+00  1.080174E+00  2.901814E-01
311  3.97379594E-01 -5.000000E+00  0.000000E+00  2.403258E+00  2.758617E-01
312  4.14134620E-01 -5.000000E+00  0.000000E+00  3.761953E+00  2.602049E-01
313  4.31547073E-01 -5.000000E+00  0.000000E+00  5.147224E+00  2.432297E-01
314  4.49639924E-01 -5.000000E+00  0.000000E+00  6.548772E+00  2.249682E-01
315  4.68436797E-01 -5.000000E+00  0.000000E+00  7.955013E+00  2.054673E-01
316  4.87961976E-01 -5.000000E+00  0.000000E+00  9.353089E+00  1.847895E-01
317  5.08240415E-01 -5.000000E+00  0.000000E+00  1.072888E+01  1.630140E-01
318  5.29297755E-01 -5.000000E+00  0.000000E+00  1.206708E+01  1.402373E-01
319  5.51160325E-01 -5.000000E+00  0.000000E+00  1.335123E+01  1.165743E-01
320  5.73855159E-01 -5.000000E+00  0.000000E+00  1.456389E+01  9.215854E-02
321  5.97410004E-01 -5.000000E+00  0.000000E+00  1.568676E+01  6.714233E-02
322  6.21853328E-01 -5.000000E+00  0.000000E+00  1.670084E+01  4.169702E-02
323  6.47214331E-01 -5.000000E+00  0.000000E+00  1.758673E+01  1.601248E-02
324  6.73522952E-01 -5.000000E+00  0.000000E+00  1.832484E+01 -9.703531E-03
325  7.00809879E-01 -5.000000E+00  0.000000E+00  1.889572E+01 -3.522646E-02
326  7.29106559E-01 -5.000000E+00  0.000000E+00  1.928044E+01 -6.031649E-02
327  7.58445202E-01 -5.000000E+00  0.000000E+00  1.946099E+01 -8.472045E-02
328  7.88858790E-01 -5.000000E+00  0.000000E+00  1.942070E+01 -1.081744E-01
329  8.20381086E-01 -5.000000E+00  0.000000E+00  1.914473E+01 -1.304064E-01
330  8.53046639E-01 -5.000000E+00  0.000000E+00  1.862058E+01 -1.511402E-01
331  8.86890791E-01 -5.000000E+00  0.000000E+00  1.783865E+01 -1.700991E-01
332  9.21949681E-01 -5.000000E+00  0.000000E+00  1.679270E+01 -1.870106E-01
333  9.58260253E-01 -5.000000E+00  0.000000E+00  1.548049E+01 -2.016112E-01
334  9.95860260E-01 -5.000000E+00  0.000000E+00  1.390423E+01 -2.136516E-01
335  1.03478827E+00 -5.000000E+00  0.000000E+00  1.207110E+01 -2.229030E-01
336  1.07508366E+00 -5.000000E+00  0.000000E+00  9.993738E+00 -2.291625E-01
337  1.11678664E+00 -5.000000E+00  0.000000E+00  7.690525E+00 -2.322595E-01
338  1.15993823E+00 -5.000000E+00  0.000000E+00  5.185945E+00 -2.320620E-01
339  1.20458029E+00 -5.000000E+00  0.000000E+00  2.510715E+00 -2.284822E-01
340  1.25075549E+00 -5.000000E+00  0.000000E+00 -2.981766E-01 -2.214828E-01
341  1.29850735E+00 -5.000000E+00  0.000000E+00 -3.197605E+00 -2.110817E-01
342  1.34788021E+00 -5.000000E+00  0.000000E+00 -6.138620E+00 -1.973570E-01
343  1.39891923E+00 -5.000000E+00  0.000000E+00 -9.066963E+00 -1.804502E-01
344  1.45167041E+00 -5.000000E+00  0.000000E+00 -1.192380E+01 -1.605694E-01
345  1.50618058E+00 -5.000000E+00  0.000000E+00 -1.464667E+01 -1.379898E-01
346  1.56249738E+00 -5.000000E+00  0.000000E+00 -1.717070E+01 -1.130537E-01
347  1.62066930E+00 -5.000000E+00  0.000000E+00 -1.942997E+01 -8.616853E-02
348  1.68074564E+00 -5.000000E+00  0.000000E+00 -2.135923E+01 -5.780278E-02
349  1.74277650E+00 -5.000000E+00  0.000000E+00 -2.289563E+01 -2.847999E-02
350  1.80681281E+00 -5.000000E+00  0.000000E+00 -2.398080E+01  1.229172E-03
351  1.87290633E+00 -5.000000E+00  0.000000E+00 -2.456288E+01  3.071706E-02
352  1.94110958E+00 -5.000000E+00  0.000000E+00 -2.459876E+01  5.935116E-02
353  2.01147591E+00 -5.000000E+00  0.000000E+00 -2.405620E+01  8.648817E-02
354  2.08405945E+00 -5.000000E+00  0.000000E+00 -2.291595E+01  1.114896E-01
355  2.15891512E+00 -5.000000E+00  0.000000E+00 -2.117363E+01  1.337390E-01
356  2.23609861E+00 -5.000000E+00  0.000000E+00 -1.884143E+01  1.526598E-01
357  2.31566639E+00 -5.000000E+00  0.000000E+00 -1.594938E+01  1.677338E-01
358  2.39767568E+00 -5.000000E+00  0.000000E+00 -1.254618E+01  1.785199E-01
359  2.48218445E+00 -5.000000E+00  0.000000E+00 -8.699523E+00  1.846713E-01
360  2.56925142E+00 -5.000000E+00  0.000000E+00 -4.495705E+00  1.859521E-01
361  2.65893605E+00 -5.000000E+00  0.000000E+00 -3.858287E-02  1.822512E-01
362  2.75129848E+00 -5.000000E+00  0.000000E+00  4.552259E+00  1.735938E-01
363  2.84639961E+00 -5.000000E+00  0.000000E+00  9.144125E+00  1.601489E-01
364  2.94430101E+00 -5.000000E+00  0.000000E+00  1.359461E+01  1.422327E-01
365  3.04506492E+00 -5.000000E+00  0.000000E+00  1.775575E+01  1.203073E-01
366  3.14875430E+00 -5.000000E+00  0.000000E+00  2.147884E+01  9.497440E-02
367  3.25543271E+00 -5.000000E+00  0.000000E+00  2.461980E+01  6.696327E-02
368  3.36516440E+00 -5.000000E+00  0.000000E+00  2.704495E+01  3.711323E-02
369  3.47801423E+00 -5.000000E+00  0.000000E+00  2.863693E+01  6.351007E-03
370  3.59404769E+00 -5.000000E+00  0.000000E+00  2.930063E+01 -2.433690E-02
371  3.71333085E+00 -5.000000E+00  0.000000E+00  2.896873E+01 -5.393604E-02
372  3.83593040E+00 -5.000000E+00  0.000000E+00  2.760671E+01 -8.143914E-02
373  3.96191357E+00 -5.000000E+00  0.000000E+00  2.521691E+01 -1.058833E-01
374  4.09134816E+00 -5.000000E+00  0.000000E+00  2.184147E+01 -1.263879E-01
375  4.22430251E+00 -5.000000E+00  0.000000E+00  1.756369E+01 -1.421915E-01
376  4.36084548E+00 -5.000000E+00  0.000000E+00  1.250791E+01 -1.526869E-01
377  4.50104645E+00 -5.000000E+00  0.000000E+00  6.837317E+00 -1.574507E-01
378  4.64497527E+00 -5.000000E+00  0.000000E+00  7.500216E-01 -1.562684E-01
379  4.79270227E+00 -5.000000E+00  0.000000E+00 -5.526973E+00 -1.491509E-01
380  4.94429825E+00 -5.000000E+00  0.000000E+00 -1.174558E+01 -1.363434E-01
381  5.09983442E+00 -5.000000E+00  0.000000E+00 -1.764610E+01 -1.183235E-01
382  5.25938244E+00 -5.000000E+00  0.000000E+00 -2.296811E+01 -9.578982E-02
383  5.42301437E+00 -5.000000E+00  0.000000E+00 -2.746216E+01 -6.963992E-02
384  5.59080263E+00 -5.000000E+00  0.000000E+00 -3.090203E+01 -4.093814E-02
385  5.76282003E+00 -5.000000E+00  0.000000E+00 -3.309674E+01 -1.087453E-02
386  5.93913974E+00 -5.000000E+00  0.000000E+00 -3.390179E+01  1.928404E-02
387  6.11983523E+00 -5.000000E+00  0.000000E+00 -3.322897E+01  4.824824E-02
388  6.30498032E+00 -5.000000E+00  0.000000E+00 -3.105405E+01  7.476411E-02
389  6.49464910E+00 -5.000000E+00  0.000000E+00 -2.742184E+01  9.767133E-02
390  6.68891596E+00 -5.000000E+00  0.000000E+00 -2.244806E+01  1.159592E-01
391  6.88785553E+00 -5.000000E+00  0.000000E+00 -1.631774E+01  1.288172E-01
392  7.09154269E+00 -5.000000E+00  0.000000E+00 -9.279877E+00  1.356777E-01
393  7.30005256E+00 -5.000000E+00  0.000000E+00 -1.638511E+00  1.362475E-01
394  7.51346046E+00 -5.000000E+00  0.000000E+00  6.259740E+00  1.305269E-01
395  7.73184188E+00 -5.000000E+00  0.000000E+00  1.404109E+01  1.188144E-01
396  7.95527250E+00 -5.000000E+00  0.000000E+00  2.132235E+01  1.016962E-01
397  8.18382818E+00 -5.000000E+00  0.000000E+00  2.773025E+01  8.002091E-02
398  8.41758486E+00 -5.000000E+00  0.000000E+00  3.292116E+01  5.488233E-02
399  8.65661866E+00 -5.000000E+00  0.000000E+00  8.115962E+01  6.077454E-02
