#      n =  4
#  kappa = -1
# energy = -3.61801849E+02
#     vc = -3.60470370E+15


0    5.88235294E-08 -2.022163E-02  0.000000E+00 -0.000000E+00  1.897376E+03
1    6.16909100E-08 -2.120735E-02  0.000000E+00  1.587650E-02  1.897376E+03
2    6.46980543E-08 -2.224110E-02  0.000000E+00  3.252686E-02  1.809186E+03
3    6.78517743E-08 -2.332525E-02  0.000000E+00  4.998880E-02  1.725095E+03
4    7.11592137E-08 -2.446224E-02  0.000000E+00  6.830187E-02  1.644914E+03
5    7.46278645E-08 -2.565465E-02  0.000000E+00  8.750756E-02  1.568460E+03
6    7.82655838E-08 -2.690518E-02  0.000000E+00  1.076494E-01  1.495559E+03
7    8.20806114E-08 -2.821666E-02  0.000000E+00  1.287729E-01  1.426047E+03
8    8.60815888E-08 -2.959207E-02  0.000000E+00  1.509261E-01  1.359766E+03
9    9.02775786E-08 -3.103451E-02  0.000000E+00  1.741590E-01  1.296565E+03
10   9.46780849E-08 -3.254726E-02  0.000000E+00  1.985243E-01  1.236303E+03
11   9.92930749E-08 -3.413374E-02  0.000000E+00  2.240772E-01  1.178841E+03
12   1.04133002E-07 -3.579755E-02  0.000000E+00  2.508755E-01  1.124051E+03
13   1.09208828E-07 -3.754245E-02  0.000000E+00  2.789800E-01  1.071807E+03
14   1.14532049E-07 -3.937240E-02  0.000000E+00  3.084544E-01  1.021991E+03
15   1.20114722E-07 -4.129154E-02  0.000000E+00  3.393652E-01  9.744914E+02
16   1.25969492E-07 -4.330422E-02  0.000000E+00  3.717827E-01  9.291993E+02
17   1.32109618E-07 -4.541499E-02  0.000000E+00  4.057802E-01  8.860124E+02
18   1.38549007E-07 -4.762864E-02  0.000000E+00  4.414346E-01  8.448329E+02
19   1.45302243E-07 -4.995017E-02  0.000000E+00  4.788268E-01  8.055674E+02
20   1.52384619E-07 -5.238486E-02  0.000000E+00  5.180414E-01  7.681271E+02
21   1.59812177E-07 -5.493820E-02  0.000000E+00  5.591673E-01  7.324270E+02
22   1.67601736E-07 -5.761599E-02  0.000000E+00  6.022976E-01  6.983862E+02
23   1.75770937E-07 -6.042428E-02  0.000000E+00  6.475299E-01  6.659277E+02
24   1.84338281E-07 -6.336944E-02  0.000000E+00  6.949666E-01  6.349779E+02
25   1.93323169E-07 -6.645814E-02  0.000000E+00  7.447153E-01  6.054666E+02
26   2.02745947E-07 -6.969736E-02  0.000000E+00  7.968886E-01  5.773271E+02
27   2.12627954E-07 -7.309445E-02  0.000000E+00  8.516045E-01  5.504954E+02
28   2.22991566E-07 -7.665710E-02  0.000000E+00  9.089871E-01  5.249109E+02
29   2.33860252E-07 -8.039336E-02  0.000000E+00  9.691663E-01  5.005156E+02
30   2.45258622E-07 -8.431172E-02  0.000000E+00  1.032278E+00  4.772541E+02
31   2.57212486E-07 -8.842102E-02  0.000000E+00  1.098466E+00  4.550738E+02
32   2.69748911E-07 -9.273059E-02  0.000000E+00  1.167879E+00  4.339245E+02
33   2.82896283E-07 -9.725017E-02  0.000000E+00  1.240675E+00  4.137581E+02
34   2.96684369E-07 -1.019900E-01  0.000000E+00  1.317019E+00  3.945291E+02
35   3.11144388E-07 -1.069608E-01  0.000000E+00  1.397083E+00  3.761938E+02
36   3.26309079E-07 -1.121738E-01  0.000000E+00  1.481049E+00  3.587108E+02
37   3.42212775E-07 -1.176409E-01  0.000000E+00  1.569106E+00  3.420403E+02
38   3.58891484E-07 -1.233744E-01  0.000000E+00  1.661455E+00  3.261446E+02
39   3.76382963E-07 -1.293872E-01  0.000000E+00  1.758304E+00  3.109878E+02
40   3.94726813E-07 -1.356931E-01  0.000000E+00  1.859872E+00  2.965354E+02
41   4.13964560E-07 -1.423062E-01  0.000000E+00  1.966390E+00  2.827547E+02
42   4.34139755E-07 -1.492416E-01  0.000000E+00  2.078098E+00  2.696145E+02
43   4.55298069E-07 -1.565149E-01  0.000000E+00  2.195250E+00  2.570850E+02
44   4.77487397E-07 -1.641425E-01  0.000000E+00  2.318111E+00  2.451379E+02
45   5.00757968E-07 -1.721419E-01  0.000000E+00  2.446958E+00  2.337460E+02
46   5.25162455E-07 -1.805309E-01  0.000000E+00  2.582083E+00  2.228836E+02
47   5.50756097E-07 -1.893287E-01  0.000000E+00  2.723793E+00  2.125260E+02
48   5.77596824E-07 -1.985552E-01  0.000000E+00  2.872408E+00  2.026498E+02
49   6.05745386E-07 -2.082311E-01  0.000000E+00  3.028264E+00  1.932326E+02
50   6.35265490E-07 -2.183785E-01  0.000000E+00  3.191714E+00  1.842530E+02
51   6.66223947E-07 -2.290202E-01  0.000000E+00  3.363128E+00  1.756908E+02
52   6.98690821E-07 -2.401803E-01  0.000000E+00  3.542894E+00  1.675265E+02
53   7.32739586E-07 -2.518841E-01  0.000000E+00  3.731419E+00  1.597416E+02
54   7.68447295E-07 -2.641580E-01  0.000000E+00  3.929129E+00  1.523184E+02
55   8.05894751E-07 -2.770298E-01  0.000000E+00  4.136472E+00  1.452403E+02
56   8.45166692E-07 -2.905285E-01  0.000000E+00  4.353916E+00  1.384910E+02
57   8.86351981E-07 -3.046848E-01  0.000000E+00  4.581955E+00  1.320554E+02
58   9.29543808E-07 -3.195305E-01  0.000000E+00  4.821103E+00  1.259189E+02
59   9.74839897E-07 -3.350993E-01  0.000000E+00  5.071903E+00  1.200675E+02
60   1.02234273E-06 -3.514263E-01  0.000000E+00  5.334920E+00  1.144880E+02
61   1.07215978E-06 -3.685484E-01  0.000000E+00  5.610751E+00  1.091677E+02
62   1.12440375E-06 -3.865042E-01  0.000000E+00  5.900020E+00  1.040946E+02
63   1.17919283E-06 -4.053344E-01  0.000000E+00  6.203380E+00  9.925721E+01
64   1.23665096E-06 -4.250814E-01  0.000000E+00  6.521518E+00  9.464454E+01
65   1.29690811E-06 -4.457899E-01  0.000000E+00  6.855153E+00  9.024614E+01
66   1.36010058E-06 -4.675064E-01  0.000000E+00  7.205041E+00  8.605206E+01
67   1.42637131E-06 -4.902801E-01  0.000000E+00  7.571972E+00  8.205277E+01
68   1.49587017E-06 -5.141623E-01  0.000000E+00  7.956777E+00  7.823922E+01
69   1.56875435E-06 -5.392069E-01  0.000000E+00  8.360325E+00  7.460276E+01
70   1.64518869E-06 -5.654702E-01  0.000000E+00  8.783529E+00  7.113515E+01
71   1.72534602E-06 -5.930115E-01  0.000000E+00  9.227346E+00  6.782852E+01
72   1.80940762E-06 -6.218928E-01  0.000000E+00  9.692780E+00  6.467537E+01
73   1.89756355E-06 -6.521790E-01  0.000000E+00  1.018088E+01  6.166855E+01
74   1.99001315E-06 -6.839384E-01  0.000000E+00  1.069276E+01  5.880125E+01
75   2.08696544E-06 -7.172423E-01  0.000000E+00  1.122956E+01  5.606695E+01
76   2.18863961E-06 -7.521656E-01  0.000000E+00  1.179251E+01  5.345946E+01
77   2.29526551E-06 -7.887866E-01  0.000000E+00  1.238287E+01  5.097284E+01
78   2.40708418E-06 -8.271877E-01  0.000000E+00  1.300198E+01  4.860145E+01
79   2.52434837E-06 -8.674548E-01  0.000000E+00  1.365124E+01  4.633991E+01
80   2.64732314E-06 -9.096782E-01  0.000000E+00  1.433212E+01  4.418307E+01
81   2.77628643E-06 -9.539523E-01  0.000000E+00  1.504615E+01  4.212604E+01
82   2.91152969E-06 -1.000376E+00  0.000000E+00  1.579495E+01  4.016412E+01
83   3.05335854E-06 -1.049054E+00  0.000000E+00  1.658021E+01  3.829285E+01
84   3.20209350E-06 -1.100093E+00  0.000000E+00  1.740370E+01  3.650796E+01
85   3.35807061E-06 -1.153608E+00  0.000000E+00  1.826729E+01  3.480540E+01
86   3.52164230E-06 -1.209718E+00  0.000000E+00  1.917292E+01  3.318125E+01
87   3.69317811E-06 -1.268547E+00  0.000000E+00  2.012264E+01  3.163182E+01
88   3.87306555E-06 -1.330225E+00  0.000000E+00  2.111859E+01  3.015356E+01
89   4.06171097E-06 -1.394890E+00  0.000000E+00  2.216303E+01  2.874307E+01
90   4.25954045E-06 -1.462684E+00  0.000000E+00  2.325830E+01  2.739711E+01
91   4.46700081E-06 -1.533755E+00  0.000000E+00  2.440689E+01  2.611258E+01
92   4.68456055E-06 -1.608260E+00  0.000000E+00  2.561138E+01  2.488653E+01
93   4.91271096E-06 -1.686363E+00  0.000000E+00  2.687450E+01  2.371610E+01
94   5.15196720E-06 -1.768233E+00  0.000000E+00  2.819909E+01  2.259859E+01
95   5.40286945E-06 -1.854048E+00  0.000000E+00  2.958814E+01  2.153138E+01
96   5.66598414E-06 -1.943995E+00  0.000000E+00  3.104479E+01  2.051198E+01
97   5.94190522E-06 -2.038267E+00  0.000000E+00  3.257231E+01  1.953799E+01
98   6.23125547E-06 -2.137066E+00  0.000000E+00  3.417416E+01  1.860710E+01
99   6.53468794E-06 -2.240604E+00  0.000000E+00  3.585394E+01  1.771710E+01
100  6.85288740E-06 -2.349100E+00  0.000000E+00  3.761545E+01  1.686584E+01
101  7.18657184E-06 -2.462783E+00  0.000000E+00  3.946264E+01  1.605129E+01
102  7.53649415E-06 -2.581890E+00  0.000000E+00  4.139969E+01  1.527143E+01
103  7.90344375E-06 -2.706669E+00  0.000000E+00  4.343095E+01  1.452436E+01
104  8.28824840E-06 -2.837376E+00  0.000000E+00  4.556100E+01  1.380820E+01
105  8.69177603E-06 -2.974278E+00  0.000000E+00  4.779463E+01  1.312114E+01
106  9.11493670E-06 -3.117651E+00  0.000000E+00  5.013688E+01  1.246142E+01
107  9.55868463E-06 -3.267780E+00  0.000000E+00  5.259300E+01  1.182732E+01
108  1.00240204E-05 -3.424960E+00  0.000000E+00  5.516853E+01  1.121714E+01
109  1.05119930E-05 -3.589494E+00  0.000000E+00  5.786925E+01  1.062923E+01
110  1.10237025E-05 -3.761696E+00  0.000000E+00  6.070123E+01  1.006196E+01
111  1.15603021E-05 -3.941886E+00  0.000000E+00  6.367083E+01  9.513720E+00
112  1.21230013E-05 -4.130394E+00  0.000000E+00  6.678473E+01  8.982895E+00
113  1.27130678E-05 -4.327553E+00  0.000000E+00  7.004991E+01  8.467894E+00
114  1.33318312E-05 -4.533707E+00  0.000000E+00  7.347369E+01  7.967117E+00
115  1.39806852E-05 -4.749201E+00  0.000000E+00  7.706375E+01  7.478957E+00
116  1.46610914E-05 -4.974383E+00  0.000000E+00  8.082814E+01  7.001792E+00
117  1.53745820E-05 -5.209603E+00  0.000000E+00  8.477528E+01  6.533980E+00
118  1.61227635E-05 -5.455208E+00  0.000000E+00  8.891400E+01  6.073844E+00
119  1.69073204E-05 -5.711542E+00  0.000000E+00  9.325355E+01  5.619675E+00
120  1.77300187E-05 -5.978940E+00  0.000000E+00  9.780365E+01  5.169715E+00
121  1.85927099E-05 -6.257724E+00  0.000000E+00  1.025744E+02  4.722153E+00
122  1.94973354E-05 -6.548202E+00  0.000000E+00  1.075765E+02  4.275114E+00
123  2.04459303E-05 -6.850655E+00  0.000000E+00  1.128211E+02  3.826654E+00
124  2.14406286E-05 -7.165337E+00  0.000000E+00  1.183198E+02  3.374748E+00
125  2.24836674E-05 -7.492463E+00  0.000000E+00  1.240850E+02  2.917281E+00
126  2.35773920E-05 -7.832200E+00  0.000000E+00  1.301292E+02  2.452042E+00
127  2.47242616E-05 -8.184657E+00  0.000000E+00  1.364661E+02  1.976711E+00
128  2.59268539E-05 -8.549871E+00  0.000000E+00  1.431096E+02  1.488854E+00
129  2.71878717E-05 -8.927792E+00  0.000000E+00  1.500743E+02  9.859172E-01
130  2.85101484E-05 -9.318266E+00  0.000000E+00  1.573758E+02  4.652145E-01
131  2.98966545E-05 -9.721012E+00  0.000000E+00  1.650300E+02 -7.607276E-02
132  3.13505040E-05 -1.013560E+01  0.000000E+00  1.730539E+02 -6.409009E-01
133  3.28749615E-05 -1.056143E+01  0.000000E+00  1.814650E+02 -1.232364E+00
134  3.44734495E-05 -1.099767E+01  0.000000E+00  1.902819E+02 -1.853693E+00
135  3.61495558E-05 -1.144326E+01  0.000000E+00  1.995237E+02 -2.508244E+00
136  3.79070416E-05 -1.189685E+01  0.000000E+00  2.092108E+02 -3.199491E+00
137  3.97498497E-05 -1.235674E+01  0.000000E+00  2.193642E+02 -3.931001E+00
138  4.16821135E-05 -1.282082E+01  0.000000E+00  2.300060E+02 -4.706410E+00
139  4.37081657E-05 -1.328653E+01  0.000000E+00  2.411594E+02 -5.529375E+00
140  4.58325484E-05 -1.375075E+01  0.000000E+00  2.528485E+02 -6.403525E+00
141  4.80600228E-05 -1.420971E+01  0.000000E+00  2.650987E+02 -7.332381E+00
142  5.03955797E-05 -1.465892E+01  0.000000E+00  2.779365E+02 -8.319267E+00
143  5.28444510E-05 -1.509301E+01  0.000000E+00  2.913896E+02 -9.367178E+00
144  5.54121206E-05 -1.550560E+01  0.000000E+00  3.054870E+02 -1.047862E+01
145  5.81043369E-05 -1.588914E+01  0.000000E+00  3.202593E+02 -1.165305E+01
146  6.09271252E-05 -1.623473E+01  0.000000E+00  3.357384E+02 -1.291774E+01
147  6.38868015E-05 -1.653188E+01  0.000000E+00  3.519575E+02 -1.449206E+01
148  6.69899858E-05 -1.676829E+01  0.000000E+00  3.689527E+02 -1.343267E+01
149  7.02436170E-05 -1.692953E+01  0.000000E+00  3.867831E+02 -1.517410E+01
150  7.36549679E-05 -1.699874E+01  0.000000E+00  4.054329E+02 -2.606838E+01
151  7.72316617E-05 -1.700000E+01  0.000000E+00  4.249176E+02 -2.057567E+01
152  8.09816881E-05 -1.700000E+01  0.000000E+00  4.454603E+02 -1.607234E+01
153  8.49134212E-05 -1.700000E+01  0.000000E+00  4.669290E+02 -2.388967E+01
154  8.90356379E-05 -1.700000E+01  0.000000E+00  4.894230E+02 -2.501172E+01
155  9.33575367E-05 -1.700000E+01  0.000000E+00  5.129935E+02 -2.666875E+01
156  9.78887585E-05 -1.700000E+01  0.000000E+00  5.376913E+02 -2.846024E+01
157  1.02639407E-04 -1.700000E+01  0.000000E+00  5.635701E+02 -3.030866E+01
158  1.07620071E-04 -1.700000E+01  0.000000E+00  5.906860E+02 -3.222359E+01
159  1.12841849E-04 -1.700000E+01  0.000000E+00  6.190979E+02 -3.420934E+01
160  1.18316369E-04 -1.700000E+01  0.000000E+00  6.488673E+02 -3.627024E+01
161  1.24055820E-04 -1.700000E+01  0.000000E+00  6.800587E+02 -3.841076E+01
162  1.30072974E-04 -1.700000E+01  0.000000E+00  7.127396E+02 -4.063557E+01
163  1.36381214E-04 -1.700000E+01  0.000000E+00  7.469805E+02 -4.294950E+01
164  1.42994567E-04 -1.700000E+01  0.000000E+00  7.828555E+02 -4.535755E+01
165  1.49927729E-04 -1.700000E+01  0.000000E+00  8.204417E+02 -4.786496E+01
166  1.57196101E-04 -1.700000E+01  0.000000E+00  8.598202E+02 -5.047714E+01
167  1.64815820E-04 -1.700000E+01  0.000000E+00  9.010757E+02 -5.319973E+01
168  1.72803796E-04 -1.700000E+01  0.000000E+00  9.442966E+02 -5.603862E+01
169  1.81177747E-04 -1.700000E+01  0.000000E+00  9.895758E+02 -5.899992E+01
170  1.89956236E-04 -1.700000E+01  0.000000E+00  1.037010E+03 -6.209000E+01
171  1.99158716E-04 -1.700000E+01  0.000000E+00  1.086701E+03 -6.531551E+01
172  2.08805564E-04 -1.700000E+01  0.000000E+00  1.138755E+03 -6.868337E+01
173  2.18918132E-04 -1.700000E+01  0.000000E+00  1.193283E+03 -7.220079E+01
174  2.29518792E-04 -1.700000E+01  0.000000E+00  1.250401E+03 -7.587531E+01
175  2.40630978E-04 -1.700000E+01  0.000000E+00  1.310229E+03 -7.971478E+01
176  2.52279244E-04 -1.700000E+01  0.000000E+00  1.372896E+03 -8.372738E+01
177  2.64489310E-04 -1.700000E+01  0.000000E+00  1.438534E+03 -8.792168E+01
178  2.77288123E-04 -1.700000E+01  0.000000E+00  1.507282E+03 -9.230659E+01
179  2.90703909E-04 -1.700000E+01  0.000000E+00  1.579284E+03 -9.689142E+01
180  3.04766236E-04 -1.700000E+01  0.000000E+00  1.654692E+03 -1.016859E+02
181  3.19506078E-04 -1.700000E+01  0.000000E+00  1.733664E+03 -1.067002E+02
182  3.34955877E-04 -1.700000E+01  0.000000E+00  1.816367E+03 -1.119449E+02
183  3.51149616E-04 -1.700000E+01  0.000000E+00  1.902972E+03 -1.174310E+02
184  3.68122887E-04 -1.700000E+01  0.000000E+00  1.993661E+03 -1.231701E+02
185  3.85912970E-04 -1.700000E+01  0.000000E+00  2.088622E+03 -1.291743E+02
186  4.04558910E-04 -1.700000E+01  0.000000E+00  2.188053E+03 -1.354562E+02
187  4.24101598E-04 -1.700000E+01  0.000000E+00  2.292157E+03 -1.420289E+02
188  4.44583860E-04 -1.700000E+01  0.000000E+00  2.401152E+03 -1.489061E+02
189  4.66050542E-04 -1.700000E+01  0.000000E+00  2.515260E+03 -1.561022E+02
190  4.88548610E-04 -1.700000E+01  0.000000E+00  2.634716E+03 -1.636321E+02
191  5.12127246E-04 -1.700000E+01  0.000000E+00  2.759763E+03 -1.715115E+02
192  5.36837947E-04 -1.700000E+01  0.000000E+00  2.890657E+03 -1.797566E+02
193  5.62734637E-04 -1.700000E+01  0.000000E+00  3.027662E+03 -1.883846E+02
194  5.89873779E-04 -1.700000E+01  0.000000E+00  3.171056E+03 -1.974130E+02
195  6.18314488E-04 -1.700000E+01  0.000000E+00  3.321128E+03 -2.068605E+02
196  6.48118658E-04 -1.700000E+01  0.000000E+00  3.478177E+03 -2.167465E+02
197  6.79351087E-04 -1.700000E+01  0.000000E+00  3.642519E+03 -2.270909E+02
198  7.12079612E-04 -1.700000E+01  0.000000E+00  3.814478E+03 -2.379150E+02
199  7.46375249E-04 -1.700000E+01  0.000000E+00  3.994396E+03 -2.492406E+02
200  7.82312336E-04 -1.700000E+01  0.000000E+00  4.182627E+03 -2.610906E+02
201  8.19968689E-04 -1.700000E+01  0.000000E+00  4.379538E+03 -2.734889E+02
202  8.59425758E-04 -1.700000E+01  0.000000E+00  4.585514E+03 -2.864602E+02
203  9.00768795E-04 -1.700000E+01  0.000000E+00  4.800953E+03 -3.000305E+02
204  9.44087025E-04 -1.700000E+01  0.000000E+00  5.026270E+03 -3.142267E+02
205  9.89473829E-04 -1.700000E+01  0.000000E+00  5.261896E+03 -3.290770E+02
206  1.03702693E-03 -1.700000E+01  0.000000E+00  5.508278E+03 -3.446104E+02
207  1.08684860E-03 -1.700000E+01  0.000000E+00  5.765882E+03 -3.608576E+02
208  1.13904584E-03 -1.700000E+01  0.000000E+00  6.035190E+03 -3.778501E+02
209  1.19373064E-03 -1.700000E+01  0.000000E+00  6.316703E+03 -3.956209E+02
210  1.25102014E-03 -1.700000E+01  0.000000E+00  6.610939E+03 -4.142042E+02
211  1.31103693E-03 -1.700000E+01  0.000000E+00  6.918438E+03 -4.336357E+02
212  1.37390924E-03 -1.700000E+01  0.000000E+00  7.239757E+03 -4.539523E+02
213  1.43977123E-03 -1.700000E+01  0.000000E+00  7.575473E+03 -4.751925E+02
214  1.50876323E-03 -1.700000E+01  0.000000E+00  7.926183E+03 -4.973962E+02
215  1.58103203E-03 -1.700000E+01  0.000000E+00  8.292505E+03 -5.206047E+02
216  1.65673118E-03 -1.700000E+01  0.000000E+00  8.675076E+03 -5.448611E+02
217  1.73602124E-03 -1.700000E+01  0.000000E+00  9.074556E+03 -5.702100E+02
218  1.81907017E-03 -1.700000E+01  0.000000E+00  9.491623E+03 -5.966974E+02
219  1.90605357E-03 -1.700000E+01  0.000000E+00  9.926979E+03 -6.243712E+02
220  1.99715510E-03 -1.700000E+01  0.000000E+00  1.038134E+04 -6.532809E+02
221  2.09256678E-03 -1.700000E+01  0.000000E+00  1.085546E+04 -6.834777E+02
222  2.19248936E-03 -1.700000E+01  0.000000E+00  1.135009E+04 -7.150147E+02
223  2.29713274E-03 -1.700000E+01  0.000000E+00  1.186602E+04 -7.479465E+02
224  2.40671634E-03 -1.700000E+01  0.000000E+00  1.240405E+04 -7.823297E+02
225  2.52146953E-03 -1.700000E+01  0.000000E+00  1.296500E+04 -8.182225E+02
226  2.64163204E-03 -1.700000E+01  0.000000E+00  1.354971E+04 -8.556852E+02
227  2.76745443E-03 -1.700000E+01  0.000000E+00  1.415905E+04 -8.947795E+02
228  2.89919857E-03 -1.700000E+01  0.000000E+00  1.479389E+04 -9.355693E+02
229  3.03713809E-03 -1.700000E+01  0.000000E+00  1.545511E+04 -9.781201E+02
230  3.18155893E-03 -1.700000E+01  0.000000E+00  1.614363E+04 -1.022499E+03
231  3.33275984E-03 -1.700000E+01  0.000000E+00  1.686035E+04 -1.068776E+03
232  3.49105291E-03 -1.700000E+01  0.000000E+00  1.760622E+04 -1.117020E+03
233  3.65676421E-03 -1.700000E+01  0.000000E+00  1.838216E+04 -1.167305E+03
234  3.83023429E-03 -1.700000E+01  0.000000E+00  1.918911E+04 -1.219705E+03
235  4.01181887E-03 -1.700000E+01  0.000000E+00  2.002803E+04 -1.274294E+03
236  4.20188944E-03 -1.700000E+01  0.000000E+00  2.089984E+04 -1.331151E+03
237  4.40083394E-03 -1.700000E+01  0.000000E+00  2.180550E+04 -1.390353E+03
238  4.60905743E-03 -1.700000E+01  0.000000E+00  2.274593E+04 -1.451980E+03
239  4.82698284E-03 -1.700000E+01  0.000000E+00  2.372204E+04 -1.516112E+03
240  5.05505166E-03 -1.700000E+01  0.000000E+00  2.473474E+04 -1.582831E+03
241  5.29372478E-03 -1.700000E+01  0.000000E+00  2.578490E+04 -1.652219E+03
242  5.54348322E-03 -1.700000E+01  0.000000E+00  2.687336E+04 -1.724358E+03
243  5.80482900E-03 -1.700000E+01  0.000000E+00  2.800094E+04 -1.799332E+03
244  6.07828599E-03 -1.700000E+01  0.000000E+00  2.916838E+04 -1.877222E+03
245  6.36440081E-03 -1.700000E+01  0.000000E+00  3.037640E+04 -1.958112E+03
246  6.66374372E-03 -1.700000E+01  0.000000E+00  3.162565E+04 -2.042082E+03
247  6.97690962E-03 -1.700000E+01  0.000000E+00  3.291669E+04 -2.129214E+03
248  7.30451901E-03 -1.700000E+01  0.000000E+00  3.425002E+04 -2.219586E+03
249  7.64721903E-03 -1.700000E+01  0.000000E+00  3.562602E+04 -2.313275E+03
250  8.00568452E-03 -1.700000E+01  0.000000E+00  3.704499E+04 -2.410357E+03
251  8.38061910E-03 -1.700000E+01  0.000000E+00  3.850709E+04 -2.510901E+03
252  8.77275634E-03 -1.700000E+01  0.000000E+00  4.001234E+04 -2.614976E+03
253  9.18286092E-03 -1.700000E+01  0.000000E+00  4.156061E+04 -2.722645E+03
254  9.61172983E-03 -1.700000E+01  0.000000E+00  4.315161E+04 -2.833966E+03
255  1.00601936E-02 -1.700000E+01  0.000000E+00  4.478486E+04 -2.948991E+03
256  1.05291178E-02 -1.700000E+01  0.000000E+00  4.645964E+04 -3.067767E+03
257  1.10194040E-02 -1.700000E+01  0.000000E+00  4.817505E+04 -3.190329E+03
258  1.15319914E-02 -1.700000E+01  0.000000E+00  4.992990E+04 -3.316709E+03
259  1.20678584E-02 -1.700000E+01  0.000000E+00  5.172273E+04 -3.446924E+03
260  1.26280237E-02 -1.700000E+01  0.000000E+00  5.355180E+04 -3.580983E+03
261  1.32135482E-02 -1.700000E+01  0.000000E+00  5.541502E+04 -3.718881E+03
262  1.38255362E-02 -1.700000E+01  0.000000E+00  5.730994E+04 -3.860603E+03
263  1.44651373E-02 -1.700000E+01  0.000000E+00  5.923376E+04 -4.006114E+03
264  1.51335480E-02 -1.700000E+01  0.000000E+00  6.118322E+04 -4.155366E+03
265  1.58320132E-02 -1.700000E+01  0.000000E+00  6.315466E+04 -4.308292E+03
266  1.65618282E-02 -1.700000E+01  0.000000E+00  6.514390E+04 -4.464806E+03
267  1.73243407E-02 -1.700000E+01  0.000000E+00  6.714628E+04 -4.624801E+03
268  1.81209520E-02 -1.700000E+01  0.000000E+00  6.915658E+04 -4.788144E+03
269  1.89531196E-02 -1.700000E+01  0.000000E+00  7.116900E+04 -4.954680E+03
270  1.98223586E-02 -1.700000E+01  0.000000E+00  7.317714E+04 -5.124226E+03
271  2.07302445E-02 -1.700000E+01  0.000000E+00  7.517393E+04 -5.296569E+03
272  2.16784142E-02 -1.700000E+01  0.000000E+00  7.715164E+04 -5.471467E+03
273  2.26685692E-02 -1.700000E+01  0.000000E+00  7.910182E+04 -5.648644E+03
274  2.37024769E-02 -1.700000E+01  0.000000E+00  8.101527E+04 -5.827786E+03
275  2.47819735E-02 -1.700000E+01  0.000000E+00  8.288201E+04 -6.008546E+03
276  2.59089659E-02 -1.700000E+01  0.000000E+00  8.469128E+04 -6.190534E+03
277  2.70854342E-02 -1.700000E+01  0.000000E+00  8.643146E+04 -6.373319E+03
278  2.83134341E-02 -1.700000E+01  0.000000E+00  8.809012E+04 -6.556427E+03
279  2.95950991E-02 -1.700000E+01  0.000000E+00  8.965394E+04 -6.739338E+03
280  3.09326436E-02 -1.700000E+01  0.000000E+00  9.110876E+04 -6.921484E+03
281  3.23283646E-02 -1.700000E+01  0.000000E+00  9.243953E+04 -7.102246E+03
282  3.37846453E-02 -1.700000E+01  0.000000E+00  9.363033E+04 -7.280956E+03
283  3.53039569E-02 -1.700000E+01  0.000000E+00  9.466443E+04 -7.456893E+03
284  3.68888619E-02 -1.700000E+01  0.000000E+00  9.552423E+04 -7.629284E+03
285  3.85420166E-02 -1.700000E+01  0.000000E+00  9.619139E+04 -7.797298E+03
286  4.02661739E-02 -1.700000E+01  0.000000E+00  9.664679E+04 -7.960054E+03
287  4.20641863E-02 -1.700000E+01  0.000000E+00  9.687070E+04 -8.116613E+03
288  4.39390089E-02 -1.700000E+01  0.000000E+00  9.684276E+04 -8.265985E+03
289  4.58937022E-02 -1.700000E+01  0.000000E+00  9.654217E+04 -8.407125E+03
290  4.79314349E-02 -1.700000E+01  0.000000E+00  9.594774E+04 -8.538938E+03
291  5.00554877E-02 -1.700000E+01  0.000000E+00  9.503808E+04 -8.660283E+03
292  5.22692554E-02 -1.700000E+01  0.000000E+00  9.379176E+04 -8.769970E+03
293  5.45762510E-02 -1.700000E+01  0.000000E+00  9.218746E+04 -8.866772E+03
294  5.69801081E-02 -1.700000E+01  0.000000E+00  9.020425E+04 -8.949424E+03
295  5.94845847E-02 -1.700000E+01  0.000000E+00  8.782179E+04 -9.016632E+03
296  6.20935661E-02 -1.700000E+01  0.000000E+00  8.502060E+04 -9.067081E+03
297  6.48110683E-02 -1.700000E+01  0.000000E+00  8.178239E+04 -9.099442E+03
298  6.76412413E-02 -1.700000E+01  0.000000E+00  7.809036E+04 -9.112381E+03
299  7.05883724E-02 -1.700000E+01  0.000000E+00  7.392957E+04 -9.104572E+03
300  7.36568896E-02 -1.700000E+01  0.000000E+00  6.928732E+04 -9.074708E+03
301  7.68513651E-02 -1.700000E+01  0.000000E+00  6.415356E+04 -9.021515E+03
302  8.01765184E-02 -1.700000E+01  0.000000E+00  5.852134E+04 -8.943766E+03
303  8.36372200E-02 -1.700000E+01  0.000000E+00  5.238724E+04 -8.840298E+03
304  8.72384945E-02 -1.700000E+01  0.000000E+00  4.575188E+04 -8.710030E+03
305  9.09855244E-02 -1.700000E+01  0.000000E+00  3.862036E+04 -8.551981E+03
306  9.48836534E-02 -1.700000E+01  0.000000E+00  3.100280E+04 -8.365288E+03
307  9.89383895E-02 -1.700000E+01  0.000000E+00  2.291481E+04 -8.149233E+03
308  1.03155409E-01 -1.700000E+01  0.000000E+00  1.437798E+04 -7.903256E+03
309  1.07540559E-01 -1.700000E+01  0.000000E+00  5.420329E+03 -7.626983E+03
310  1.12099862E-01 -1.700000E+01  0.000000E+00 -3.923220E+03 -7.320247E+03
311  1.16839518E-01 -1.700000E+01  0.000000E+00 -1.361047E+04 -6.983110E+03
312  1.21765910E-01 -1.700000E+01  0.000000E+00 -2.359161E+04 -6.615885E+03
313  1.26885603E-01 -1.700000E+01  0.000000E+00 -3.380892E+04 -6.219159E+03
314  1.32205353E-01 -1.700000E+01  0.000000E+00 -4.419659E+04 -5.793809E+03
315  1.37732106E-01 -1.700000E+01  0.000000E+00 -5.468065E+04 -5.341024E+03
316  1.43473001E-01 -1.700000E+01  0.000000E+00 -6.517895E+04 -4.862321E+03
317  1.49435377E-01 -1.700000E+01  0.000000E+00 -7.560138E+04 -4.359554E+03
318  1.55626772E-01 -1.700000E+01  0.000000E+00 -8.585012E+04 -3.834929E+03
319  1.62054929E-01 -1.700000E+01  0.000000E+00 -9.582017E+04 -3.291006E+03
320  1.68727797E-01 -1.700000E+01  0.000000E+00 -1.054000E+05 -2.730703E+03
321  1.75653535E-01 -1.700000E+01  0.000000E+00 -1.144722E+05 -2.157287E+03
322  1.82840513E-01 -1.700000E+01  0.000000E+00 -1.229151E+05 -1.574368E+03
323  1.90297317E-01 -1.700000E+01  0.000000E+00 -1.306034E+05 -9.858824E+02
324  1.98032751E-01 -1.700000E+01  0.000000E+00 -1.374098E+05 -3.960652E+02
325  2.06055839E-01 -1.700000E+01  0.000000E+00 -1.432071E+05  1.905765E+02
326  2.14375827E-01 -1.700000E+01  0.000000E+00 -1.478697E+05  7.693034E+02
327  2.23002186E-01 -1.700000E+01  0.000000E+00 -1.512757E+05  1.335190E+03
328  2.31944615E-01 -1.700000E+01  0.000000E+00 -1.533096E+05  1.883178E+03
329  2.41213041E-01 -1.700000E+01  0.000000E+00 -1.538642E+05  2.408137E+03
330  2.50817625E-01 -1.700000E+01  0.000000E+00 -1.528434E+05  2.904931E+03
331  2.60768757E-01 -1.700000E+01  0.000000E+00 -1.501649E+05  3.368496E+03
332  2.71077064E-01 -1.700000E+01  0.000000E+00 -1.457627E+05  3.793914E+03
333  2.81753411E-01 -1.700000E+01  0.000000E+00 -1.395898E+05  4.176501E+03
334  2.92808898E-01 -1.700000E+01  0.000000E+00 -1.316205E+05  4.511891E+03
335  3.04254866E-01 -1.700000E+01  0.000000E+00 -1.218531E+05  4.796123E+03
336  3.16102894E-01 -1.700000E+01  0.000000E+00 -1.103116E+05  5.025728E+03
337  3.28364806E-01 -1.700000E+01  0.000000E+00 -9.704790E+04  5.197814E+03
338  3.41052666E-01 -1.700000E+01  0.000000E+00 -8.214277E+04  5.310144E+03
339  3.54178780E-01 -1.700000E+01  0.000000E+00 -6.570700E+04  5.361204E+03
340  3.67755698E-01 -1.700000E+01  0.000000E+00 -4.788164E+04  5.350273E+03
341  3.81796216E-01 -1.700000E+01  0.000000E+00 -2.883780E+04  5.277465E+03
342  3.96313370E-01 -1.700000E+01  0.000000E+00 -8.775667E+03  5.143767E+03
343  4.11320444E-01 -1.700000E+01  0.000000E+00  1.207713E+04  4.951064E+03
344  4.26830963E-01 -1.700000E+01  0.000000E+00  3.346788E+04  4.702133E+03
345  4.42858697E-01 -1.700000E+01  0.000000E+00  5.512193E+04  4.400631E+03
346  4.59417658E-01 -1.700000E+01  0.000000E+00  7.674649E+04  4.051053E+03
347  4.76522102E-01 -1.700000E+01  0.000000E+00  9.803519E+04  3.658678E+03
348  4.94186525E-01 -1.700000E+01  0.000000E+00  1.186731E+05  3.229489E+03
349  5.12425664E-01 -1.700000E+01  0.000000E+00  1.383426E+05  2.770071E+03
350  5.31254495E-01 -1.700000E+01  0.000000E+00  1.567290E+05  2.287502E+03
351  5.50688234E-01 -1.700000E+01  0.000000E+00  1.735272E+05  1.789212E+03
352  5.70742331E-01 -1.700000E+01  0.000000E+00  1.884479E+05  1.282845E+03
353  5.91432471E-01 -1.700000E+01  0.000000E+00  2.012238E+05  7.760985E+02
354  6.12774575E-01 -1.700000E+01  0.000000E+00  2.116157E+05  2.765663E+02
355  6.34784790E-01 -1.700000E+01  0.000000E+00  2.194180E+05 -2.084265E+02
356  6.57479494E-01 -1.700000E+01  0.000000E+00  2.244633E+05 -6.719812E+02
357  6.80875294E-01 -1.700000E+01  0.000000E+00  2.266269E+05 -1.107778E+03
358  7.04989015E-01 -1.700000E+01  0.000000E+00  2.258289E+05 -1.510214E+03
359  7.29837707E-01 -1.700000E+01  0.000000E+00  2.220368E+05 -1.874528E+03
360  7.55438636E-01 -1.700000E+01  0.000000E+00  2.152653E+05 -2.196900E+03
361  7.81809285E-01 -1.700000E+01  0.000000E+00  2.055758E+05 -2.474528E+03
362  8.08967348E-01 -1.700000E+01  0.000000E+00  1.930737E+05 -2.705687E+03
363  8.36930726E-01 -1.700000E+01  0.000000E+00  1.779052E+05 -2.889744E+03
364  8.65717527E-01 -1.700000E+01  0.000000E+00  1.602514E+05 -3.027160E+03
365  8.95346060E-01 -1.700000E+01  0.000000E+00  1.403230E+05 -3.119460E+03
366  9.25834830E-01 -1.700000E+01  0.000000E+00  1.183517E+05 -3.169172E+03
367  9.57202539E-01 -1.700000E+01  0.000000E+00  9.458252E+04 -3.179754E+03
368  9.89468076E-01 -1.700000E+01  0.000000E+00  6.926436E+04 -3.155492E+03
369  1.02265052E+00 -1.700000E+01  0.000000E+00  4.263986E+04 -3.101395E+03
370  1.05676912E+00 -1.700000E+01  0.000000E+00  1.493529E+04 -3.023076E+03
371  1.09184332E+00 -1.700000E+01  0.000000E+00 -1.365015E+04 -2.926632E+03
372  1.12789272E+00 -1.700000E+01  0.000000E+00 -4.295519E+04 -2.818540E+03
373  1.16493710E+00 -1.700000E+01  0.000000E+00 -7.286744E+04 -2.705553E+03
374  1.20299639E+00 -1.700000E+01  0.000000E+00 -1.033346E+05 -2.594632E+03
375  1.24209070E+00 -1.700000E+01  0.000000E+00 -1.343763E+05 -2.492898E+03
376  1.28224027E+00 -1.700000E+01  0.000000E+00 -1.660957E+05 -2.407628E+03
377  1.32346551E+00 -1.700000E+01  0.000000E+00 -1.986937E+05 -2.346302E+03
378  1.36578696E+00 -1.700000E+01  0.000000E+00 -2.324841E+05 -2.316706E+03
379  1.40922531E+00 -1.700000E+01  0.000000E+00 -2.679115E+05 -2.327103E+03
380  1.45380136E+00 -1.700000E+01  0.000000E+00 -3.055740E+05 -2.386507E+03
381  1.49953608E+00 -1.700000E+01  0.000000E+00 -3.462519E+05 -2.505044E+03
382  1.54645053E+00 -1.700000E+01  0.000000E+00 -3.909446E+05 -2.694468E+03
383  1.59456591E+00 -1.700000E+01  0.000000E+00 -4.409195E+05 -2.968831E+03
384  1.64390350E+00 -1.700000E+01  0.000000E+00 -4.977765E+05 -3.345391E+03
385  1.69448474E+00 -1.700000E+01  0.000000E+00 -5.635350E+05 -3.845797E+03
386  1.74633112E+00 -1.700000E+01  0.000000E+00 -6.407501E+05 -4.497672E+03
387  1.79946427E+00 -1.700000E+01  0.000000E+00 -7.326699E+05 -5.336724E+03
388  1.85390590E+00 -1.700000E+01  0.000000E+00 -8.434481E+05 -6.409577E+03
389  1.90967778E+00 -1.700000E+01  0.000000E+00 -9.784331E+05 -7.777595E+03
390  1.96680181E+00 -1.700000E+01  0.000000E+00 -1.144562E+06 -9.522098E+03
391  2.02529992E+00 -1.700000E+01  0.000000E+00 -1.350903E+06 -1.175152E+04
392  2.08519414E+00 -1.700000E+01  0.000000E+00 -1.609400E+06 -1.461130E+04
393  2.14650657E+00 -1.700000E+01  0.000000E+00 -1.935907E+06 -1.829769E+04
394  2.20925936E+00 -1.700000E+01  0.000000E+00 -2.351632E+06 -2.307709E+04
395  2.27347470E+00 -1.700000E+01  0.000000E+00 -2.885166E+06 -2.931340E+04
396  2.33917486E+00 -1.700000E+01  0.000000E+00 -3.575343E+06 -3.750698E+04
397  2.40638214E+00 -1.700000E+01  0.000000E+00 -4.475321E+06 -4.835045E+04
398  2.47511888E+00 -1.700000E+01  0.000000E+00 -5.658430E+06 -6.286299E+04
399  2.54540747E+00 -1.700000E+01  0.000000E+00 -2.302246E+07 -2.617391E+05
