#      n =  3
#  kappa = -1
# energy = -6.70633797E+02
#     vc = -1.34933525E+03


0    4.76190476E-08 -1.859665E-02  0.000000E+00  0.000000E+00  1.238030E-02
1    4.99403378E-08 -1.950318E-02  0.000000E+00  9.414644E-08  1.238030E-02
2    5.23747776E-08 -2.045391E-02  0.000000E+00  1.928820E-07  1.180484E-02
3    5.49278819E-08 -2.145097E-02  0.000000E+00  2.964303E-07  1.125614E-02
4    5.76054345E-08 -2.249663E-02  0.000000E+00  4.050259E-07  1.073294E-02
5    6.04135008E-08 -2.359326E-02  0.000000E+00  5.189150E-07  1.023407E-02
6    6.33584421E-08 -2.474335E-02  0.000000E+00  6.383553E-07  9.758381E-03
7    6.64469293E-08 -2.594950E-02  0.000000E+00  7.636176E-07  9.304807E-03
8    6.96859588E-08 -2.721443E-02  0.000000E+00  8.949855E-07  8.872316E-03
9    7.30828676E-08 -2.854103E-02  0.000000E+00  1.032757E-06  8.459928E-03
10   7.66453505E-08 -2.993228E-02  0.000000E+00  1.177243E-06  8.066710E-03
11   8.03814771E-08 -3.139135E-02  0.000000E+00  1.328772E-06  7.691770E-03
12   8.42997103E-08 -3.292153E-02  0.000000E+00  1.487687E-06  7.334258E-03
13   8.84089253E-08 -3.452630E-02  0.000000E+00  1.654348E-06  6.993364E-03
14   9.27184300E-08 -3.620929E-02  0.000000E+00  1.829132E-06  6.668316E-03
15   9.72379856E-08 -3.797431E-02  0.000000E+00  2.012435E-06  6.358377E-03
16   1.01977829E-07 -3.982535E-02  0.000000E+00  2.204673E-06  6.062845E-03
17   1.06948696E-07 -4.176662E-02  0.000000E+00  2.406280E-06  5.781050E-03
18   1.12161845E-07 -4.380251E-02  0.000000E+00  2.617714E-06  5.512353E-03
19   1.17629085E-07 -4.593762E-02  0.000000E+00  2.839453E-06  5.256146E-03
20   1.23362797E-07 -4.817680E-02  0.000000E+00  3.072000E-06  5.011849E-03
21   1.29375968E-07 -5.052512E-02  0.000000E+00  3.315881E-06  4.778906E-03
22   1.35682216E-07 -5.298789E-02  0.000000E+00  3.571648E-06  4.556792E-03
23   1.42295825E-07 -5.557069E-02  0.000000E+00  3.839882E-06  4.345002E-03
24   1.49231771E-07 -5.827938E-02  0.000000E+00  4.121188E-06  4.143056E-03
25   1.56505765E-07 -6.112008E-02  0.000000E+00  4.416205E-06  3.950497E-03
26   1.64134277E-07 -6.409923E-02  0.000000E+00  4.725601E-06  3.766888E-03
27   1.72134585E-07 -6.722357E-02  0.000000E+00  5.050076E-06  3.591814E-03
28   1.80524806E-07 -7.050019E-02  0.000000E+00  5.390364E-06  3.424878E-03
29   1.89323941E-07 -7.393649E-02  0.000000E+00  5.747238E-06  3.265701E-03
30   1.98551914E-07 -7.754027E-02  0.000000E+00  6.121504E-06  3.113923E-03
31   2.08229624E-07 -8.131968E-02  0.000000E+00  6.514010E-06  2.969199E-03
32   2.18378983E-07 -8.528328E-02  0.000000E+00  6.925646E-06  2.831203E-03
33   2.29022975E-07 -8.944004E-02  0.000000E+00  7.357342E-06  2.699621E-03
34   2.40185701E-07 -9.379938E-02  0.000000E+00  7.810077E-06  2.574154E-03
35   2.51892436E-07 -9.837117E-02  0.000000E+00  8.284876E-06  2.454520E-03
36   2.64169689E-07 -1.031658E-01  0.000000E+00  8.782814E-06  2.340446E-03
37   2.77045256E-07 -1.081940E-01  0.000000E+00  9.305018E-06  2.231674E-03
38   2.90548290E-07 -1.134673E-01  0.000000E+00  9.852671E-06  2.127958E-03
39   3.04709363E-07 -1.189975E-01  0.000000E+00  1.042701E-05  2.029063E-03
40   3.19560537E-07 -1.247972E-01  0.000000E+00  1.102934E-05  1.934764E-03
41   3.35135434E-07 -1.308796E-01  0.000000E+00  1.166103E-05  1.844848E-03
42   3.51469316E-07 -1.372584E-01  0.000000E+00  1.232349E-05  1.759112E-03
43   3.68599158E-07 -1.439479E-01  0.000000E+00  1.301824E-05  1.677360E-03
44   3.86563742E-07 -1.509635E-01  0.000000E+00  1.374684E-05  1.599408E-03
45   4.05403733E-07 -1.583209E-01  0.000000E+00  1.451095E-05  1.525080E-03
46   4.25161780E-07 -1.660368E-01  0.000000E+00  1.531229E-05  1.454205E-03
47   4.45882607E-07 -1.741286E-01  0.000000E+00  1.615268E-05  1.386625E-03
48   4.67613119E-07 -1.826148E-01  0.000000E+00  1.703402E-05  1.322186E-03
49   4.90402501E-07 -1.915144E-01  0.000000E+00  1.795830E-05  1.260742E-03
50   5.14302336E-07 -2.008476E-01  0.000000E+00  1.892763E-05  1.202153E-03
51   5.39366718E-07 -2.106356E-01  0.000000E+00  1.994418E-05  1.146288E-03
52   5.65652375E-07 -2.209005E-01  0.000000E+00  2.101026E-05  1.093019E-03
53   5.93218797E-07 -2.316654E-01  0.000000E+00  2.212829E-05  1.042225E-03
54   6.22128371E-07 -2.429548E-01  0.000000E+00  2.330080E-05  9.937923E-04
55   6.52446521E-07 -2.547942E-01  0.000000E+00  2.453043E-05  9.476102E-04
56   6.84241856E-07 -2.672104E-01  0.000000E+00  2.581997E-05  9.035744E-04
57   7.17586327E-07 -2.802314E-01  0.000000E+00  2.717235E-05  8.615849E-04
58   7.52555387E-07 -2.938867E-01  0.000000E+00  2.859061E-05  8.215468E-04
59   7.89228161E-07 -3.082072E-01  0.000000E+00  3.007797E-05  7.833692E-04
60   8.27687628E-07 -3.232253E-01  0.000000E+00  3.163779E-05  7.469656E-04
61   8.68020804E-07 -3.389749E-01  0.000000E+00  3.327360E-05  7.122536E-04
62   9.10318942E-07 -3.554915E-01  0.000000E+00  3.498911E-05  6.791545E-04
63   9.54677738E-07 -3.728126E-01  0.000000E+00  3.678819E-05  6.475932E-04
64   1.00119754E-06 -3.909773E-01  0.000000E+00  3.867492E-05  6.174984E-04
65   1.04998360E-06 -4.100267E-01  0.000000E+00  4.065356E-05  5.888017E-04
66   1.10114625E-06 -4.300036E-01  0.000000E+00  4.272858E-05  5.614381E-04
67   1.15480125E-06 -4.509534E-01  0.000000E+00  4.490469E-05  5.353456E-04
68   1.21106993E-06 -4.729233E-01  0.000000E+00  4.718680E-05  5.104651E-04
69   1.27007959E-06 -4.959629E-01  0.000000E+00  4.958007E-05  4.867401E-04
70   1.33196367E-06 -5.201241E-01  0.000000E+00  5.208993E-05  4.641169E-04
71   1.39686212E-06 -5.454617E-01  0.000000E+00  5.472203E-05  4.425442E-04
72   1.46492173E-06 -5.720326E-01  0.000000E+00  5.748234E-05  4.219731E-04
73   1.53629638E-06 -5.998969E-01  0.000000E+00  6.037709E-05  4.023569E-04
74   1.61114747E-06 -6.291173E-01  0.000000E+00  6.341283E-05  3.836511E-04
75   1.68964425E-06 -6.597598E-01  0.000000E+00  6.659643E-05  3.658133E-04
76   1.77196420E-06 -6.918934E-01  0.000000E+00  6.993508E-05  3.488030E-04
77   1.85829343E-06 -7.255905E-01  0.000000E+00  7.343633E-05  3.325816E-04
78   1.94882710E-06 -7.609269E-01  0.000000E+00  7.710809E-05  3.171123E-04
79   2.04376986E-06 -7.979821E-01  0.000000E+00  8.095866E-05  3.023599E-04
80   2.14333634E-06 -8.368396E-01  0.000000E+00  8.499675E-05  2.882910E-04
81   2.24775159E-06 -8.775866E-01  0.000000E+00  8.923147E-05  2.748736E-04
82   2.35725158E-06 -9.203148E-01  0.000000E+00  9.367241E-05  2.620771E-04
83   2.47208380E-06 -9.651200E-01  0.000000E+00  9.832959E-05  2.498724E-04
84   2.59250774E-06 -1.012103E+00  0.000000E+00  1.032135E-04  2.382317E-04
85   2.71879554E-06 -1.061368E+00  0.000000E+00  1.083353E-04  2.271286E-04
86   2.85123253E-06 -1.113027E+00  0.000000E+00  1.137064E-04  2.165377E-04
87   2.99011794E-06 -1.167195E+00  0.000000E+00  1.193390E-04  2.064348E-04
88   3.13576554E-06 -1.223993E+00  0.000000E+00  1.252458E-04  1.967968E-04
89   3.28850435E-06 -1.283547E+00  0.000000E+00  1.314402E-04  1.876017E-04
90   3.44867939E-06 -1.345991E+00  0.000000E+00  1.379361E-04  1.788283E-04
91   3.61665245E-06 -1.411464E+00  0.000000E+00  1.447483E-04  1.704566E-04
92   3.79280287E-06 -1.480111E+00  0.000000E+00  1.518920E-04  1.624672E-04
93   3.97752848E-06 -1.552084E+00  0.000000E+00  1.593835E-04  1.548418E-04
94   4.17124639E-06 -1.627544E+00  0.000000E+00  1.672395E-04  1.475627E-04
95   4.37439401E-06 -1.706656E+00  0.000000E+00  1.754779E-04  1.406129E-04
96   4.58742998E-06 -1.789596E+00  0.000000E+00  1.841173E-04  1.339763E-04
97   4.81083523E-06 -1.876546E+00  0.000000E+00  1.931771E-04  1.276374E-04
98   5.04511406E-06 -1.967698E+00  0.000000E+00  2.026777E-04  1.215813E-04
99   5.29079525E-06 -2.063250E+00  0.000000E+00  2.126406E-04  1.157937E-04
100  5.54843326E-06 -2.163411E+00  0.000000E+00  2.230882E-04  1.102607E-04
101  5.81860949E-06 -2.268398E+00  0.000000E+00  2.340442E-04  1.049693E-04
102  6.10193357E-06 -2.378441E+00  0.000000E+00  2.455331E-04  9.990644E-05
103  6.39904471E-06 -2.493774E+00  0.000000E+00  2.575809E-04  9.505997E-05
104  6.71061317E-06 -2.614648E+00  0.000000E+00  2.702147E-04  9.041790E-05
105  7.03734175E-06 -2.741318E+00  0.000000E+00  2.834629E-04  8.596868E-05
106  7.37996735E-06 -2.874054E+00  0.000000E+00  2.973554E-04  8.170108E-05
107  7.73926264E-06 -3.013137E+00  0.000000E+00  3.119235E-04  7.760417E-05
108  8.11603780E-06 -3.158857E+00  0.000000E+00  3.272000E-04  7.366728E-05
109  8.51114229E-06 -3.311518E+00  0.000000E+00  3.432191E-04  6.987997E-05
110  8.92546681E-06 -3.471433E+00  0.000000E+00  3.600170E-04  6.623199E-05
111  9.35994527E-06 -3.638930E+00  0.000000E+00  3.776313E-04  6.271325E-05
112  9.81555686E-06 -3.814345E+00  0.000000E+00  3.961017E-04  5.931376E-05
113  1.02933283E-05 -3.998029E+00  0.000000E+00  4.154696E-04  5.602361E-05
114  1.07943360E-05 -4.190344E+00  0.000000E+00  4.357785E-04  5.283294E-05
115  1.13197087E-05 -4.391661E+00  0.000000E+00  4.570740E-04  4.973186E-05
116  1.18706298E-05 -4.602365E+00  0.000000E+00  4.794039E-04  4.671044E-05
117  1.24483401E-05 -4.822850E+00  0.000000E+00  5.028181E-04  4.375866E-05
118  1.30541404E-05 -5.053519E+00  0.000000E+00  5.273692E-04  4.086635E-05
119  1.36893947E-05 -5.294786E+00  0.000000E+00  5.531121E-04  3.802314E-05
120  1.43555330E-05 -5.547069E+00  0.000000E+00  5.801043E-04  3.521843E-05
121  1.50540547E-05 -5.810794E+00  0.000000E+00  6.084063E-04  3.244129E-05
122  1.57865316E-05 -6.086391E+00  0.000000E+00  6.380811E-04  2.968048E-05
123  1.65546119E-05 -6.374291E+00  0.000000E+00  6.691951E-04  2.692429E-05
124  1.73600235E-05 -6.674924E+00  0.000000E+00  7.018176E-04  2.416057E-05
125  1.82045778E-05 -6.988714E+00  0.000000E+00  7.360212E-04  2.137659E-05
126  1.90901741E-05 -7.316077E+00  0.000000E+00  7.718820E-04  1.855903E-05
127  2.00188036E-05 -7.657416E+00  0.000000E+00  8.094797E-04  1.569387E-05
128  2.09925538E-05 -8.013113E+00  0.000000E+00  8.488977E-04  1.276631E-05
129  2.20136132E-05 -8.383522E+00  0.000000E+00  8.902233E-04  9.760735E-06
130  2.30842763E-05 -8.768964E+00  0.000000E+00  9.335481E-04  6.660596E-06
131  2.42069482E-05 -9.169715E+00  0.000000E+00  9.789676E-04  3.448348E-06
132  2.53841508E-05 -9.585995E+00  0.000000E+00  1.026582E-03  1.053676E-07
133  2.66185276E-05 -1.001795E+01  0.000000E+00  1.076496E-03 -3.388125E-06
134  2.79128501E-05 -1.046565E+01  0.000000E+00  1.128820E-03 -7.053142E-06
135  2.92700234E-05 -1.092906E+01  0.000000E+00  1.183668E-03 -1.091200E-05
136  3.06930933E-05 -1.140801E+01  0.000000E+00  1.241160E-03 -1.498835E-05
137  3.21852525E-05 -1.190220E+01  0.000000E+00  1.301422E-03 -1.930730E-05
138  3.37498482E-05 -1.241113E+01  0.000000E+00  1.364584E-03 -2.389534E-05
139  3.53903889E-05 -1.293410E+01  0.000000E+00  1.430785E-03 -2.878044E-05
140  3.71105527E-05 -1.347016E+01  0.000000E+00  1.500167E-03 -3.399195E-05
141  3.89141950E-05 -1.401807E+01  0.000000E+00  1.572880E-03 -3.956060E-05
142  4.08053574E-05 -1.457623E+01  0.000000E+00  1.649081E-03 -4.551833E-05
143  4.27882763E-05 -1.514264E+01  0.000000E+00  1.728934E-03 -5.189811E-05
144  4.48673927E-05 -1.571483E+01  0.000000E+00  1.812610E-03 -5.873367E-05
145  4.70473614E-05 -1.628974E+01  0.000000E+00  1.900287E-03 -6.605912E-05
146  4.93330617E-05 -1.686369E+01  0.000000E+00  1.992153E-03 -7.390842E-05
147  5.17296081E-05 -1.743222E+01  0.000000E+00  2.088403E-03 -8.231469E-05
148  5.42423613E-05 -1.798998E+01  0.000000E+00  2.189241E-03 -9.130929E-05
149  5.68769404E-05 -1.853060E+01  0.000000E+00  2.294881E-03 -1.009207E-04
150  5.96392350E-05 -1.904650E+01  0.000000E+00  2.405546E-03 -1.111729E-04
151  6.25354179E-05 -1.952868E+01  0.000000E+00  2.521472E-03 -1.220751E-04
152  6.55719593E-05 -1.996656E+01  0.000000E+00  2.642905E-03 -1.337135E-04
153  6.87556405E-05 -2.034766E+01  0.000000E+00  2.770101E-03 -1.471044E-04
154  7.20935687E-05 -2.065730E+01  0.000000E+00  2.903334E-03 -1.529183E-04
155  7.55931931E-05 -2.087832E+01  0.000000E+00  3.042995E-03 -1.463095E-04
156  7.92623206E-05 -2.099060E+01  0.000000E+00  3.189340E-03 -2.333287E-04
157  8.31091332E-05 -2.100000E+01  0.000000E+00  3.341733E-03 -2.213214E-04
158  8.71422059E-05 -2.100000E+01  0.000000E+00  3.502572E-03 -1.743134E-04
159  9.13705252E-05 -2.100000E+01  0.000000E+00  3.670653E-03 -2.323831E-04
160  9.58035090E-05 -2.100000E+01  0.000000E+00  3.846657E-03 -2.484771E-04
161  1.00451027E-04 -2.100000E+01  0.000000E+00  4.031028E-03 -2.639875E-04
162  1.05323421E-04 -2.100000E+01  0.000000E+00  4.224156E-03 -2.810368E-04
163  1.10431531E-04 -2.100000E+01  0.000000E+00  4.426456E-03 -2.986964E-04
164  1.15786714E-04 -2.100000E+01  0.000000E+00  4.638361E-03 -3.169993E-04
165  1.21400872E-04 -2.100000E+01  0.000000E+00  4.860322E-03 -3.359904E-04
166  1.27286477E-04 -2.100000E+01  0.000000E+00  5.092815E-03 -3.557106E-04
167  1.33456596E-04 -2.100000E+01  0.000000E+00  5.336335E-03 -3.762023E-04
168  1.39924923E-04 -2.100000E+01  0.000000E+00  5.591401E-03 -3.975094E-04
169  1.46705806E-04 -2.100000E+01  0.000000E+00  5.858555E-03 -4.196776E-04
170  1.53814278E-04 -2.100000E+01  0.000000E+00  6.138365E-03 -4.427545E-04
171  1.61266091E-04 -2.100000E+01  0.000000E+00  6.431424E-03 -4.667892E-04
172  1.69077748E-04 -2.100000E+01  0.000000E+00  6.738353E-03 -4.918332E-04
173  1.77266541E-04 -2.100000E+01  0.000000E+00  7.059801E-03 -5.179398E-04
174  1.85850584E-04 -2.100000E+01  0.000000E+00  7.396446E-03 -5.451646E-04
175  1.94848857E-04 -2.100000E+01  0.000000E+00  7.748998E-03 -5.735656E-04
176  2.04281243E-04 -2.100000E+01  0.000000E+00  8.118198E-03 -6.032031E-04
177  2.14168571E-04 -2.100000E+01  0.000000E+00  8.504821E-03 -6.341397E-04
178  2.24532662E-04 -2.100000E+01  0.000000E+00  8.909678E-03 -6.664411E-04
179  2.35396375E-04 -2.100000E+01  0.000000E+00  9.333616E-03 -7.001755E-04
180  2.46783655E-04 -2.100000E+01  0.000000E+00  9.777518E-03 -7.354140E-04
181  2.58719584E-04 -2.100000E+01  0.000000E+00  1.024231E-02 -7.722308E-04
182  2.71230436E-04 -2.100000E+01  0.000000E+00  1.072896E-02 -8.107033E-04
183  2.84343729E-04 -2.100000E+01  0.000000E+00  1.123847E-02 -8.509121E-04
184  2.98088289E-04 -2.100000E+01  0.000000E+00  1.177189E-02 -8.929416E-04
185  3.12494305E-04 -2.100000E+01  0.000000E+00  1.233034E-02 -9.368793E-04
186  3.27593396E-04 -2.100000E+01  0.000000E+00  1.291495E-02 -9.828170E-04
187  3.43418677E-04 -2.100000E+01  0.000000E+00  1.352692E-02 -1.030850E-03
188  3.60004829E-04 -2.100000E+01  0.000000E+00  1.416751E-02 -1.081079E-03
189  3.77388172E-04 -2.100000E+01  0.000000E+00  1.483802E-02 -1.133606E-03
190  3.95606739E-04 -2.100000E+01  0.000000E+00  1.553981E-02 -1.188541E-03
191  4.14700358E-04 -2.100000E+01  0.000000E+00  1.627431E-02 -1.245997E-03
192  4.34710735E-04 -2.100000E+01  0.000000E+00  1.704300E-02 -1.306091E-03
193  4.55681538E-04 -2.100000E+01  0.000000E+00  1.784742E-02 -1.368947E-03
194  4.77658493E-04 -2.100000E+01  0.000000E+00  1.868919E-02 -1.434694E-03
195  5.00689474E-04 -2.100000E+01  0.000000E+00  1.956998E-02 -1.503464E-03
196  5.24824604E-04 -2.100000E+01  0.000000E+00  2.049154E-02 -1.575398E-03
197  5.50116359E-04 -2.100000E+01  0.000000E+00  2.145570E-02 -1.650641E-03
198  5.76619677E-04 -2.100000E+01  0.000000E+00  2.246436E-02 -1.729345E-03
199  6.04392068E-04 -2.100000E+01  0.000000E+00  2.351949E-02 -1.811668E-03
200  6.33493736E-04 -2.100000E+01  0.000000E+00  2.462315E-02 -1.897774E-03
201  6.63987697E-04 -2.100000E+01  0.000000E+00  2.577748E-02 -1.987835E-03
202  6.95939915E-04 -2.100000E+01  0.000000E+00  2.698470E-02 -2.082031E-03
203  7.29419428E-04 -2.100000E+01  0.000000E+00  2.824715E-02 -2.180546E-03
204  7.64498497E-04 -2.100000E+01  0.000000E+00  2.956721E-02 -2.283576E-03
205  8.01252745E-04 -2.100000E+01  0.000000E+00  3.094739E-02 -2.391321E-03
206  8.39761313E-04 -2.100000E+01  0.000000E+00  3.239029E-02 -2.503992E-03
207  8.80107022E-04 -2.100000E+01  0.000000E+00  3.389861E-02 -2.621807E-03
208  9.22376535E-04 -2.100000E+01  0.000000E+00  3.547515E-02 -2.744994E-03
209  9.66660533E-04 -2.100000E+01  0.000000E+00  3.712280E-02 -2.873789E-03
210  1.01305390E-03 -2.100000E+01  0.000000E+00  3.884458E-02 -3.008437E-03
211  1.06165590E-03 -2.100000E+01  0.000000E+00  4.064360E-02 -3.149194E-03
212  1.11257038E-03 -2.100000E+01  0.000000E+00  4.252310E-02 -3.296325E-03
213  1.16590600E-03 -2.100000E+01  0.000000E+00  4.448642E-02 -3.450106E-03
214  1.22177640E-03 -2.100000E+01  0.000000E+00  4.653701E-02 -3.610821E-03
215  1.28030047E-03 -2.100000E+01  0.000000E+00  4.867844E-02 -3.778768E-03
216  1.34160254E-03 -2.100000E+01  0.000000E+00  5.091442E-02 -3.954253E-03
217  1.40581267E-03 -2.100000E+01  0.000000E+00  5.324874E-02 -4.137597E-03
218  1.47306685E-03 -2.100000E+01  0.000000E+00  5.568533E-02 -4.329127E-03
219  1.54350731E-03 -2.100000E+01  0.000000E+00  5.822825E-02 -4.529188E-03
220  1.61728279E-03 -2.100000E+01  0.000000E+00  6.088166E-02 -4.738131E-03
221  1.69454879E-03 -2.100000E+01  0.000000E+00  6.364984E-02 -4.956323E-03
222  1.77546789E-03 -2.100000E+01  0.000000E+00  6.653720E-02 -5.184143E-03
223  1.86021009E-03 -2.100000E+01  0.000000E+00  6.954826E-02 -5.421980E-03
224  1.94895309E-03 -2.100000E+01  0.000000E+00  7.268764E-02 -5.670238E-03
225  2.04188262E-03 -2.100000E+01  0.000000E+00  7.596009E-02 -5.929332E-03
226  2.13919285E-03 -2.100000E+01  0.000000E+00  7.937045E-02 -6.199691E-03
227  2.24108671E-03 -2.100000E+01  0.000000E+00  8.292367E-02 -6.481756E-03
228  2.34777625E-03 -2.100000E+01  0.000000E+00  8.662480E-02 -6.775980E-03
229  2.45948310E-03 -2.100000E+01  0.000000E+00  9.047894E-02 -7.082829E-03
230  2.57643881E-03 -2.100000E+01  0.000000E+00  9.449132E-02 -7.402783E-03
231  2.69888533E-03 -2.100000E+01  0.000000E+00  9.866719E-02 -7.736332E-03
232  2.82707543E-03 -2.100000E+01  0.000000E+00  1.030119E-01 -8.083979E-03
233  2.96127316E-03 -2.100000E+01  0.000000E+00  1.075308E-01 -8.446237E-03
234  3.10175434E-03 -2.100000E+01  0.000000E+00  1.122293E-01 -8.823631E-03
235  3.24880703E-03 -2.100000E+01  0.000000E+00  1.171128E-01 -9.216697E-03
236  3.40273211E-03 -2.100000E+01  0.000000E+00  1.221867E-01 -9.625981E-03
237  3.56384374E-03 -2.100000E+01  0.000000E+00  1.274564E-01 -1.005203E-02
238  3.73246999E-03 -2.100000E+01  0.000000E+00  1.329271E-01 -1.049542E-02
239  3.90895335E-03 -2.100000E+01  0.000000E+00  1.386042E-01 -1.095671E-02
240  4.09365139E-03 -2.100000E+01  0.000000E+00  1.444927E-01 -1.143648E-02
241  4.28693735E-03 -2.100000E+01  0.000000E+00  1.505976E-01 -1.193529E-02
242  4.48920081E-03 -2.100000E+01  0.000000E+00  1.569237E-01 -1.245375E-02
243  4.70084834E-03 -2.100000E+01  0.000000E+00  1.634755E-01 -1.299242E-02
244  4.92230419E-03 -2.100000E+01  0.000000E+00  1.702575E-01 -1.355189E-02
245  5.15401106E-03 -2.100000E+01  0.000000E+00  1.772734E-01 -1.413274E-02
246  5.39643080E-03 -2.100000E+01  0.000000E+00  1.845271E-01 -1.473554E-02
247  5.65004518E-03 -2.100000E+01  0.000000E+00  1.920215E-01 -1.536084E-02
248  5.91535673E-03 -2.100000E+01  0.000000E+00  1.997595E-01 -1.600920E-02
249  6.19288956E-03 -2.100000E+01  0.000000E+00  2.077432E-01 -1.668115E-02
250  6.48319019E-03 -2.100000E+01  0.000000E+00  2.159741E-01 -1.737721E-02
251  6.78682847E-03 -2.100000E+01  0.000000E+00  2.244530E-01 -1.809788E-02
252  7.10439850E-03 -2.100000E+01  0.000000E+00  2.331798E-01 -1.884361E-02
253  7.43651956E-03 -2.100000E+01  0.000000E+00  2.421536E-01 -1.961484E-02
254  7.78383711E-03 -2.100000E+01  0.000000E+00  2.513727E-01 -2.041196E-02
255  8.14702381E-03 -2.100000E+01  0.000000E+00  2.608338E-01 -2.123532E-02
256  8.52678056E-03 -2.100000E+01  0.000000E+00  2.705330E-01 -2.208523E-02
257  8.92383758E-03 -2.100000E+01  0.000000E+00  2.804645E-01 -2.296192E-02
258  9.33895557E-03 -2.100000E+01  0.000000E+00  2.906215E-01 -2.386558E-02
259  9.77292680E-03 -2.100000E+01  0.000000E+00  3.009952E-01 -2.479632E-02
260  1.02265764E-02 -2.100000E+01  0.000000E+00  3.115754E-01 -2.575417E-02
261  1.07007634E-02 -2.100000E+01  0.000000E+00  3.223498E-01 -2.673906E-02
262  1.11963822E-02 -2.100000E+01  0.000000E+00  3.333040E-01 -2.775084E-02
263  1.17143639E-02 -2.100000E+01  0.000000E+00  3.444216E-01 -2.878925E-02
264  1.22556774E-02 -2.100000E+01  0.000000E+00  3.556837E-01 -2.985389E-02
265  1.28213311E-02 -2.100000E+01  0.000000E+00  3.670687E-01 -3.094427E-02
266  1.34123739E-02 -2.100000E+01  0.000000E+00  3.785525E-01 -3.205972E-02
267  1.40298971E-02 -2.100000E+01  0.000000E+00  3.901078E-01 -3.319943E-02
268  1.46750358E-02 -2.100000E+01  0.000000E+00  4.017043E-01 -3.436243E-02
269  1.53489703E-02 -2.100000E+01  0.000000E+00  4.133084E-01 -3.554757E-02
270  1.60529277E-02 -2.100000E+01  0.000000E+00  4.248829E-01 -3.675351E-02
271  1.67881838E-02 -2.100000E+01  0.000000E+00  4.363869E-01 -3.797868E-02
272  1.75560644E-02 -2.100000E+01  0.000000E+00  4.477757E-01 -3.922131E-02
273  1.83579474E-02 -2.100000E+01  0.000000E+00  4.590003E-01 -4.047939E-02
274  1.91952643E-02 -2.100000E+01  0.000000E+00  4.700075E-01 -4.175066E-02
275  2.00695020E-02 -2.100000E+01  0.000000E+00  4.807399E-01 -4.303259E-02
276  2.09822049E-02 -2.100000E+01  0.000000E+00  4.911352E-01 -4.432238E-02
277  2.19349767E-02 -2.100000E+01  0.000000E+00  5.011265E-01 -4.561690E-02
278  2.29294820E-02 -2.100000E+01  0.000000E+00  5.106422E-01 -4.691276E-02
279  2.39674490E-02 -2.100000E+01  0.000000E+00  5.196057E-01 -4.820621E-02
280  2.50506706E-02 -2.100000E+01  0.000000E+00  5.279354E-01 -4.949319E-02
281  2.61810076E-02 -2.100000E+01  0.000000E+00  5.355448E-01 -5.076928E-02
282  2.73603896E-02 -2.100000E+01  0.000000E+00  5.423427E-01 -5.202969E-02
283  2.85908181E-02 -2.100000E+01  0.000000E+00  5.482328E-01 -5.326930E-02
284  2.98743684E-02 -2.100000E+01  0.000000E+00  5.531144E-01 -5.448258E-02
285  3.12131916E-02 -2.100000E+01  0.000000E+00  5.568822E-01 -5.566366E-02
286  3.26095172E-02 -2.100000E+01  0.000000E+00  5.594269E-01 -5.680627E-02
287  3.40656555E-02 -2.100000E+01  0.000000E+00  5.606355E-01 -5.790377E-02
288  3.55839995E-02 -2.100000E+01  0.000000E+00  5.603917E-01 -5.894916E-02
289  3.71670277E-02 -2.100000E+01  0.000000E+00  5.585766E-01 -5.993508E-02
290  3.88173066E-02 -2.100000E+01  0.000000E+00  5.550693E-01 -6.085381E-02
291  4.05374926E-02 -2.100000E+01  0.000000E+00  5.497477E-01 -6.169734E-02
292  4.23303354E-02 -2.100000E+01  0.000000E+00  5.424898E-01 -6.245733E-02
293  4.41986798E-02 -2.100000E+01  0.000000E+00  5.331743E-01 -6.312518E-02
294  4.61454686E-02 -2.100000E+01  0.000000E+00  5.216819E-01 -6.369207E-02
295  4.81737450E-02 -2.100000E+01  0.000000E+00  5.078970E-01 -6.414900E-02
296  5.02866556E-02 -2.100000E+01  0.000000E+00  4.917091E-01 -6.448683E-02
297  5.24874527E-02 -2.100000E+01  0.000000E+00  4.730144E-01 -6.469635E-02
298  5.47794972E-02 -2.100000E+01  0.000000E+00  4.517176E-01 -6.476836E-02
299  5.71662611E-02 -2.100000E+01  0.000000E+00  4.277340E-01 -6.469373E-02
300  5.96513303E-02 -2.100000E+01  0.000000E+00  4.009918E-01 -6.446351E-02
301  6.22384076E-02 -2.100000E+01  0.000000E+00  3.714341E-01 -6.406901E-02
302  6.49313151E-02 -2.100000E+01  0.000000E+00  3.390216E-01 -6.350188E-02
303  6.77339969E-02 -2.100000E+01  0.000000E+00  3.037351E-01 -6.275429E-02
304  7.06505222E-02 -2.100000E+01  0.000000E+00  2.655777E-01 -6.181898E-02
305  7.36850880E-02 -2.100000E+01  0.000000E+00  2.245783E-01 -6.068945E-02
306  7.68420216E-02 -2.100000E+01  0.000000E+00  1.807935E-01 -5.936005E-02
307  8.01257837E-02 -2.100000E+01  0.000000E+00  1.343110E-01 -5.782614E-02
308  8.35409709E-02 -2.100000E+01  0.000000E+00  8.525149E-02 -5.608425E-02
309  8.70923187E-02 -2.100000E+01  0.000000E+00  3.377204E-02 -5.413221E-02
310  9.07847039E-02 -2.100000E+01  0.000000E+00 -1.993216E-02 -5.196931E-02
311  9.46231478E-02 -2.100000E+01  0.000000E+00 -7.562543E-02 -4.959642E-02
312  9.86128185E-02 -2.100000E+01  0.000000E+00 -1.330298E-01 -4.701619E-02
313  1.02759034E-01 -2.100000E+01  0.000000E+00 -1.918237E-01 -4.423315E-02
314  1.07067263E-01 -2.100000E+01  0.000000E+00 -2.516407E-01 -4.125382E-02
315  1.11543133E-01 -2.100000E+01  0.000000E+00 -3.120694E-01 -3.808688E-02
316  1.16192424E-01 -2.100000E+01  0.000000E+00 -3.726536E-01 -3.474319E-02
317  1.21021079E-01 -2.100000E+01  0.000000E+00 -4.328932E-01 -3.123595E-02
318  1.26035203E-01 -2.100000E+01  0.000000E+00 -4.922459E-01 -2.758068E-02
319  1.31241065E-01 -2.100000E+01  0.000000E+00 -5.501303E-01 -2.379528E-02
320  1.36645104E-01 -2.100000E+01  0.000000E+00 -6.059289E-01 -1.989999E-02
321  1.42253925E-01 -2.100000E+01  0.000000E+00 -6.589933E-01 -1.591737E-02
322  1.48074308E-01 -2.100000E+01  0.000000E+00 -7.086498E-01 -1.187219E-02
323  1.54113205E-01 -2.100000E+01  0.000000E+00 -7.542063E-01 -7.791304E-03
324  1.60377745E-01 -2.100000E+01  0.000000E+00 -7.949601E-01 -3.703452E-03
325  1.66875236E-01 -2.100000E+01  0.000000E+00 -8.302075E-01  3.609338E-04
326  1.73613164E-01 -2.100000E+01  0.000000E+00 -8.592531E-01  4.370033E-03
327  1.80599201E-01 -2.100000E+01  0.000000E+00 -8.814218E-01  8.290953E-03
328  1.87841199E-01 -2.100000E+01  0.000000E+00 -8.960702E-01  1.209010E-02
329  1.95347197E-01 -2.100000E+01  0.000000E+00 -9.025994E-01  1.573361E-02
330  2.03125423E-01 -2.100000E+01  0.000000E+00 -9.004682E-01  1.918779E-02
331  2.11184291E-01 -2.100000E+01  0.000000E+00 -8.892068E-01  2.241962E-02
332  2.19532408E-01 -2.100000E+01  0.000000E+00 -8.684295E-01  2.539728E-02
333  2.28178568E-01 -2.100000E+01  0.000000E+00 -8.378490E-01  2.809071E-02
334  2.37131763E-01 -2.100000E+01  0.000000E+00 -7.972877E-01  3.047212E-02
335  2.46401174E-01 -2.100000E+01  0.000000E+00 -7.466902E-01  3.251659E-02
336  2.55996180E-01 -2.100000E+01  0.000000E+00 -6.861329E-01  3.420257E-02
337  2.65926353E-01 -2.100000E+01  0.000000E+00 -6.158328E-01  3.551244E-02
338  2.76201462E-01 -2.100000E+01  0.000000E+00 -5.361533E-01  3.643293E-02
339  2.86831473E-01 -2.100000E+01  0.000000E+00 -4.476083E-01  3.695555E-02
340  2.97826548E-01 -2.100000E+01  0.000000E+00 -3.508632E-01  3.707697E-02
341  3.09197048E-01 -2.100000E+01  0.000000E+00 -2.467323E-01  3.679923E-02
342  3.20953530E-01 -2.100000E+01  0.000000E+00 -1.361737E-01  3.612991E-02
343  3.33106748E-01 -2.100000E+01  0.000000E+00 -2.027987E-02  3.508224E-02
344  3.45667656E-01 -2.100000E+01  0.000000E+00  9.973472E-02  3.367497E-02
345  3.58647402E-01 -2.100000E+01  0.000000E+00  2.225498E-01  3.193222E-02
346  3.72057334E-01 -2.100000E+01  0.000000E+00  3.467587E-01  2.988318E-02
347  3.85908994E-01 -2.100000E+01  0.000000E+00  4.708911E-01  2.756167E-02
348  4.00214120E-01 -2.100000E+01  0.000000E+00  5.934382E-01  2.500560E-02
349  4.14984645E-01 -2.100000E+01  0.000000E+00  7.128802E-01  2.225627E-02
350  4.30232696E-01 -2.100000E+01  0.000000E+00  8.277156E-01  1.935767E-02
351  4.45970592E-01 -2.100000E+01  0.000000E+00  9.364904E-01  1.635559E-02
352  4.62210843E-01 -2.100000E+01  0.000000E+00  1.037829E+00  1.329676E-02
353  4.78966151E-01 -2.100000E+01  0.000000E+00  1.130463E+00  1.022787E-02
354  4.96249406E-01 -2.100000E+01  0.000000E+00  1.213258E+00  7.194644E-03
355  5.14073682E-01 -2.100000E+01  0.000000E+00  1.285241E+00  4.240904E-03
356  5.32452242E-01 -2.100000E+01  0.000000E+00  1.345619E+00  1.407658E-03
357  5.51398529E-01 -2.100000E+01  0.000000E+00  1.393799E+00 -1.267717E-03
358  5.70926169E-01 -2.100000E+01  0.000000E+00  1.429399E+00 -3.752180E-03
359  5.91048967E-01 -2.100000E+01  0.000000E+00  1.452258E+00 -6.017715E-03
360  6.11780902E-01 -2.100000E+01  0.000000E+00  1.462434E+00 -8.041752E-03
361  6.33136130E-01 -2.100000E+01  0.000000E+00  1.460207E+00 -9.807459E-03
362  6.55128976E-01 -2.100000E+01  0.000000E+00  1.446061E+00 -1.130397E-02
363  6.77773937E-01 -2.100000E+01  0.000000E+00  1.420675E+00 -1.252635E-02
364  7.01085672E-01 -2.100000E+01  0.000000E+00  1.384904E+00 -1.347546E-02
365  7.25079005E-01 -2.100000E+01  0.000000E+00  1.339750E+00 -1.415758E-02
366  7.49768922E-01 -2.100000E+01  0.000000E+00  1.286336E+00 -1.458402E-02
367  7.75170561E-01 -2.100000E+01  0.000000E+00  1.225878E+00 -1.477050E-02
368  8.01299219E-01 -2.100000E+01  0.000000E+00  1.159652E+00 -1.473645E-02
369  8.28170339E-01 -2.100000E+01  0.000000E+00  1.088960E+00 -1.450434E-02
370  8.55799513E-01 -2.100000E+01  0.000000E+00  1.015100E+00 -1.409878E-02
371  8.84202477E-01 -2.100000E+01  0.000000E+00  9.393345E-01 -1.354582E-02
372  9.13395104E-01 -2.100000E+01  0.000000E+00  8.628662E-01 -1.287208E-02
373  9.43393406E-01 -2.100000E+01  0.000000E+00  7.868099E-01 -1.210404E-02
374  9.74213526E-01 -2.100000E+01  0.000000E+00  7.121747E-01 -1.126736E-02
375  1.00587173E+00 -2.100000E+01  0.000000E+00  6.398483E-01 -1.038625E-02
376  1.03838443E+00 -2.100000E+01  0.000000E+00  5.705861E-01 -9.483037E-03
377  1.07176813E+00 -2.100000E+01  0.000000E+00  5.050049E-01 -8.577695E-03
378  1.10603946E+00 -2.100000E+01  0.000000E+00  4.435819E-01 -7.687635E-03
379  1.14121518E+00 -2.100000E+01  0.000000E+00  3.866578E-01 -6.827520E-03
380  1.17731213E+00 -2.100000E+01  0.000000E+00  3.344433E-01 -6.009217E-03
381  1.21434728E+00 -2.100000E+01  0.000000E+00  2.870292E-01 -5.241840E-03
382  1.25233769E+00 -2.100000E+01  0.000000E+00  2.443988E-01 -4.531884E-03
383  1.29130050E+00 -2.100000E+01  0.000000E+00  2.064428E-01 -3.883427E-03
384  1.33125298E+00 -2.100000E+01  0.000000E+00  1.729739E-01 -3.298380E-03
385  1.37221246E+00 -2.100000E+01  0.000000E+00  1.437431E-01 -2.776785E-03
386  1.41419634E+00 -2.100000E+01  0.000000E+00  1.184551E-01 -2.317120E-03
387  1.45722214E+00 -2.100000E+01  0.000000E+00  9.678277E-02 -1.916619E-03
388  1.50130742E+00 -2.100000E+01  0.000000E+00  7.838083E-02 -1.571582E-03
389  1.54646983E+00 -2.100000E+01  0.000000E+00  6.289725E-02 -1.277661E-03
390  1.59272707E+00 -2.100000E+01  0.000000E+00  4.998335E-02 -1.030133E-03
391  1.64009693E+00 -2.100000E+01  0.000000E+00  3.930154E-02 -8.241239E-04
392  1.68859722E+00 -2.100000E+01  0.000000E+00  3.053112E-02 -6.548169E-04
393  1.73824583E+00 -2.100000E+01  0.000000E+00  2.337201E-02 -5.176161E-04
394  1.78906070E+00 -2.100000E+01  0.000000E+00  1.754630E-02 -4.082871E-04
395  1.84105980E+00 -2.100000E+01  0.000000E+00  1.279786E-02 -3.230742E-04
396  1.89426115E+00 -2.100000E+01  0.000000E+00  8.889702E-03 -2.588046E-04
397  1.94868281E+00 -2.100000E+01  0.000000E+00  5.599082E-03 -2.129936E-04
398  2.00434286E+00 -2.100000E+01  0.000000E+00  2.709658E-03 -1.840616E-04
399  2.06125944E+00 -2.100000E+01  0.000000E+00  0.000000E+00  0.000000E+00
