#      n =  8
#  kappa = -1
# energy = -1.03264269E+02
#     vc = -1.04039423E+09


0    4.54545455E-08 -1.820086E-02  0.000000E+00 -0.000000E+00  1.038066E+01
1    4.76704321E-08 -1.908814E-02  0.000000E+00  7.710038E-05  1.038066E+01
2    4.99943359E-08 -2.001868E-02  0.000000E+00  1.579591E-04  9.898125E+00
3    5.24315219E-08 -2.099457E-02  0.000000E+00  2.427595E-04  9.438028E+00
4    5.49875117E-08 -2.201804E-02  0.000000E+00  3.316935E-04  8.999319E+00
5    5.76680960E-08 -2.309139E-02  0.000000E+00  4.249628E-04  8.581004E+00
6    6.04793478E-08 -2.421707E-02  0.000000E+00  5.227785E-04  8.182134E+00
7    6.34276359E-08 -2.539762E-02  0.000000E+00  6.253623E-04  7.801806E+00
8    6.65196396E-08 -2.663572E-02  0.000000E+00  7.329466E-04  7.439158E+00
9    6.97623636E-08 -2.793416E-02  0.000000E+00  8.457752E-04  7.093368E+00
10   7.31631542E-08 -2.929590E-02  0.000000E+00  9.641035E-04  6.763652E+00
11   7.67297155E-08 -3.072402E-02  0.000000E+00  1.088200E-03  6.449263E+00
12   8.04701269E-08 -3.222175E-02  0.000000E+00  1.218345E-03  6.149488E+00
13   8.43928619E-08 -3.379249E-02  0.000000E+00  1.354834E-03  5.863649E+00
14   8.85068067E-08 -3.543979E-02  0.000000E+00  1.497976E-03  5.591096E+00
15   9.28212804E-08 -3.716738E-02  0.000000E+00  1.648096E-03  5.331214E+00
16   9.73460564E-08 -3.897919E-02  0.000000E+00  1.805532E-03  5.083412E+00
17   1.02091384E-07 -4.087930E-02  0.000000E+00  1.970643E-03  4.847128E+00
18   1.07068014E-07 -4.287203E-02  0.000000E+00  2.143801E-03  4.621829E+00
19   1.12287216E-07 -4.496190E-02  0.000000E+00  2.325400E-03  4.407002E+00
20   1.17760815E-07 -4.715363E-02  0.000000E+00  2.515851E-03  4.202162E+00
21   1.23501208E-07 -4.945218E-02  0.000000E+00  2.715584E-03  4.006843E+00
22   1.29521398E-07 -5.186278E-02  0.000000E+00  2.925053E-03  3.820604E+00
23   1.35835020E-07 -5.439086E-02  0.000000E+00  3.144731E-03  3.643022E+00
24   1.42456374E-07 -5.704217E-02  0.000000E+00  3.375117E-03  3.473695E+00
25   1.49400458E-07 -5.982271E-02  0.000000E+00  3.616732E-03  3.312238E+00
26   1.56683000E-07 -6.273876E-02  0.000000E+00  3.870123E-03  3.158287E+00
27   1.64320492E-07 -6.579695E-02  0.000000E+00  4.135865E-03  3.011492E+00
28   1.72330234E-07 -6.900419E-02  0.000000E+00  4.414558E-03  2.871521E+00
29   1.80730364E-07 -7.236774E-02  0.000000E+00  4.706835E-03  2.738056E+00
30   1.89539908E-07 -7.589523E-02  0.000000E+00  5.013358E-03  2.610795E+00
31   1.98778816E-07 -7.959465E-02  0.000000E+00  5.334819E-03  2.489449E+00
32   2.08468011E-07 -8.347436E-02  0.000000E+00  5.671949E-03  2.373744E+00
33   2.18629436E-07 -8.754316E-02  0.000000E+00  6.025509E-03  2.263417E+00
34   2.29286102E-07 -9.181026E-02  0.000000E+00  6.396300E-03  2.158219E+00
35   2.40462140E-07 -9.628532E-02  0.000000E+00  6.785163E-03  2.057910E+00
36   2.52182859E-07 -1.009785E-01  0.000000E+00  7.192978E-03  1.962264E+00
37   2.64474799E-07 -1.059004E-01  0.000000E+00  7.620668E-03  1.871064E+00
38   2.77365794E-07 -1.110621E-01  0.000000E+00  8.069201E-03  1.784103E+00
39   2.90885033E-07 -1.164754E-01  0.000000E+00  8.539594E-03  1.701184E+00
40   3.05063126E-07 -1.221525E-01  0.000000E+00  9.032911E-03  1.622120E+00
41   3.19932177E-07 -1.281063E-01  0.000000E+00  9.550270E-03  1.546730E+00
42   3.35525851E-07 -1.343502E-01  0.000000E+00  1.009284E-02  1.474845E+00
43   3.51879454E-07 -1.408983E-01  0.000000E+00  1.066185E-02  1.406301E+00
44   3.69030010E-07 -1.477656E-01  0.000000E+00  1.125860E-02  1.340943E+00
45   3.87016348E-07 -1.549675E-01  0.000000E+00  1.188442E-02  1.278623E+00
46   4.05879187E-07 -1.625204E-01  0.000000E+00  1.254074E-02  1.219199E+00
47   4.25661230E-07 -1.704413E-01  0.000000E+00  1.322904E-02  1.162538E+00
48   4.46407260E-07 -1.787482E-01  0.000000E+00  1.395088E-02  1.108510E+00
49   4.68164239E-07 -1.874598E-01  0.000000E+00  1.470790E-02  1.056993E+00
50   4.90981418E-07 -1.965959E-01  0.000000E+00  1.550181E-02  1.007871E+00
51   5.14910445E-07 -2.061772E-01  0.000000E+00  1.633440E-02  9.610318E-01
52   5.40005484E-07 -2.162253E-01  0.000000E+00  1.720756E-02  9.163696E-01
53   5.66323336E-07 -2.267630E-01  0.000000E+00  1.812327E-02  8.737832E-01
54   5.93923567E-07 -2.378141E-01  0.000000E+00  1.908360E-02  8.331760E-01
55   6.22868646E-07 -2.494036E-01  0.000000E+00  2.009073E-02  7.944561E-01
56   6.53224079E-07 -2.615578E-01  0.000000E+00  2.114692E-02  7.575357E-01
57   6.85058567E-07 -2.743041E-01  0.000000E+00  2.225458E-02  7.223312E-01
58   7.18444151E-07 -2.876713E-01  0.000000E+00  2.341620E-02  6.887627E-01
59   7.53456382E-07 -3.016898E-01  0.000000E+00  2.463442E-02  6.567542E-01
60   7.90174488E-07 -3.163911E-01  0.000000E+00  2.591200E-02  6.262332E-01
61   8.28681555E-07 -3.318086E-01  0.000000E+00  2.725182E-02  5.971305E-01
62   8.69064712E-07 -3.479771E-01  0.000000E+00  2.865692E-02  5.693801E-01
63   9.11415331E-07 -3.649331E-01  0.000000E+00  3.013047E-02  5.429191E-01
64   9.55829230E-07 -3.827150E-01  0.000000E+00  3.167581E-02  5.176877E-01
65   1.00240689E-06 -4.013629E-01  0.000000E+00  3.329644E-02  4.936285E-01
66   1.05125369E-06 -4.209190E-01  0.000000E+00  3.499602E-02  4.706870E-01
67   1.10248012E-06 -4.414276E-01  0.000000E+00  3.677840E-02  4.488114E-01
68   1.15620208E-06 -4.629348E-01  0.000000E+00  3.864760E-02  4.279519E-01
69   1.21254107E-06 -4.854894E-01  0.000000E+00  4.060786E-02  4.080612E-01
70   1.27162452E-06 -5.091421E-01  0.000000E+00  4.266360E-02  3.890944E-01
71   1.33358609E-06 -5.339465E-01  0.000000E+00  4.481949E-02  3.710083E-01
72   1.39856589E-06 -5.599585E-01  0.000000E+00  4.708039E-02  3.537620E-01
73   1.46671089E-06 -5.872368E-01  0.000000E+00  4.945142E-02  3.373164E-01
74   1.53817518E-06 -6.158429E-01  0.000000E+00  5.193794E-02  3.216341E-01
75   1.61312038E-06 -6.458414E-01  0.000000E+00  5.454556E-02  3.066796E-01
76   1.69171595E-06 -6.772999E-01  0.000000E+00  5.728019E-02  2.924189E-01
77   1.77413959E-06 -7.102893E-01  0.000000E+00  6.014801E-02  2.788197E-01
78   1.86057767E-06 -7.448839E-01  0.000000E+00  6.315551E-02  2.658511E-01
79   1.95122559E-06 -7.811617E-01  0.000000E+00  6.630947E-02  2.534836E-01
80   2.04628828E-06 -8.192042E-01  0.000000E+00  6.961703E-02  2.416892E-01
81   2.14598063E-06 -8.590970E-01  0.000000E+00  7.308567E-02  2.304411E-01
82   2.25052798E-06 -9.009300E-01  0.000000E+00  7.672321E-02  2.197136E-01
83   2.36016663E-06 -9.447970E-01  0.000000E+00  8.053790E-02  2.094824E-01
84   2.47514437E-06 -9.907967E-01  0.000000E+00  8.453833E-02  1.997241E-01
85   2.59572104E-06 -1.039032E+00  0.000000E+00  8.873356E-02  1.904166E-01
86   2.72216912E-06 -1.089612E+00  0.000000E+00  9.313305E-02  1.815386E-01
87   2.85477431E-06 -1.142648E+00  0.000000E+00  9.774675E-02  1.730699E-01
88   2.99383624E-06 -1.198261E+00  0.000000E+00  1.025851E-01  1.649911E-01
89   3.13966907E-06 -1.256575E+00  0.000000E+00  1.076590E-01  1.572837E-01
90   3.29260226E-06 -1.317719E+00  0.000000E+00  1.129799E-01  1.499300E-01
91   3.45298126E-06 -1.381830E+00  0.000000E+00  1.185598E-01  1.429132E-01
92   3.62116832E-06 -1.449051E+00  0.000000E+00  1.244113E-01  1.362172E-01
93   3.79754330E-06 -1.519532E+00  0.000000E+00  1.305477E-01  1.298264E-01
94   3.98250450E-06 -1.593429E+00  0.000000E+00  1.369828E-01  1.237262E-01
95   4.17646960E-06 -1.670906E+00  0.000000E+00  1.437310E-01  1.179023E-01
96   4.37987655E-06 -1.752134E+00  0.000000E+00  1.508077E-01  1.123412E-01
97   4.59318459E-06 -1.837294E+00  0.000000E+00  1.582288E-01  1.070300E-01
98   4.81687527E-06 -1.926572E+00  0.000000E+00  1.660111E-01  1.019562E-01
99   5.05145351E-06 -2.020165E+00  0.000000E+00  1.741720E-01  9.710768E-02
100  5.29744879E-06 -2.118277E+00  0.000000E+00  1.827300E-01  9.247310E-02
101  5.55541626E-06 -2.221124E+00  0.000000E+00  1.917044E-01  8.804133E-02
102  5.82593807E-06 -2.328930E+00  0.000000E+00  2.011155E-01  8.380169E-02
103  6.10962462E-06 -2.441928E+00  0.000000E+00  2.109843E-01  7.974389E-02
104  6.40711592E-06 -2.560362E+00  0.000000E+00  2.213332E-01  7.585796E-02
105  6.71908310E-06 -2.684487E+00  0.000000E+00  2.321855E-01  7.213427E-02
106  7.04622983E-06 -2.814569E+00  0.000000E+00  2.435655E-01  6.856345E-02
107  7.38929394E-06 -2.950884E+00  0.000000E+00  2.554990E-01  6.513640E-02
108  7.74904908E-06 -3.093722E+00  0.000000E+00  2.680128E-01  6.184425E-02
109  8.12630643E-06 -3.243381E+00  0.000000E+00  2.811350E-01  5.867830E-02
110  8.52191653E-06 -3.400175E+00  0.000000E+00  2.948952E-01  5.563005E-02
111  8.93677118E-06 -3.564426E+00  0.000000E+00  3.093242E-01  5.269110E-02
112  9.37180546E-06 -3.736473E+00  0.000000E+00  3.244545E-01  4.985320E-02
113  9.82799977E-06 -3.916662E+00  0.000000E+00  3.403202E-01  4.710812E-02
114  1.03063821E-05 -4.105357E+00  0.000000E+00  3.569568E-01  4.444771E-02
115  1.08080302E-05 -4.302929E+00  0.000000E+00  3.744016E-01  4.186380E-02
116  1.13340742E-05 -4.509765E+00  0.000000E+00  3.926938E-01  3.934819E-02
117  1.18856989E-05 -4.726262E+00  0.000000E+00  4.118745E-01  3.689262E-02
118  1.24641467E-05 -4.952828E+00  0.000000E+00  4.319865E-01  3.448871E-02
119  1.30707199E-05 -5.189881E+00  0.000000E+00  4.530749E-01  3.212795E-02
120  1.37067842E-05 -5.437850E+00  0.000000E+00  4.751870E-01  2.980161E-02
121  1.43737714E-05 -5.697171E+00  0.000000E+00  4.983721E-01  2.750074E-02
122  1.50731825E-05 -5.968288E+00  0.000000E+00  5.226821E-01  2.521610E-02
123  1.58065914E-05 -6.251650E+00  0.000000E+00  5.481711E-01  2.293811E-02
124  1.65756482E-05 -6.547707E+00  0.000000E+00  5.748962E-01  2.065681E-02
125  1.73820827E-05 -6.856910E+00  0.000000E+00  6.029167E-01  1.836178E-02
126  1.82277088E-05 -7.179707E+00  0.000000E+00  6.322951E-01  1.604212E-02
127  1.91144277E-05 -7.516539E+00  0.000000E+00  6.630967E-01  1.368634E-02
128  2.00442330E-05 -7.867833E+00  0.000000E+00  6.953899E-01  1.128235E-02
129  2.10192148E-05 -8.233999E+00  0.000000E+00  7.292462E-01  8.817333E-03
130  2.20415640E-05 -8.615422E+00  0.000000E+00  7.647406E-01  6.277742E-03
131  2.31135776E-05 -9.012455E+00  0.000000E+00  8.019515E-01  3.649177E-03
132  2.42376638E-05 -9.425407E+00  0.000000E+00  8.409612E-01  9.163386E-04
133  2.54163472E-05 -9.854535E+00  0.000000E+00  8.818555E-01 -1.937052E-03
134  2.66522742E-05 -1.030003E+01  0.000000E+00  9.247243E-01 -4.928320E-03
135  2.79482195E-05 -1.076200E+01  0.000000E+00  9.696617E-01 -8.075910E-03
136  2.93070916E-05 -1.124045E+01  0.000000E+00  1.016766E+00 -1.139945E-02
137  3.07319394E-05 -1.173527E+01  0.000000E+00  1.066140E+00 -1.491980E-02
138  3.22259594E-05 -1.224621E+01  0.000000E+00  1.117892E+00 -1.865912E-02
139  3.37925023E-05 -1.277283E+01  0.000000E+00  1.172133E+00 -2.264089E-02
140  3.54350804E-05 -1.331451E+01  0.000000E+00  1.228982E+00 -2.688990E-02
141  3.71573758E-05 -1.387036E+01  0.000000E+00  1.288562E+00 -3.143230E-02
142  3.89632480E-05 -1.443921E+01  0.000000E+00  1.351000E+00 -3.629550E-02
143  4.08567428E-05 -1.501956E+01  0.000000E+00  1.416430E+00 -4.150809E-02
144  4.28421013E-05 -1.560951E+01  0.000000E+00  1.484994E+00 -4.709970E-02
145  4.49237688E-05 -1.620667E+01  0.000000E+00  1.556837E+00 -5.310079E-02
146  4.71064051E-05 -1.680813E+01  0.000000E+00  1.632113E+00 -5.954234E-02
147  4.93948945E-05 -1.741033E+01  0.000000E+00  1.710981E+00 -6.645540E-02
148  5.17943565E-05 -1.800894E+01  0.000000E+00  1.793608E+00 -7.387056E-02
149  5.43101572E-05 -1.859879E+01  0.000000E+00  1.880169E+00 -8.181718E-02
150  5.69479213E-05 -1.917368E+01  0.000000E+00  1.970847E+00 -9.032246E-02
151  5.97135440E-05 -1.972623E+01  0.000000E+00  2.065833E+00 -9.941016E-02
152  6.26132042E-05 -2.024768E+01  0.000000E+00  2.165326E+00 -1.090983E-01
153  6.56533782E-05 -2.072769E+01  0.000000E+00  2.269536E+00 -1.193834E-01
154  6.88408535E-05 -2.115407E+01  0.000000E+00  2.378685E+00 -1.306267E-01
155  7.21827441E-05 -2.151248E+01  0.000000E+00  2.493001E+00 -1.436966E-01
156  7.56865058E-05 -2.178610E+01  0.000000E+00  2.612747E+00 -1.288789E-01
157  7.93599526E-05 -2.195525E+01  0.000000E+00  2.738428E+00 -1.849689E-01
158  8.32112738E-05 -2.200000E+01  0.000000E+00  2.869256E+00 -2.155774E-01
159  8.72490517E-05 -2.200000E+01  0.000000E+00  3.006869E+00 -1.704574E-01
160  9.14822805E-05 -2.200000E+01  0.000000E+00  3.151186E+00 -1.936311E-01
161  9.59203861E-05 -2.200000E+01  0.000000E+00  3.302120E+00 -2.241355E-01
162  1.00573246E-04 -2.200000E+01  0.000000E+00  3.460212E+00 -2.367371E-01
163  1.05451211E-04 -2.200000E+01  0.000000E+00  3.625803E+00 -2.519619E-01
164  1.10565129E-04 -2.200000E+01  0.000000E+00  3.799242E+00 -2.678938E-01
165  1.15926366E-04 -2.200000E+01  0.000000E+00  3.980901E+00 -2.843854E-01
166  1.21546833E-04 -2.200000E+01  0.000000E+00  4.171166E+00 -3.014929E-01
167  1.27439011E-04 -2.200000E+01  0.000000E+00  4.370443E+00 -3.192529E-01
168  1.33615977E-04 -2.200000E+01  0.000000E+00  4.579154E+00 -3.377035E-01
169  1.40091434E-04 -2.200000E+01  0.000000E+00  4.797743E+00 -3.568842E-01
170  1.46879740E-04 -2.200000E+01  0.000000E+00  5.026672E+00 -3.768360E-01
171  1.53995938E-04 -2.200000E+01  0.000000E+00  5.266426E+00 -3.976015E-01
172  1.61455790E-04 -2.200000E+01  0.000000E+00  5.517512E+00 -4.192249E-01
173  1.69275810E-04 -2.200000E+01  0.000000E+00  5.780459E+00 -4.417523E-01
174  1.77473298E-04 -2.200000E+01  0.000000E+00  6.055821E+00 -4.652316E-01
175  1.86066381E-04 -2.200000E+01  0.000000E+00  6.344177E+00 -4.897127E-01
176  1.95074048E-04 -2.200000E+01  0.000000E+00  6.646132E+00 -5.152474E-01
177  2.04516193E-04 -2.200000E+01  0.000000E+00  6.962318E+00 -5.418898E-01
178  2.14413655E-04 -2.200000E+01  0.000000E+00  7.293397E+00 -5.696962E-01
179  2.24788268E-04 -2.200000E+01  0.000000E+00  7.640058E+00 -5.987253E-01
180  2.35662898E-04 -2.200000E+01  0.000000E+00  8.003024E+00 -6.290383E-01
181  2.47061502E-04 -2.200000E+01  0.000000E+00  8.383049E+00 -6.606987E-01
182  2.59009173E-04 -2.200000E+01  0.000000E+00  8.780920E+00 -6.937732E-01
183  2.71532193E-04 -2.200000E+01  0.000000E+00  9.197460E+00 -7.283310E-01
184  2.84658092E-04 -2.200000E+01  0.000000E+00  9.633528E+00 -7.644444E-01
185  2.98415703E-04 -2.200000E+01  0.000000E+00  1.009002E+01 -8.021886E-01
186  3.12835225E-04 -2.200000E+01  0.000000E+00  1.056788E+01 -8.416424E-01
187  3.27948285E-04 -2.200000E+01  0.000000E+00  1.106807E+01 -8.828876E-01
188  3.43788006E-04 -2.200000E+01  0.000000E+00  1.159162E+01 -9.260098E-01
189  3.60389077E-04 -2.200000E+01  0.000000E+00  1.213960E+01 -9.710982E-01
190  3.77787822E-04 -2.200000E+01  0.000000E+00  1.271311E+01 -1.018246E+00
191  3.96022280E-04 -2.200000E+01  0.000000E+00  1.331331E+01 -1.067549E+00
192  4.15132284E-04 -2.200000E+01  0.000000E+00  1.394142E+01 -1.119111E+00
193  4.35159542E-04 -2.200000E+01  0.000000E+00  1.459868E+01 -1.173035E+00
194  4.56147725E-04 -2.200000E+01  0.000000E+00  1.528642E+01 -1.229432E+00
195  4.78142557E-04 -2.200000E+01  0.000000E+00  1.600600E+01 -1.288416E+00
196  5.01191911E-04 -2.200000E+01  0.000000E+00  1.675885E+01 -1.350108E+00
197  5.25345906E-04 -2.200000E+01  0.000000E+00  1.754646E+01 -1.414633E+00
198  5.50657013E-04 -2.200000E+01  0.000000E+00  1.837036E+01 -1.482119E+00
199  5.77180160E-04 -2.200000E+01  0.000000E+00  1.923218E+01 -1.552704E+00
200  6.04972846E-04 -2.200000E+01  0.000000E+00  2.013358E+01 -1.626527E+00
201  6.34095261E-04 -2.200000E+01  0.000000E+00  2.107631E+01 -1.703736E+00
202  6.64610405E-04 -2.200000E+01  0.000000E+00  2.206219E+01 -1.784485E+00
203  6.96584217E-04 -2.200000E+01  0.000000E+00  2.309309E+01 -1.868933E+00
204  7.30085714E-04 -2.200000E+01  0.000000E+00  2.417099E+01 -1.957246E+00
205  7.65187124E-04 -2.200000E+01  0.000000E+00  2.529791E+01 -2.049598E+00
206  8.01964035E-04 -2.200000E+01  0.000000E+00  2.647597E+01 -2.146168E+00
207  8.40495551E-04 -2.200000E+01  0.000000E+00  2.770737E+01 -2.247145E+00
208  8.80864444E-04 -2.200000E+01  0.000000E+00  2.899439E+01 -2.352722E+00
209  9.23157326E-04 -2.200000E+01  0.000000E+00  3.033938E+01 -2.463104E+00
210  9.67464817E-04 -2.200000E+01  0.000000E+00  3.174479E+01 -2.578500E+00
211  1.01388173E-03 -2.200000E+01  0.000000E+00  3.321317E+01 -2.699130E+00
212  1.06250726E-03 -2.200000E+01  0.000000E+00  3.474713E+01 -2.825222E+00
213  1.11344518E-03 -2.200000E+01  0.000000E+00  3.634940E+01 -2.957012E+00
214  1.16680402E-03 -2.200000E+01  0.000000E+00  3.802280E+01 -3.094745E+00
215  1.22269735E-03 -2.200000E+01  0.000000E+00  3.977021E+01 -3.238677E+00
216  1.28124392E-03 -2.200000E+01  0.000000E+00  4.159466E+01 -3.389071E+00
217  1.34256794E-03 -2.200000E+01  0.000000E+00  4.349922E+01 -3.546202E+00
218  1.40679932E-03 -2.200000E+01  0.000000E+00  4.548710E+01 -3.710353E+00
219  1.47407389E-03 -2.200000E+01  0.000000E+00  4.756159E+01 -3.881818E+00
220  1.54453372E-03 -2.200000E+01  0.000000E+00  4.972606E+01 -4.060903E+00
221  1.61832733E-03 -2.200000E+01  0.000000E+00  5.198401E+01 -4.247921E+00
222  1.69561001E-03 -2.200000E+01  0.000000E+00  5.433900E+01 -4.443198E+00
223  1.77654413E-03 -2.200000E+01  0.000000E+00  5.679471E+01 -4.647071E+00
224  1.86129942E-03 -2.200000E+01  0.000000E+00  5.935489E+01 -4.859888E+00
225  1.95005327E-03 -2.200000E+01  0.000000E+00  6.202340E+01 -5.082007E+00
226  2.04299116E-03 -2.200000E+01  0.000000E+00  6.480415E+01 -5.313797E+00
227  2.14030688E-03 -2.200000E+01  0.000000E+00  6.770117E+01 -5.555639E+00
228  2.24220300E-03 -2.200000E+01  0.000000E+00  7.071853E+01 -5.807926E+00
229  2.34889118E-03 -2.200000E+01  0.000000E+00  7.386040E+01 -6.071059E+00
230  2.46059261E-03 -2.200000E+01  0.000000E+00  7.713099E+01 -6.345454E+00
231  2.57753837E-03 -2.200000E+01  0.000000E+00  8.053456E+01 -6.631535E+00
232  2.69996989E-03 -2.200000E+01  0.000000E+00  8.407543E+01 -6.929737E+00
233  2.82813938E-03 -2.200000E+01  0.000000E+00  8.775793E+01 -7.240507E+00
234  2.96231028E-03 -2.200000E+01  0.000000E+00  9.158644E+01 -7.564299E+00
235  3.10275775E-03 -2.200000E+01  0.000000E+00  9.556531E+01 -7.901579E+00
236  3.24976916E-03 -2.200000E+01  0.000000E+00  9.969891E+01 -8.252821E+00
237  3.40364457E-03 -2.200000E+01  0.000000E+00  1.039916E+02 -8.618506E+00
238  3.56469734E-03 -2.200000E+01  0.000000E+00  1.084475E+02 -8.999127E+00
239  3.73325461E-03 -2.200000E+01  0.000000E+00  1.130710E+02 -9.395177E+00
240  3.90965791E-03 -2.200000E+01  0.000000E+00  1.178662E+02 -9.807160E+00
241  4.09426373E-03 -2.200000E+01  0.000000E+00  1.228369E+02 -1.023558E+01
242  4.28744417E-03 -2.200000E+01  0.000000E+00  1.279871E+02 -1.068096E+01
243  4.48958758E-03 -2.200000E+01  0.000000E+00  1.333204E+02 -1.114379E+01
244  4.70109919E-03 -2.200000E+01  0.000000E+00  1.388402E+02 -1.162459E+01
245  4.92240184E-03 -2.200000E+01  0.000000E+00  1.445496E+02 -1.212388E+01
246  5.15393664E-03 -2.200000E+01  0.000000E+00  1.504515E+02 -1.264215E+01
247  5.39616378E-03 -2.200000E+01  0.000000E+00  1.565483E+02 -1.317991E+01
248  5.64956326E-03 -2.200000E+01  0.000000E+00  1.628421E+02 -1.373765E+01
249  5.91463566E-03 -2.200000E+01  0.000000E+00  1.693346E+02 -1.431584E+01
250  6.19190301E-03 -2.200000E+01  0.000000E+00  1.760267E+02 -1.491495E+01
251  6.48190959E-03 -2.200000E+01  0.000000E+00  1.829189E+02 -1.553542E+01
252  6.78522286E-03 -2.200000E+01  0.000000E+00  1.900111E+02 -1.617768E+01
253  7.10243434E-03 -2.200000E+01  0.000000E+00  1.973022E+02 -1.684213E+01
254  7.43416052E-03 -2.200000E+01  0.000000E+00  2.047905E+02 -1.752912E+01
255  7.78104392E-03 -2.200000E+01  0.000000E+00  2.124733E+02 -1.823899E+01
256  8.14375399E-03 -2.200000E+01  0.000000E+00  2.203469E+02 -1.897204E+01
257  8.52298822E-03 -2.200000E+01  0.000000E+00  2.284063E+02 -1.972849E+01
258  8.91947316E-03 -2.200000E+01  0.000000E+00  2.366456E+02 -2.050854E+01
259  9.33396559E-03 -2.200000E+01  0.000000E+00  2.450574E+02 -2.131233E+01
260  9.76725357E-03 -2.200000E+01  0.000000E+00  2.536327E+02 -2.213990E+01
261  1.02201577E-02 -2.200000E+01  0.000000E+00  2.623612E+02 -2.299126E+01
262  1.06935323E-02 -2.200000E+01  0.000000E+00  2.712306E+02 -2.386631E+01
263  1.11882665E-02 -2.200000E+01  0.000000E+00  2.802270E+02 -2.476485E+01
264  1.17052860E-02 -2.200000E+01  0.000000E+00  2.893342E+02 -2.568661E+01
265  1.22455537E-02 -2.200000E+01  0.000000E+00  2.985341E+02 -2.663118E+01
266  1.28100717E-02 -2.200000E+01  0.000000E+00  3.078062E+02 -2.759805E+01
267  1.33998823E-02 -2.200000E+01  0.000000E+00  3.171275E+02 -2.858657E+01
268  1.40160696E-02 -2.200000E+01  0.000000E+00  3.264724E+02 -2.959593E+01
269  1.46597611E-02 -2.200000E+01  0.000000E+00  3.358124E+02 -3.062520E+01
270  1.53321287E-02 -2.200000E+01  0.000000E+00  3.451162E+02 -3.167325E+01
271  1.60343911E-02 -2.200000E+01  0.000000E+00  3.543493E+02 -3.273878E+01
272  1.67678146E-02 -2.200000E+01  0.000000E+00  3.634738E+02 -3.382031E+01
273  1.75337153E-02 -2.200000E+01  0.000000E+00  3.724486E+02 -3.491611E+01
274  1.83334605E-02 -2.200000E+01  0.000000E+00  3.812287E+02 -3.602428E+01
275  1.91684704E-02 -2.200000E+01  0.000000E+00  3.897656E+02 -3.714265E+01
276  2.00402201E-02 -2.200000E+01  0.000000E+00  3.980067E+02 -3.826880E+01
277  2.09502413E-02 -2.200000E+01  0.000000E+00  4.058957E+02 -3.940005E+01
278  2.19001241E-02 -2.200000E+01  0.000000E+00  4.133721E+02 -4.053345E+01
279  2.28915189E-02 -2.200000E+01  0.000000E+00  4.203711E+02 -4.166575E+01
280  2.39261386E-02 -2.200000E+01  0.000000E+00  4.268239E+02 -4.279338E+01
281  2.50057600E-02 -2.200000E+01  0.000000E+00  4.326576E+02 -4.391246E+01
282  2.61322265E-02 -2.200000E+01  0.000000E+00  4.377949E+02 -4.501879E+01
283  2.73074497E-02 -2.200000E+01  0.000000E+00  4.421547E+02 -4.610781E+01
284  2.85334118E-02 -2.200000E+01  0.000000E+00  4.456518E+02 -4.717460E+01
285  2.98121673E-02 -2.200000E+01  0.000000E+00  4.481974E+02 -4.821392E+01
286  3.11458458E-02 -2.200000E+01  0.000000E+00  4.496991E+02 -4.922014E+01
287  3.25366538E-02 -2.200000E+01  0.000000E+00  4.500616E+02 -5.018726E+01
288  3.39868769E-02 -2.200000E+01  0.000000E+00  4.491868E+02 -5.110892E+01
289  3.54988825E-02 -2.200000E+01  0.000000E+00  4.469746E+02 -5.197841E+01
290  3.70751218E-02 -2.200000E+01  0.000000E+00  4.433231E+02 -5.278866E+01
291  3.87181321E-02 -2.200000E+01  0.000000E+00  4.381298E+02 -5.353226E+01
292  4.04305395E-02 -2.200000E+01  0.000000E+00  4.312923E+02 -5.420148E+01
293  4.22150613E-02 -2.200000E+01  0.000000E+00  4.227092E+02 -5.478828E+01
294  4.40745080E-02 -2.200000E+01  0.000000E+00  4.122814E+02 -5.528438E+01
295  4.60117865E-02 -2.200000E+01  0.000000E+00  3.999130E+02 -5.568122E+01
296  4.80299019E-02 -2.200000E+01  0.000000E+00  3.855132E+02 -5.597009E+01
297  5.01319605E-02 -2.200000E+01  0.000000E+00  3.689976E+02 -5.614214E+01
298  5.23211724E-02 -2.200000E+01  0.000000E+00  3.502898E+02 -5.618841E+01
299  5.46008536E-02 -2.200000E+01  0.000000E+00  3.293237E+02 -5.609997E+01
300  5.69744291E-02 -2.200000E+01  0.000000E+00  3.060450E+02 -5.586793E+01
301  5.94454354E-02 -2.200000E+01  0.000000E+00  2.804138E+02 -5.548358E+01
302  6.20175228E-02 -2.200000E+01  0.000000E+00  2.524069E+02 -5.493845E+01
303  6.46944584E-02 -2.200000E+01  0.000000E+00  2.220198E+02 -5.422443E+01
304  6.74801287E-02 -2.200000E+01  0.000000E+00  1.892698E+02 -5.333392E+01
305  7.03785420E-02 -2.200000E+01  0.000000E+00  1.541981E+02 -5.225991E+01
306  7.33938314E-02 -2.200000E+01  0.000000E+00  1.168731E+02 -5.099617E+01
307  7.65302570E-02 -2.200000E+01  0.000000E+00  7.739240E+01 -4.953733E+01
308  7.97922091E-02 -2.200000E+01  0.000000E+00  3.588586E+01 -4.787911E+01
309  8.31842102E-02 -2.200000E+01  0.000000E+00 -7.481985E+00 -4.601846E+01
310  8.67109182E-02 -2.200000E+01  0.000000E+00 -5.250954E+01 -4.395370E+01
311  9.03771287E-02 -2.200000E+01  0.000000E+00 -9.895595E+01 -4.168473E+01
312  9.41877774E-02 -2.200000E+01  0.000000E+00 -1.465393E+02 -3.921321E+01
313  9.81479431E-02 -2.200000E+01  0.000000E+00 -1.949351E+02 -3.654270E+01
314  1.02262850E-01 -2.200000E+01  0.000000E+00 -2.437752E+02 -3.367887E+01
315  1.06537870E-01 -2.200000E+01  0.000000E+00 -2.926477E+02 -3.062963E+01
316  1.10978525E-01 -2.200000E+01  0.000000E+00 -3.410969E+02 -2.740533E+01
317  1.15590492E-01 -2.200000E+01  0.000000E+00 -3.886247E+02 -2.401885E+01
318  1.20379599E-01 -2.200000E+01  0.000000E+00 -4.346923E+02 -2.048573E+01
319  1.25351836E-01 -2.200000E+01  0.000000E+00 -4.787236E+02 -1.682431E+01
320  1.30513348E-01 -2.200000E+01  0.000000E+00 -5.201093E+02 -1.305571E+01
321  1.35870448E-01 -2.200000E+01  0.000000E+00 -5.582122E+02 -9.203917E+00
322  1.41429607E-01 -2.200000E+01  0.000000E+00 -5.923744E+02 -5.295736E+00
323  1.47197466E-01 -2.200000E+01  0.000000E+00 -6.219250E+02 -1.360731E+00
324  1.53180833E-01 -2.200000E+01  0.000000E+00 -6.461902E+02  2.568894E+00
325  1.59386687E-01 -2.200000E+01  0.000000E+00 -6.645044E+02  6.458488E+00
326  1.65822179E-01 -2.200000E+01  0.000000E+00 -6.762224E+02  1.027119E+01
327  1.72494633E-01 -2.200000E+01  0.000000E+00 -6.807343E+02  1.396827E+01
328  1.79411549E-01 -2.200000E+01  0.000000E+00 -6.774801E+02  1.750948E+01
329  1.86580604E-01 -2.200000E+01  0.000000E+00 -6.659666E+02  2.085355E+01
330  1.94009655E-01 -2.200000E+01  0.000000E+00 -6.457848E+02  2.395876E+01
331  2.01706739E-01 -2.200000E+01  0.000000E+00 -6.166280E+02  2.678348E+01
332  2.09680072E-01 -2.200000E+01  0.000000E+00 -5.783105E+02  2.928694E+01
333  2.17938056E-01 -2.200000E+01  0.000000E+00 -5.307853E+02  3.142993E+01
334  2.26489275E-01 -2.200000E+01  0.000000E+00 -4.741624E+02  3.317566E+01
335  2.35342499E-01 -2.200000E+01  0.000000E+00 -4.087250E+02  3.449059E+01
336  2.44506682E-01 -2.200000E+01  0.000000E+00 -3.349438E+02  3.534535E+01
337  2.53990966E-01 -2.200000E+01  0.000000E+00 -2.534897E+02  3.571564E+01
338  2.63804680E-01 -2.200000E+01  0.000000E+00 -1.652421E+02  3.558313E+01
339  2.73957340E-01 -2.200000E+01  0.000000E+00 -7.129380E+01  3.493638E+01
340  2.84458651E-01 -2.200000E+01  0.000000E+00  2.704887E+01  3.377163E+01
341  2.95318507E-01 -2.200000E+01  0.000000E+00  1.282720E+02  3.209357E+01
342  3.06546988E-01 -2.200000E+01  0.000000E+00  2.306658E+02  2.991599E+01
343  3.18154364E-01 -2.200000E+01  0.000000E+00  3.323431E+02  2.726224E+01
344  3.30151096E-01 -2.200000E+01  0.000000E+00  4.312661E+02  2.416560E+01
345  3.42547828E-01 -2.200000E+01  0.000000E+00  5.252790E+02  2.066937E+01
346  3.55355396E-01 -2.200000E+01  0.000000E+00  6.121504E+02  1.682677E+01
347  3.68584822E-01 -2.200000E+01  0.000000E+00  6.896217E+02  1.270055E+01
348  3.82247315E-01 -2.200000E+01  0.000000E+00  7.554634E+02  8.362363E+00
349  3.96354268E-01 -2.200000E+01  0.000000E+00  8.075376E+02  3.891802E+00
350  4.10917263E-01 -2.200000E+01  0.000000E+00  8.438650E+02 -6.248528E-01
351  4.25948061E-01 -2.200000E+01  0.000000E+00  8.626972E+02 -5.096180E+00
352  4.41458609E-01 -2.200000E+01  0.000000E+00  8.625884E+02 -9.427460E+00
353  4.57461035E-01 -2.200000E+01  0.000000E+00  8.424690E+02 -1.352279E+01
354  4.73967647E-01 -2.200000E+01  0.000000E+00  8.017142E+02 -1.728740E+01
355  4.90990929E-01 -2.200000E+01  0.000000E+00  7.402078E+02 -2.063021E+01
356  5.08543544E-01 -2.200000E+01  0.000000E+00  6.583961E+02 -2.346645E+01
357  5.26638330E-01 -2.200000E+01  0.000000E+00  5.573300E+02 -2.572035E+01
358  5.45288296E-01 -2.200000E+01  0.000000E+00  4.386915E+02 -2.732781E+01
359  5.64506624E-01 -2.200000E+01  0.000000E+00  3.048015E+02 -2.823893E+01
360  5.84306662E-01 -2.200000E+01  0.000000E+00  1.586062E+02 -2.842030E+01
361  6.04701924E-01 -2.200000E+01  0.000000E+00  3.640514E+00 -2.785698E+01
362  6.25706092E-01 -2.200000E+01  0.000000E+00 -1.560341E+02 -2.655405E+01
363  6.47333003E-01 -2.200000E+01  0.000000E+00 -3.159176E+02 -2.453761E+01
364  6.69596656E-01 -2.200000E+01  0.000000E+00 -4.711850E+02 -2.185518E+01
365  6.92511206E-01 -2.200000E+01  0.000000E+00 -6.168235E+02 -1.857542E+01
366  7.16090958E-01 -2.200000E+01  0.000000E+00 -7.477923E+02 -1.478707E+01
367  7.40350369E-01 -2.200000E+01  0.000000E+00 -8.591991E+02 -1.059718E+01
368  7.65304042E-01 -2.200000E+01  0.000000E+00 -9.464888E+02 -6.128523E+00
369  7.90966723E-01 -2.200000E+01  0.000000E+00 -1.005639E+03 -1.516274E+00
370  8.17353298E-01 -2.200000E+01  0.000000E+00 -1.033352E+03  3.095950E+00
371  8.44478791E-01 -2.200000E+01  0.000000E+00 -1.027239E+03  7.560644E+00
372  8.72358358E-01 -2.200000E+01  0.000000E+00 -9.859801E+02  1.173139E+01
373  9.01007285E-01 -2.200000E+01  0.000000E+00 -9.094632E+02  1.546811E+01
374  9.30440985E-01 -2.200000E+01  0.000000E+00 -7.988771E+02  1.864236E+01
375  9.60674992E-01 -2.200000E+01  0.000000E+00 -6.567645E+02  2.114249E+01
376  9.91724962E-01 -2.200000E+01  0.000000E+00 -4.870192E+02  2.287848E+01
377  1.02360666E+00 -2.200000E+01  0.000000E+00 -2.948262E+02  2.378607E+01
378  1.05633598E+00 -2.200000E+01  0.000000E+00 -8.654123E+01  2.383017E+01
379  1.08992889E+00 -2.200000E+01  0.000000E+00  1.304923E+02  2.300716E+01
380  1.12440149E+00 -2.200000E+01  0.000000E+00  3.481830E+02  2.134610E+01
381  1.15976998E+00 -2.200000E+01  0.000000E+00  5.579852E+02  1.890852E+01
382  1.19605064E+00 -2.200000E+01  0.000000E+00  7.512340E+02  1.578694E+01
383  1.23325984E+00 -2.200000E+01  0.000000E+00  9.195122E+02  1.210186E+01
384  1.27141406E+00 -2.200000E+01  0.000000E+00  1.055032E+03  7.997634E+00
385  1.31052985E+00 -2.200000E+01  0.000000E+00  1.151014E+03  3.636904E+00
386  1.35062382E+00 -2.200000E+01  0.000000E+00  1.202049E+03 -8.057651E-01
387  1.39171270E+00 -2.200000E+01  0.000000E+00  1.204412E+03 -5.151100E+00
388  1.43381324E+00 -2.200000E+01  0.000000E+00  1.156326E+03 -9.222726E+00
389  1.47694231E+00 -2.200000E+01  0.000000E+00  1.058145E+03 -1.285487E+01
390  1.52111680E+00 -2.200000E+01  0.000000E+00  9.124423E+02 -1.589975E+01
391  1.56635368E+00 -2.200000E+01  0.000000E+00  7.240085E+02 -1.823438E+01
392  1.61266997E+00 -2.200000E+01  0.000000E+00  4.997287E+02 -1.976623E+01
393  1.66008275E+00 -2.200000E+01  0.000000E+00  2.483603E+02 -2.043772E+01
394  1.70860913E+00 -2.200000E+01  0.000000E+00 -1.979543E+01 -2.022901E+01
395  1.75826627E+00 -2.200000E+01  0.000000E+00 -2.933131E+02 -1.915907E+01
396  1.80907139E+00 -2.200000E+01  0.000000E+00 -5.601374E+02 -1.728494E+01
397  1.86104170E+00 -2.200000E+01  0.000000E+00 -8.081302E+02 -1.469907E+01
398  1.91419449E+00 -2.200000E+01  0.000000E+00 -1.025644E+03 -1.152799E+01
399  1.96854705E+00 -2.200000E+01  0.000000E+00 -4.101291E+03 -2.697004E+01
