#      n =  8
#  kappa = -1
# energy = -8.50936080E-01
#     vc = -8.30594406E+03


0    5.00000000E-07 -4.166689E-02  0.000000E+00 -0.000000E+00  2.814576E-02
1    5.24379476E-07 -4.369824E-02  0.000000E+00  6.348527E-07  2.814576E-02
2    5.49947615E-07 -4.582859E-02  0.000000E+00  1.300656E-06  2.683720E-02
3    5.76762368E-07 -4.806276E-02  0.000000E+00  1.998918E-06  2.558949E-02
4    6.04884511E-07 -5.040581E-02  0.000000E+00  2.731221E-06  2.439978E-02
5    6.34377784E-07 -5.286302E-02  0.000000E+00  3.499225E-06  2.326540E-02
6    6.65309032E-07 -5.543997E-02  0.000000E+00  4.304669E-06  2.218375E-02
7    6.97748361E-07 -5.814246E-02  0.000000E+00  5.149379E-06  2.115240E-02
8    7.31769292E-07 -6.097662E-02  0.000000E+00  6.035267E-06  2.016899E-02
9    7.67448930E-07 -6.394884E-02  0.000000E+00  6.964342E-06  1.923131E-02
10   8.04868141E-07 -6.706584E-02  0.000000E+00  7.938708E-06  1.833723E-02
11   8.44111731E-07 -7.033465E-02  0.000000E+00  8.960573E-06  1.748471E-02
12   8.85268640E-07 -7.376265E-02  0.000000E+00  1.003225E-05  1.667183E-02
13   9.28432143E-07 -7.735758E-02  0.000000E+00  1.115617E-05  1.589675E-02
14   9.73700063E-07 -8.112753E-02  0.000000E+00  1.233487E-05  1.515770E-02
15   1.02117499E-06 -8.508101E-02  0.000000E+00  1.357104E-05  1.445301E-02
16   1.07096451E-06 -8.922692E-02  0.000000E+00  1.486746E-05  1.378108E-02
17   1.12318147E-06 -9.357460E-02  0.000000E+00  1.622707E-05  1.314039E-02
18   1.17794419E-06 -9.813381E-02  0.000000E+00  1.765295E-05  1.252949E-02
19   1.23537679E-06 -1.029148E-01  0.000000E+00  1.914834E-05  1.194700E-02
20   1.29560941E-06 -1.079283E-01  0.000000E+00  2.071662E-05  1.139158E-02
21   1.35877854E-06 -1.131856E-01  0.000000E+00  2.236133E-05  1.086199E-02
22   1.42502734E-06 -1.186985E-01  0.000000E+00  2.408621E-05  1.035702E-02
23   1.49450593E-06 -1.244793E-01  0.000000E+00  2.589516E-05  9.875530E-03
24   1.56737176E-06 -1.305409E-01  0.000000E+00  2.779228E-05  9.416423E-03
25   1.64378993E-06 -1.368968E-01  0.000000E+00  2.978185E-05  8.978662E-03
26   1.72393362E-06 -1.435613E-01  0.000000E+00  3.186840E-05  8.561252E-03
27   1.80798441E-06 -1.505492E-01  0.000000E+00  3.405663E-05  8.163249E-03
28   1.89613278E-06 -1.578759E-01  0.000000E+00  3.635151E-05  7.783750E-03
29   1.98857845E-06 -1.655578E-01  0.000000E+00  3.875822E-05  7.421894E-03
30   2.08553088E-06 -1.736119E-01  0.000000E+00  4.128223E-05  7.076862E-03
31   2.18720977E-06 -1.820559E-01  0.000000E+00  4.392923E-05  6.747870E-03
32   2.29384548E-06 -1.909084E-01  0.000000E+00  4.670521E-05  6.434174E-03
33   2.40567964E-06 -2.001888E-01  0.000000E+00  4.961648E-05  6.135061E-03
34   2.52296562E-06 -2.099175E-01  0.000000E+00  5.266960E-05  5.849855E-03
35   2.64596916E-06 -2.201156E-01  0.000000E+00  5.587148E-05  5.577908E-03
36   2.77496894E-06 -2.308054E-01  0.000000E+00  5.922938E-05  5.318603E-03
37   2.91025722E-06 -2.420099E-01  0.000000E+00  6.275089E-05  5.071354E-03
38   3.05214051E-06 -2.537532E-01  0.000000E+00  6.644397E-05  4.835599E-03
39   3.20094024E-06 -2.660605E-01  0.000000E+00  7.031698E-05  4.610803E-03
40   3.35699352E-06 -2.789579E-01  0.000000E+00  7.437868E-05  4.396459E-03
41   3.52065387E-06 -2.924727E-01  0.000000E+00  7.863825E-05  4.192078E-03
42   3.69229205E-06 -3.066333E-01  0.000000E+00  8.310532E-05  3.997199E-03
43   3.87229688E-06 -3.214691E-01  0.000000E+00  8.779000E-05  3.811378E-03
44   4.06107612E-06 -3.370107E-01  0.000000E+00  9.270287E-05  3.634196E-03
45   4.25905740E-06 -3.532899E-01  0.000000E+00  9.785504E-05  3.465250E-03
46   4.46668918E-06 -3.703395E-01  0.000000E+00  1.032581E-04  3.304157E-03
47   4.68444179E-06 -3.881936E-01  0.000000E+00  1.089244E-04  3.150552E-03
48   4.91280846E-06 -4.068872E-01  0.000000E+00  1.148666E-04  3.004086E-03
49   5.15230643E-06 -4.264566E-01  0.000000E+00  1.210982E-04  2.864429E-03
50   5.40347818E-06 -4.469390E-01  0.000000E+00  1.276333E-04  2.731262E-03
51   5.66689259E-06 -4.683725E-01  0.000000E+00  1.344866E-04  2.604284E-03
52   5.94314625E-06 -4.907965E-01  0.000000E+00  1.416735E-04  2.483207E-03
53   6.23286484E-06 -5.142506E-01  0.000000E+00  1.492104E-04  2.367756E-03
54   6.53670449E-06 -5.387756E-01  0.000000E+00  1.571142E-04  2.257670E-03
55   6.85535330E-06 -5.644125E-01  0.000000E+00  1.654028E-04  2.152699E-03
56   7.18953291E-06 -5.912026E-01  0.000000E+00  1.740949E-04  2.052605E-03
57   7.54000007E-06 -6.191875E-01  0.000000E+00  1.832100E-04  1.957161E-03
58   7.90754843E-06 -6.484082E-01  0.000000E+00  1.927687E-04  1.866150E-03
59   8.29301027E-06 -6.789053E-01  0.000000E+00  2.027927E-04  1.779366E-03
60   8.69725842E-06 -7.107184E-01  0.000000E+00  2.133044E-04  1.696612E-03
61   9.12120821E-06 -7.438854E-01  0.000000E+00  2.243276E-04  1.617700E-03
62   9.56581956E-06 -7.784421E-01  0.000000E+00  2.358871E-04  1.542451E-03
63   1.00320991E-05 -8.144214E-01  0.000000E+00  2.480090E-04  1.470694E-03
64   1.05211026E-05 -8.518526E-01  0.000000E+00  2.607205E-04  1.402266E-03
65   1.10339372E-05 -8.907600E-01  0.000000E+00  2.740503E-04  1.337012E-03
66   1.15717637E-05 -9.311621E-01  0.000000E+00  2.880283E-04  1.274784E-03
67   1.21357998E-05 -9.730703E-01  0.000000E+00  3.026860E-04  1.215440E-03
68   1.27273224E-05 -1.016487E+00  0.000000E+00  3.180564E-04  1.158845E-03
69   1.33476703E-05 -1.061403E+00  0.000000E+00  3.341740E-04  1.104871E-03
70   1.39982480E-05 -1.107798E+00  0.000000E+00  3.510751E-04  1.053395E-03
71   1.46805278E-05 -1.155635E+00  0.000000E+00  3.687975E-04  1.004300E-03
72   1.53960541E-05 -1.204857E+00  0.000000E+00  3.873812E-04  9.574738E-04
73   1.61464463E-05 -1.255388E+00  0.000000E+00  4.068677E-04  9.128099E-04
74   1.69334027E-05 -1.307123E+00  0.000000E+00  4.273009E-04  8.702066E-04
75   1.77587043E-05 -1.359930E+00  0.000000E+00  4.487264E-04  8.295669E-04
76   1.86242188E-05 -1.413637E+00  0.000000E+00  4.711925E-04  7.907981E-04
77   1.95319047E-05 -1.468031E+00  0.000000E+00  4.947492E-04  7.538118E-04
78   2.04838160E-05 -1.522850E+00  0.000000E+00  5.194495E-04  7.185236E-04
79   2.14821064E-05 -1.577773E+00  0.000000E+00  5.453485E-04  6.848532E-04
80   2.25290348E-05 -1.632412E+00  0.000000E+00  5.725041E-04  6.527237E-04
81   2.36269698E-05 -1.686298E+00  0.000000E+00  6.009771E-04  6.220619E-04
82   2.47783952E-05 -1.738871E+00  0.000000E+00  6.308310E-04  5.927982E-04
83   2.59859159E-05 -1.789462E+00  0.000000E+00  6.621323E-04  5.648663E-04
84   2.72522635E-05 -1.837279E+00  0.000000E+00  6.949510E-04  5.382036E-04
85   2.85803023E-05 -1.881381E+00  0.000000E+00  7.293602E-04  5.127829E-04
86   2.99730362E-05 -1.920662E+00  0.000000E+00  7.654364E-04  4.879905E-04
87   3.14336152E-05 -1.953816E+00  0.000000E+00  8.032594E-04  4.615494E-04
88   3.29653425E-05 -1.979312E+00  0.000000E+00  8.429166E-04  4.840388E-04
89   3.45716821E-05 -1.995356E+00  0.000000E+00  8.845524E-04  3.982248E-04
90   3.62562664E-05 -2.000000E+00  0.000000E+00  9.280350E-04  3.394666E-04
91   3.80229045E-05 -2.000000E+00  0.000000E+00  9.737218E-04  4.133816E-04
92   3.98755908E-05 -2.000000E+00  0.000000E+00  1.021681E-03  3.893574E-04
93   4.18185141E-05 -2.000000E+00  0.000000E+00  1.071908E-03  3.420771E-04
94   4.38560667E-05 -2.000000E+00  0.000000E+00  1.124568E-03  3.290299E-04
95   4.59928546E-05 -2.000000E+00  0.000000E+00  1.179781E-03  3.132109E-04
96   4.82337078E-05 -2.000000E+00  0.000000E+00  1.237671E-03  2.978094E-04
97   5.05836913E-05 -2.000000E+00  0.000000E+00  1.298369E-03  2.831165E-04
98   5.30481160E-05 -2.000000E+00  0.000000E+00  1.362013E-03  2.690643E-04
99   5.56325514E-05 -2.000000E+00  0.000000E+00  1.428745E-03  2.556210E-04
100  5.83428374E-05 -2.000000E+00  0.000000E+00  1.498717E-03  2.427562E-04
101  6.11850981E-05 -2.000000E+00  0.000000E+00  1.572086E-03  2.304406E-04
102  6.41657551E-05 -2.000000E+00  0.000000E+00  1.649018E-03  2.186464E-04
103  6.72915422E-05 -2.000000E+00  0.000000E+00  1.729687E-03  2.073469E-04
104  7.05695203E-05 -2.000000E+00  0.000000E+00  1.814275E-03  1.965165E-04
105  7.40070937E-05 -2.000000E+00  0.000000E+00  1.902972E-03  1.861307E-04
106  7.76120262E-05 -2.000000E+00  0.000000E+00  1.995979E-03  1.761659E-04
107  8.13924590E-05 -2.000000E+00  0.000000E+00  2.093506E-03  1.665995E-04
108  8.53569289E-05 -2.000000E+00  0.000000E+00  2.195772E-03  1.574100E-04
109  8.95143872E-05 -2.000000E+00  0.000000E+00  2.303008E-03  1.485765E-04
110  9.38742201E-05 -2.000000E+00  0.000000E+00  2.415456E-03  1.400790E-04
111  9.84462698E-05 -2.000000E+00  0.000000E+00  2.533370E-03  1.318983E-04
112  1.03240856E-04 -2.000000E+00  0.000000E+00  2.657014E-03  1.240158E-04
113  1.08268801E-04 -2.000000E+00  0.000000E+00  2.786669E-03  1.164137E-04
114  1.13541450E-04 -2.000000E+00  0.000000E+00  2.922626E-03  1.090748E-04
115  1.19070702E-04 -2.000000E+00  0.000000E+00  3.065191E-03  1.019825E-04
116  1.24869031E-04 -2.000000E+00  0.000000E+00  3.214685E-03  9.512070E-05
117  1.30949518E-04 -2.000000E+00  0.000000E+00  3.371446E-03  8.847395E-05
118  1.37325879E-04 -2.000000E+00  0.000000E+00  3.535826E-03  8.202717E-05
119  1.44012495E-04 -2.000000E+00  0.000000E+00  3.708195E-03  7.576579E-05
120  1.51024445E-04 -2.000000E+00  0.000000E+00  3.888941E-03  6.967564E-05
121  1.58377540E-04 -2.000000E+00  0.000000E+00  4.078471E-03  6.374296E-05
122  1.66088357E-04 -2.000000E+00  0.000000E+00  4.277212E-03  5.795432E-05
123  1.74174278E-04 -2.000000E+00  0.000000E+00  4.485610E-03  5.229665E-05
124  1.82653528E-04 -2.000000E+00  0.000000E+00  4.704134E-03  4.675715E-05
125  1.91545216E-04 -2.000000E+00  0.000000E+00  4.933275E-03  4.132331E-05
126  2.00869376E-04 -2.000000E+00  0.000000E+00  5.173549E-03  3.598286E-05
127  2.10647016E-04 -2.000000E+00  0.000000E+00  5.425495E-03  3.072374E-05
128  2.20900160E-04 -2.000000E+00  0.000000E+00  5.689680E-03  2.553406E-05
129  2.31651900E-04 -2.000000E+00  0.000000E+00  5.966696E-03  2.040211E-05
130  2.42926448E-04 -2.000000E+00  0.000000E+00  6.257165E-03  1.531632E-05
131  2.54749187E-04 -2.000000E+00  0.000000E+00  6.561741E-03  1.026522E-05
132  2.67146734E-04 -2.000000E+00  0.000000E+00  6.881105E-03  5.237394E-06
133  2.80146989E-04 -2.000000E+00  0.000000E+00  7.215974E-03  2.215259E-07
134  2.93779210E-04 -2.000000E+00  0.000000E+00  7.567100E-03 -4.793694E-06
135  3.08074066E-04 -2.000000E+00  0.000000E+00  7.935270E-03 -9.819563E-06
136  3.23063713E-04 -2.000000E+00  0.000000E+00  8.321307E-03 -1.486740E-05
137  3.38781866E-04 -2.000000E+00  0.000000E+00  8.726078E-03 -1.994857E-05
138  3.55263868E-04 -2.000000E+00  0.000000E+00  9.150489E-03 -2.507451E-05
139  3.72546773E-04 -2.000000E+00  0.000000E+00  9.595489E-03 -3.025674E-05
140  3.90669430E-04 -2.000000E+00  0.000000E+00  1.006207E-02 -3.550692E-05
141  4.09672565E-04 -2.000000E+00  0.000000E+00  1.055129E-02 -4.083685E-05
142  4.29598872E-04 -2.000000E+00  0.000000E+00  1.106422E-02 -4.625850E-05
143  4.50493114E-04 -2.000000E+00  0.000000E+00  1.160203E-02 -5.178403E-05
144  4.72402215E-04 -2.000000E+00  0.000000E+00  1.216590E-02 -5.742586E-05
145  4.95375365E-04 -2.000000E+00  0.000000E+00  1.275710E-02 -6.319663E-05
146  5.19464135E-04 -2.000000E+00  0.000000E+00  1.337695E-02 -6.910928E-05
147  5.44722585E-04 -2.000000E+00  0.000000E+00  1.402683E-02 -7.517706E-05
148  5.71207386E-04 -2.000000E+00  0.000000E+00  1.470819E-02 -8.141356E-05
149  5.98977947E-04 -2.000000E+00  0.000000E+00  1.542254E-02 -8.783273E-05
150  6.28096544E-04 -2.000000E+00  0.000000E+00  1.617148E-02 -9.444893E-05
151  6.58628458E-04 -2.000000E+00  0.000000E+00  1.695668E-02 -1.012769E-04
152  6.90642123E-04 -2.000000E+00  0.000000E+00  1.777987E-02 -1.083320E-04
153  7.24209271E-04 -2.000000E+00  0.000000E+00  1.864288E-02 -1.156299E-04
154  7.59405096E-04 -2.000000E+00  0.000000E+00  1.954764E-02 -1.231870E-04
155  7.96308416E-04 -2.000000E+00  0.000000E+00  2.049616E-02 -1.310199E-04
156  8.35001848E-04 -2.000000E+00  0.000000E+00  2.149052E-02 -1.391463E-04
157  8.75571994E-04 -2.000000E+00  0.000000E+00  2.253295E-02 -1.475842E-04
158  9.18109623E-04 -2.000000E+00  0.000000E+00  2.362574E-02 -1.563524E-04
159  9.62709879E-04 -2.000000E+00  0.000000E+00  2.477131E-02 -1.654703E-04
160  1.00947249E-03 -2.000000E+00  0.000000E+00  2.597220E-02 -1.749583E-04
161  1.05850197E-03 -2.000000E+00  0.000000E+00  2.723105E-02 -1.848373E-04
162  1.10990788E-03 -2.000000E+00  0.000000E+00  2.855064E-02 -1.951294E-04
163  1.16380504E-03 -2.000000E+00  0.000000E+00  2.993389E-02 -2.058573E-04
164  1.22031380E-03 -2.000000E+00  0.000000E+00  3.138383E-02 -2.170447E-04
165  1.27956029E-03 -2.000000E+00  0.000000E+00  3.290366E-02 -2.287165E-04
166  1.34167669E-03 -2.000000E+00  0.000000E+00  3.449672E-02 -2.408983E-04
167  1.40680156E-03 -2.000000E+00  0.000000E+00  3.616649E-02 -2.536172E-04
168  1.47508008E-03 -2.000000E+00  0.000000E+00  3.791665E-02 -2.669012E-04
169  1.54666442E-03 -2.000000E+00  0.000000E+00  3.975102E-02 -2.807796E-04
170  1.62171405E-03 -2.000000E+00  0.000000E+00  4.167361E-02 -2.952828E-04
171  1.70039607E-03 -2.000000E+00  0.000000E+00  4.368862E-02 -3.104429E-04
172  1.78288562E-03 -2.000000E+00  0.000000E+00  4.580045E-02 -3.262931E-04
173  1.86936622E-03 -2.000000E+00  0.000000E+00  4.801369E-02 -3.428682E-04
174  1.96003018E-03 -2.000000E+00  0.000000E+00  5.033315E-02 -3.602045E-04
175  2.05507902E-03 -2.000000E+00  0.000000E+00  5.276388E-02 -3.783400E-04
176  2.15472391E-03 -2.000000E+00  0.000000E+00  5.531113E-02 -3.973143E-04
177  2.25918613E-03 -2.000000E+00  0.000000E+00  5.798042E-02 -4.171689E-04
178  2.36869753E-03 -2.000000E+00  0.000000E+00  6.077752E-02 -4.379470E-04
179  2.48350104E-03 -2.000000E+00  0.000000E+00  6.370845E-02 -4.596939E-04
180  2.60385121E-03 -2.000000E+00  0.000000E+00  6.677951E-02 -4.824569E-04
181  2.73001475E-03 -2.000000E+00  0.000000E+00  6.999731E-02 -5.062854E-04
182  2.86227107E-03 -2.000000E+00  0.000000E+00  7.336873E-02 -5.312309E-04
183  3.00091296E-03 -2.000000E+00  0.000000E+00  7.690099E-02 -5.573476E-04
184  3.14624712E-03 -2.000000E+00  0.000000E+00  8.060162E-02 -5.846918E-04
185  3.29859489E-03 -2.000000E+00  0.000000E+00  8.447849E-02 -6.133224E-04
186  3.45829293E-03 -2.000000E+00  0.000000E+00  8.853984E-02 -6.433010E-04
187  3.62569389E-03 -2.000000E+00  0.000000E+00  9.279425E-02 -6.746922E-04
188  3.80116724E-03 -2.000000E+00  0.000000E+00  9.725072E-02 -7.075630E-04
189  3.98509998E-03 -2.000000E+00  0.000000E+00  1.019186E-01 -7.419839E-04
190  4.17789752E-03 -2.000000E+00  0.000000E+00  1.068078E-01 -7.780283E-04
191  4.37998453E-03 -2.000000E+00  0.000000E+00  1.119284E-01 -8.157729E-04
192  4.59180581E-03 -2.000000E+00  0.000000E+00  1.172911E-01 -8.552980E-04
193  4.81382728E-03 -2.000000E+00  0.000000E+00  1.229072E-01 -8.966872E-04
194  5.04653693E-03 -2.000000E+00  0.000000E+00  1.287881E-01 -9.400281E-04
195  5.29044588E-03 -2.000000E+00  0.000000E+00  1.349462E-01 -9.854120E-04
196  5.54608942E-03 -2.000000E+00  0.000000E+00  1.413939E-01 -1.032934E-03
197  5.81402819E-03 -2.000000E+00  0.000000E+00  1.481446E-01 -1.082695E-03
198  6.09484930E-03 -2.000000E+00  0.000000E+00  1.552119E-01 -1.134797E-03
199  6.38916760E-03 -2.000000E+00  0.000000E+00  1.626103E-01 -1.189349E-03
200  6.69762697E-03 -2.000000E+00  0.000000E+00  1.703546E-01 -1.246466E-03
201  7.02090162E-03 -2.000000E+00  0.000000E+00  1.784605E-01 -1.306264E-03
202  7.35969758E-03 -2.000000E+00  0.000000E+00  1.869441E-01 -1.368867E-03
203  7.71475407E-03 -2.000000E+00  0.000000E+00  1.958223E-01 -1.434404E-03
204  8.08684511E-03 -2.000000E+00  0.000000E+00  2.051127E-01 -1.503008E-03
205  8.47678111E-03 -2.000000E+00  0.000000E+00  2.148335E-01 -1.574820E-03
206  8.88541052E-03 -2.000000E+00  0.000000E+00  2.250037E-01 -1.649984E-03
207  9.31362160E-03 -2.000000E+00  0.000000E+00  2.356431E-01 -1.728654E-03
208  9.76234426E-03 -2.000000E+00  0.000000E+00  2.467722E-01 -1.810985E-03
209  1.02325519E-02 -2.000000E+00  0.000000E+00  2.584122E-01 -1.897144E-03
210  1.07252636E-02 -2.000000E+00  0.000000E+00  2.705854E-01 -1.987302E-03
211  1.12415460E-02 -2.000000E+00  0.000000E+00  2.833145E-01 -2.081636E-03
212  1.17825154E-02 -2.000000E+00  0.000000E+00  2.966233E-01 -2.180332E-03
213  1.23493404E-02 -2.000000E+00  0.000000E+00  3.105366E-01 -2.283583E-03
214  1.29432439E-02 -2.000000E+00  0.000000E+00  3.250799E-01 -2.391590E-03
215  1.35655058E-02 -2.000000E+00  0.000000E+00  3.402794E-01 -2.504561E-03
216  1.42174656E-02 -2.000000E+00  0.000000E+00  3.561627E-01 -2.622713E-03
217  1.49005247E-02 -2.000000E+00  0.000000E+00  3.727578E-01 -2.746269E-03
218  1.56161498E-02 -2.000000E+00  0.000000E+00  3.900940E-01 -2.875464E-03
219  1.63658754E-02 -2.000000E+00  0.000000E+00  4.082013E-01 -3.010539E-03
220  1.71513072E-02 -2.000000E+00  0.000000E+00  4.271107E-01 -3.151746E-03
221  1.79741249E-02 -2.000000E+00  0.000000E+00  4.468543E-01 -3.299343E-03
222  1.88360858E-02 -2.000000E+00  0.000000E+00  4.674647E-01 -3.453600E-03
223  1.97390283E-02 -2.000000E+00  0.000000E+00  4.889760E-01 -3.614795E-03
224  2.06848754E-02 -2.000000E+00  0.000000E+00  5.114226E-01 -3.783217E-03
225  2.16756384E-02 -2.000000E+00  0.000000E+00  5.348402E-01 -3.959164E-03
226  2.27134212E-02 -2.000000E+00  0.000000E+00  5.592652E-01 -4.142941E-03
227  2.38004239E-02 -2.000000E+00  0.000000E+00  5.847347E-01 -4.334867E-03
228  2.49389474E-02 -2.000000E+00  0.000000E+00  6.112869E-01 -4.535269E-03
229  2.61313979E-02 -2.000000E+00  0.000000E+00  6.389604E-01 -4.744484E-03
230  2.73802914E-02 -2.000000E+00  0.000000E+00  6.677946E-01 -4.962857E-03
231  2.86882583E-02 -2.000000E+00  0.000000E+00  6.978294E-01 -5.190746E-03
232  3.00580490E-02 -2.000000E+00  0.000000E+00  7.291054E-01 -5.428516E-03
233  3.14925389E-02 -2.000000E+00  0.000000E+00  7.616634E-01 -5.676542E-03
234  3.29947333E-02 -2.000000E+00  0.000000E+00  7.955447E-01 -5.935209E-03
235  3.45677742E-02 -2.000000E+00  0.000000E+00  8.307905E-01 -6.204911E-03
236  3.62149451E-02 -2.000000E+00  0.000000E+00  8.674423E-01 -6.486048E-03
237  3.79396779E-02 -2.000000E+00  0.000000E+00  9.055413E-01 -6.779030E-03
238  3.97455590E-02 -2.000000E+00  0.000000E+00  9.451285E-01 -7.084274E-03
239  4.16363359E-02 -2.000000E+00  0.000000E+00  9.862443E-01 -7.402203E-03
240  4.36159242E-02 -2.000000E+00  0.000000E+00  1.028928E+00 -7.733247E-03
241  4.56884150E-02 -2.000000E+00  0.000000E+00  1.073220E+00 -8.077840E-03
242  4.78580821E-02 -2.000000E+00  0.000000E+00  1.119155E+00 -8.436420E-03
243  5.01293898E-02 -2.000000E+00  0.000000E+00  1.166771E+00 -8.809428E-03
244  5.25070012E-02 -2.000000E+00  0.000000E+00  1.216101E+00 -9.197306E-03
245  5.49957863E-02 -2.000000E+00  0.000000E+00  1.267177E+00 -9.600496E-03
246  5.76008309E-02 -2.000000E+00  0.000000E+00  1.320028E+00 -1.001944E-02
247  6.03274459E-02 -2.000000E+00  0.000000E+00  1.374679E+00 -1.045457E-02
248  6.31811760E-02 -2.000000E+00  0.000000E+00  1.431152E+00 -1.090632E-02
249  6.61678101E-02 -2.000000E+00  0.000000E+00  1.489466E+00 -1.137511E-02
250  6.92933914E-02 -2.000000E+00  0.000000E+00  1.549634E+00 -1.186135E-02
251  7.25642274E-02 -2.000000E+00  0.000000E+00  1.611662E+00 -1.236543E-02
252  7.59869012E-02 -2.000000E+00  0.000000E+00  1.675554E+00 -1.288774E-02
253  7.95682829E-02 -2.000000E+00  0.000000E+00  1.741302E+00 -1.342864E-02
254  8.33155409E-02 -2.000000E+00  0.000000E+00  1.808896E+00 -1.398846E-02
255  8.72361544E-02 -2.000000E+00  0.000000E+00  1.878312E+00 -1.456751E-02
256  9.13379258E-02 -2.000000E+00  0.000000E+00  1.949521E+00 -1.516605E-02
257  9.56289937E-02 -2.000000E+00  0.000000E+00  2.022480E+00 -1.578432E-02
258  1.00117847E-01 -2.000000E+00  0.000000E+00  2.097137E+00 -1.642251E-02
259  1.04813337E-01 -2.000000E+00  0.000000E+00  2.173428E+00 -1.708076E-02
260  1.09724694E-01 -2.000000E+00  0.000000E+00  2.251272E+00 -1.775915E-02
261  1.14861542E-01 -2.000000E+00  0.000000E+00  2.330575E+00 -1.845772E-02
262  1.20233914E-01 -2.000000E+00  0.000000E+00  2.411227E+00 -1.917639E-02
263  1.25852264E-01 -2.000000E+00  0.000000E+00  2.493100E+00 -1.991506E-02
264  1.31727492E-01 -2.000000E+00  0.000000E+00  2.576046E+00 -2.067351E-02
265  1.37870953E-01 -2.000000E+00  0.000000E+00  2.659896E+00 -2.145143E-02
266  1.44294479E-01 -2.000000E+00  0.000000E+00  2.744462E+00 -2.224841E-02
267  1.51010395E-01 -2.000000E+00  0.000000E+00  2.829528E+00 -2.306392E-02
268  1.58031540E-01 -2.000000E+00  0.000000E+00  2.914854E+00 -2.389732E-02
269  1.65371285E-01 -2.000000E+00  0.000000E+00  3.000173E+00 -2.474781E-02
270  1.73043552E-01 -2.000000E+00  0.000000E+00  3.085190E+00 -2.561446E-02
271  1.81062838E-01 -2.000000E+00  0.000000E+00  3.169578E+00 -2.649619E-02
272  1.89444231E-01 -2.000000E+00  0.000000E+00  3.252979E+00 -2.739172E-02
273  1.98203439E-01 -2.000000E+00  0.000000E+00  3.334998E+00 -2.829960E-02
274  2.07356804E-01 -2.000000E+00  0.000000E+00  3.415209E+00 -2.921821E-02
275  2.16921334E-01 -2.000000E+00  0.000000E+00  3.493146E+00 -3.014566E-02
276  2.26914719E-01 -2.000000E+00  0.000000E+00  3.568306E+00 -3.107990E-02
277  2.37355362E-01 -2.000000E+00  0.000000E+00  3.640145E+00 -3.201859E-02
278  2.48262400E-01 -2.000000E+00  0.000000E+00  3.708079E+00 -3.295917E-02
279  2.59655730E-01 -2.000000E+00  0.000000E+00  3.771484E+00 -3.389880E-02
280  2.71556041E-01 -2.000000E+00  0.000000E+00  3.829693E+00 -3.483438E-02
281  2.83984832E-01 -2.000000E+00  0.000000E+00  3.881997E+00 -3.576250E-02
282  2.96964451E-01 -2.000000E+00  0.000000E+00  3.927646E+00 -3.667946E-02
283  3.10518114E-01 -2.000000E+00  0.000000E+00  3.965849E+00 -3.758125E-02
284  3.24669940E-01 -2.000000E+00  0.000000E+00  3.995775E+00 -3.846353E-02
285  3.39444981E-01 -2.000000E+00  0.000000E+00  4.016557E+00 -3.932165E-02
286  3.54869250E-01 -2.000000E+00  0.000000E+00  4.027292E+00 -4.015061E-02
287  3.70969756E-01 -2.000000E+00  0.000000E+00  4.027047E+00 -4.094508E-02
288  3.87774534E-01 -2.000000E+00  0.000000E+00  4.014862E+00 -4.169939E-02
289  4.05312680E-01 -2.000000E+00  0.000000E+00  3.989755E+00 -4.240756E-02
290  4.23614383E-01 -2.000000E+00  0.000000E+00  3.950730E+00 -4.306327E-02
291  4.42710962E-01 -2.000000E+00  0.000000E+00  3.896787E+00 -4.365988E-02
292  4.62634897E-01 -2.000000E+00  0.000000E+00  3.826923E+00 -4.419047E-02
293  4.83419870E-01 -2.000000E+00  0.000000E+00  3.740153E+00 -4.464784E-02
294  5.05100798E-01 -2.000000E+00  0.000000E+00  3.635515E+00 -4.502455E-02
295  5.27713874E-01 -2.000000E+00  0.000000E+00  3.512085E+00 -4.531294E-02
296  5.51296599E-01 -2.000000E+00  0.000000E+00  3.368993E+00 -4.550519E-02
297  5.75887827E-01 -2.000000E+00  0.000000E+00  3.205442E+00 -4.559338E-02
298  6.01527801E-01 -2.000000E+00  0.000000E+00  3.020721E+00 -4.556950E-02
299  6.28258193E-01 -2.000000E+00  0.000000E+00  2.814232E+00 -4.542558E-02
300  6.56122144E-01 -2.000000E+00  0.000000E+00  2.585509E+00 -4.515372E-02
301  6.85164309E-01 -2.000000E+00  0.000000E+00  2.334240E+00 -4.474621E-02
302  7.15430892E-01 -2.000000E+00  0.000000E+00  2.060294E+00 -4.419561E-02
303  7.46969693E-01 -2.000000E+00  0.000000E+00  1.763751E+00 -4.349486E-02
304  7.79830151E-01 -2.000000E+00  0.000000E+00  1.444923E+00 -4.263741E-02
305  8.14063382E-01 -2.000000E+00  0.000000E+00  1.104387E+00 -4.161736E-02
306  8.49722229E-01 -2.000000E+00  0.000000E+00  7.430135E-01 -4.042954E-02
307  8.86861301E-01 -2.000000E+00  0.000000E+00  3.619925E-01 -3.906975E-02
308  9.25537020E-01 -2.000000E+00  0.000000E+00 -3.713505E-02 -3.753485E-02
309  9.65807663E-01 -2.000000E+00  0.000000E+00 -4.524525E-01 -3.582294E-02
310  1.00773341E+00 -2.000000E+00  0.000000E+00 -8.816423E-01 -3.393355E-02
311  1.05137638E+00 -2.000000E+00  0.000000E+00 -1.321965E+00 -3.186780E-02
312  1.09680071E+00 -2.000000E+00  0.000000E+00 -1.770239E+00 -2.962857E-02
313  1.14407253E+00 -2.000000E+00  0.000000E+00 -2.222833E+00 -2.722068E-02
314  1.19326009E+00 -2.000000E+00  0.000000E+00 -2.675655E+00 -2.465106E-02
315  1.24443376E+00 -2.000000E+00  0.000000E+00 -3.124155E+00 -2.192890E-02
316  1.29766606E+00 -2.000000E+00  0.000000E+00 -3.563337E+00 -1.906580E-02
317  1.35303177E+00 -2.000000E+00  0.000000E+00 -3.987776E+00 -1.607587E-02
318  1.41060790E+00 -2.000000E+00  0.000000E+00 -4.391654E+00 -1.297588E-02
319  1.47047378E+00 -2.000000E+00  0.000000E+00 -4.768803E+00 -9.785251E-03
320  1.53271110E+00 -2.000000E+00  0.000000E+00 -5.112763E+00 -6.526168E-03
321  1.59740393E+00 -2.000000E+00  0.000000E+00 -5.416861E+00 -3.223499E-03
322  1.66463882E+00 -2.000000E+00  0.000000E+00 -5.674300E+00  9.523584E-05
323  1.73450476E+00 -2.000000E+00  0.000000E+00 -5.878268E+00  3.400000E-03
324  1.80709331E+00 -2.000000E+00  0.000000E+00 -6.022065E+00  6.658424E-03
325  1.88249857E+00 -2.000000E+00  0.000000E+00 -6.099245E+00  9.836061E-03
326  1.96081728E+00 -2.000000E+00  0.000000E+00 -6.103778E+00  1.289672E-02
327  2.04214882E+00 -2.000000E+00  0.000000E+00 -6.030228E+00  1.580288E-02
328  2.12659526E+00 -2.000000E+00  0.000000E+00 -5.873937E+00  1.851617E-02
329  2.21426142E+00 -2.000000E+00  0.000000E+00 -5.631228E+00  2.099797E-02
330  2.30525488E+00 -2.000000E+00  0.000000E+00 -5.299616E+00  2.321004E-02
331  2.39968605E+00 -2.000000E+00  0.000000E+00 -4.878008E+00  2.511526E-02
332  2.49766817E+00 -2.000000E+00  0.000000E+00 -4.366920E+00  2.667845E-02
333  2.59931736E+00 -2.000000E+00  0.000000E+00 -3.768665E+00  2.786722E-02
334  2.70475267E+00 -2.000000E+00  0.000000E+00 -3.087534E+00  2.865290E-02
335  2.81409609E+00 -2.000000E+00  0.000000E+00 -2.329951E+00  2.901143E-02
336  2.92747259E+00 -2.000000E+00  0.000000E+00 -1.504586E+00  2.892441E-02
337  3.04501017E+00 -2.000000E+00  0.000000E+00 -6.224300E-01  2.837994E-02
338  3.16683983E+00 -2.000000E+00  0.000000E+00  3.031908E-01  2.737357E-02
339  3.29309567E+00 -2.000000E+00  0.000000E+00  1.256660E+00  2.590907E-02
340  3.42391487E+00 -2.000000E+00  0.000000E+00  2.220197E+00  2.399919E-02
341  3.55943772E+00 -2.000000E+00  0.000000E+00  3.174059E+00  2.166618E-02
342  3.69980764E+00 -2.000000E+00  0.000000E+00  4.096841E+00  1.894216E-02
343  3.84517123E+00 -2.000000E+00  0.000000E+00  4.965863E+00  1.586928E-02
344  3.99567823E+00 -2.000000E+00  0.000000E+00  5.757658E+00  1.249961E-02
345  4.15148159E+00 -2.000000E+00  0.000000E+00  6.448553E+00  8.894734E-03
346  4.31273746E+00 -2.000000E+00  0.000000E+00  7.015343E+00  5.125035E-03
347  4.47960521E+00 -2.000000E+00  0.000000E+00  7.436041E+00  1.268633E-03
348  4.65224742E+00 -2.000000E+00  0.000000E+00  7.690689E+00 -2.590014E-03
349  4.83082991E+00 -2.000000E+00  0.000000E+00  7.762221E+00 -6.361854E-03
350  5.01552174E+00 -2.000000E+00  0.000000E+00  7.637331E+00 -9.955328E-03
351  5.20649522E+00 -2.000000E+00  0.000000E+00  7.307337E+00 -1.327874E-02
352  5.40392588E+00 -2.000000E+00  0.000000E+00  6.768984E+00 -1.624289E-02
353  5.60799251E+00 -2.000000E+00  0.000000E+00  6.025160E+00 -1.876389E-02
354  5.81887713E+00 -2.000000E+00  0.000000E+00  5.085470E+00 -2.076611E-02
355  6.03676498E+00 -2.000000E+00  0.000000E+00  3.966639E+00 -2.218510E-02
356  6.26184456E+00 -2.000000E+00  0.000000E+00  2.692678E+00 -2.297044E-02
357  6.49430755E+00 -2.000000E+00  0.000000E+00  1.294795E+00 -2.308837E-02
358  6.73434883E+00 -2.000000E+00  0.000000E+00 -1.890025E-01 -2.252404E-02
359  6.98216649E+00 -2.000000E+00  0.000000E+00 -1.714627E+00 -2.128334E-02
360  7.23796176E+00 -2.000000E+00  0.000000E+00 -3.232972E+00 -1.939409E-02
361  7.50193904E+00 -2.000000E+00  0.000000E+00 -4.691313E+00 -1.690645E-02
362  7.77430585E+00 -2.000000E+00  0.000000E+00 -6.035032E+00 -1.389263E-02
363  8.05527280E+00 -2.000000E+00  0.000000E+00 -7.209633E+00 -1.044560E-02
364  8.34505360E+00 -2.000000E+00  0.000000E+00 -8.162981E+00 -6.676944E-03
365  8.64386496E+00 -2.000000E+00  0.000000E+00 -8.847696E+00 -2.713708E-03
366  8.95192667E+00 -2.000000E+00  0.000000E+00 -9.223610E+00  1.305564E-03
367  9.26946144E+00 -2.000000E+00  0.000000E+00 -9.260158E+00  5.235633E-03
368  9.59669496E+00 -2.000000E+00  0.000000E+00 -8.938590E+00  8.929995E-03
369  9.93385582E+00 -2.000000E+00  0.000000E+00 -8.253862E+00  1.224677E-02
370  1.02811755E+01 -2.000000E+00  0.000000E+00 -7.216074E+00  1.505480E-02
371  1.06388882E+01 -2.000000E+00  0.000000E+00 -5.851316E+00  1.723970E-02
372  1.10072311E+01 -2.000000E+00  0.000000E+00 -4.201825E+00  1.870955E-02
373  1.13864440E+01 -2.000000E+00  0.000000E+00 -2.325345E+00  1.939989E-02
374  1.17767693E+01 -2.000000E+00  0.000000E+00 -2.936428E-01  1.927778E-02
375  1.21784522E+01 -2.000000E+00  0.000000E+00  1.809827E+00  1.834460E-02
376  1.25917404E+01 -2.000000E+00  0.000000E+00  3.893090E+00  1.663737E-02
377  1.30168842E+01 -2.000000E+00  0.000000E+00  5.859548E+00  1.422831E-02
378  1.34541363E+01 -2.000000E+00  0.000000E+00  7.612474E+00  1.122280E-02
379  1.39037519E+01 -2.000000E+00  0.000000E+00  9.059901E+00  7.755428E-03
380  1.43659885E+01 -2.000000E+00  0.000000E+00  1.011967E+01  3.984418E-03
381  1.48411060E+01 -2.000000E+00  0.000000E+00  1.072439E+01  8.460456E-05
382  1.53293666E+01 -2.000000E+00  0.000000E+00  1.082589E+01 -3.760798E-03
383  1.58310344E+01 -2.000000E+00  0.000000E+00  1.039912E+01 -7.369178E-03
384  1.63463759E+01 -2.000000E+00  0.000000E+00  9.444856E+00 -1.056783E-02
385  1.68756596E+01 -2.000000E+00  0.000000E+00  7.991282E+00 -1.320306E-02
386  1.74191559E+01 -2.000000E+00  0.000000E+00  6.094076E+00 -1.514852E-02
387  1.79771374E+01 -2.000000E+00  0.000000E+00  3.834918E+00 -1.631231E-02
388  1.85498782E+01 -2.000000E+00  0.000000E+00  1.318413E+00 -1.664237E-02
389  1.91376545E+01 -2.000000E+00  0.000000E+00 -1.332517E+00 -1.612973E-02
390  1.97407441E+01 -2.000000E+00  0.000000E+00 -3.982573E+00 -1.480941E-02
391  2.03594264E+01 -2.000000E+00  0.000000E+00 -6.491096E+00 -1.275881E-02
392  2.09939826E+01 -2.000000E+00  0.000000E+00 -8.719756E+00 -1.009367E-02
393  2.16446952E+01 -2.000000E+00  0.000000E+00 -1.054050E+01 -6.961664E-03
394  2.23118483E+01 -2.000000E+00  0.000000E+00 -1.184325E+01 -3.534200E-03
395  2.29957275E+01 -2.000000E+00  0.000000E+00 -1.254287E+01  3.330616E-06
396  2.36966194E+01 -2.000000E+00  0.000000E+00 -1.258489E+01  3.462104E-03
397  2.44148120E+01 -2.000000E+00  0.000000E+00 -1.194964E+01  6.660614E-03
398  2.51505947E+01 -2.000000E+00  0.000000E+00 -1.065434E+01  9.435855E-03
399  2.59042576E+01 -2.000000E+00  0.000000E+00 -1.529987E+01  2.035793E-02
