#      n =  9
#  kappa = -1
# energy = -3.29768339E+01
#     vc = -6.27063046E+07


0    7.14285714E-08 -2.178309E-02  0.000000E+00  0.000000E+00 -2.486928E+00
1    7.49105269E-08 -2.284496E-02  0.000000E+00 -2.269907E-05 -2.486928E+00
2    7.85622089E-08 -2.395859E-02  0.000000E+00 -4.650460E-05 -2.371331E+00
3    8.23918898E-08 -2.512650E-02  0.000000E+00 -7.147052E-05 -2.261108E+00
4    8.64082453E-08 -2.635134E-02  0.000000E+00 -9.765337E-05 -2.156009E+00
5    9.06203739E-08 -2.763588E-02  0.000000E+00 -1.251125E-04 -2.055796E+00
6    9.50378175E-08 -2.898304E-02  0.000000E+00 -1.539101E-04 -1.960240E+00
7    9.96705829E-08 -3.039586E-02  0.000000E+00 -1.841113E-04 -1.869127E+00
8    1.04529165E-07 -3.187754E-02  0.000000E+00 -2.157847E-04 -1.782249E+00
9    1.09624569E-07 -3.343145E-02  0.000000E+00 -2.490019E-04 -1.699409E+00
10   1.14968337E-07 -3.506110E-02  0.000000E+00 -2.838382E-04 -1.620420E+00
11   1.20572575E-07 -3.677018E-02  0.000000E+00 -3.203726E-04 -1.545102E+00
12   1.26449976E-07 -3.856257E-02  0.000000E+00 -3.586877E-04 -1.473286E+00
13   1.32613855E-07 -4.044232E-02  0.000000E+00 -3.988704E-04 -1.404808E+00
14   1.39078172E-07 -4.241369E-02  0.000000E+00 -4.410116E-04 -1.339512E+00
15   1.45857571E-07 -4.448115E-02  0.000000E+00 -4.852069E-04 -1.277252E+00
16   1.52967406E-07 -4.664938E-02  0.000000E+00 -5.315563E-04 -1.217886E+00
17   1.60423782E-07 -4.892329E-02  0.000000E+00 -5.801648E-04 -1.161280E+00
18   1.68243588E-07 -5.130803E-02  0.000000E+00 -6.311425E-04 -1.107305E+00
19   1.76444535E-07 -5.380900E-02  0.000000E+00 -6.846049E-04 -1.055838E+00
20   1.85045197E-07 -5.643187E-02  0.000000E+00 -7.406731E-04 -1.006764E+00
21   1.94065055E-07 -5.918258E-02  0.000000E+00 -7.994740E-04 -9.599714E-01
22   2.03524537E-07 -6.206735E-02  0.000000E+00 -8.611409E-04 -9.153535E-01
23   2.13445066E-07 -6.509272E-02  0.000000E+00 -9.258133E-04 -8.728095E-01
24   2.23849112E-07 -6.826554E-02  0.000000E+00 -9.936378E-04 -8.322431E-01
25   2.34760236E-07 -7.159300E-02  0.000000E+00 -1.064768E-03 -7.935623E-01
26   2.46203149E-07 -7.508262E-02  0.000000E+00 -1.139365E-03 -7.566794E-01
27   2.58203765E-07 -7.874232E-02  0.000000E+00 -1.217597E-03 -7.215110E-01
28   2.70789263E-07 -8.258038E-02  0.000000E+00 -1.299643E-03 -6.879772E-01
29   2.83988141E-07 -8.660549E-02  0.000000E+00 -1.385687E-03 -6.560021E-01
30   2.97830291E-07 -9.082676E-02  0.000000E+00 -1.475925E-03 -6.255133E-01
31   3.12347057E-07 -9.525376E-02  0.000000E+00 -1.570560E-03 -5.964416E-01
32   3.27571313E-07 -9.989650E-02  0.000000E+00 -1.669808E-03 -5.687212E-01
33   3.43537532E-07 -1.047655E-01  0.000000E+00 -1.773892E-03 -5.422893E-01
34   3.60281868E-07 -1.098718E-01  0.000000E+00 -1.883049E-03 -5.170859E-01
35   3.77842235E-07 -1.152269E-01  0.000000E+00 -1.997526E-03 -4.930541E-01
36   3.96258395E-07 -1.208430E-01  0.000000E+00 -2.117582E-03 -4.701392E-01
37   4.15572046E-07 -1.267327E-01  0.000000E+00 -2.243488E-03 -4.482895E-01
38   4.35826919E-07 -1.329095E-01  0.000000E+00 -2.375530E-03 -4.274553E-01
39   4.57068871E-07 -1.393872E-01  0.000000E+00 -2.514007E-03 -4.075895E-01
40   4.79345997E-07 -1.461806E-01  0.000000E+00 -2.659233E-03 -3.886470E-01
41   5.02708731E-07 -1.533050E-01  0.000000E+00 -2.811535E-03 -3.705850E-01
42   5.27209968E-07 -1.607766E-01  0.000000E+00 -2.971259E-03 -3.533625E-01
43   5.52905174E-07 -1.686122E-01  0.000000E+00 -3.138767E-03 -3.369404E-01
44   5.79852519E-07 -1.768296E-01  0.000000E+00 -3.314437E-03 -3.212817E-01
45   6.08113007E-07 -1.854474E-01  0.000000E+00 -3.498668E-03 -3.063507E-01
46   6.37750611E-07 -1.944850E-01  0.000000E+00 -3.691876E-03 -2.921137E-01
47   6.68832421E-07 -2.039630E-01  0.000000E+00 -3.894499E-03 -2.785384E-01
48   7.01428792E-07 -2.139027E-01  0.000000E+00 -4.106996E-03 -2.655940E-01
49   7.35613509E-07 -2.243266E-01  0.000000E+00 -4.329846E-03 -2.532512E-01
50   7.71463946E-07 -2.352584E-01  0.000000E+00 -4.563556E-03 -2.414821E-01
51   8.09061246E-07 -2.467227E-01  0.000000E+00 -4.808653E-03 -2.302600E-01
52   8.48490506E-07 -2.587454E-01  0.000000E+00 -5.065692E-03 -2.195594E-01
53   8.89840961E-07 -2.713538E-01  0.000000E+00 -5.335256E-03 -2.093561E-01
54   9.33206196E-07 -2.845763E-01  0.000000E+00 -5.617954E-03 -1.996270E-01
55   9.78684351E-07 -2.984428E-01  0.000000E+00 -5.914425E-03 -1.903500E-01
56   1.02637834E-06 -3.129846E-01  0.000000E+00 -6.225342E-03 -1.815041E-01
57   1.07639610E-06 -3.282346E-01  0.000000E+00 -6.551407E-03 -1.730693E-01
58   1.12885080E-06 -3.442273E-01  0.000000E+00 -6.893358E-03 -1.650264E-01
59   1.18386115E-06 -3.609987E-01  0.000000E+00 -7.251969E-03 -1.573573E-01
60   1.24155160E-06 -3.785867E-01  0.000000E+00 -7.628052E-03 -1.500445E-01
61   1.30205270E-06 -3.970311E-01  0.000000E+00 -8.022456E-03 -1.430715E-01
62   1.36550133E-06 -4.163733E-01  0.000000E+00 -8.436075E-03 -1.364225E-01
63   1.43204102E-06 -4.366571E-01  0.000000E+00 -8.869844E-03 -1.300823E-01
64   1.50182233E-06 -4.579282E-01  0.000000E+00 -9.324744E-03 -1.240367E-01
65   1.57500310E-06 -4.802345E-01  0.000000E+00 -9.801805E-03 -1.182720E-01
66   1.65174888E-06 -5.036263E-01  0.000000E+00 -1.030210E-02 -1.127750E-01
67   1.73223328E-06 -5.281563E-01  0.000000E+00 -1.082678E-02 -1.075332E-01
68   1.81663833E-06 -5.538796E-01  0.000000E+00 -1.137700E-02 -1.025350E-01
69   1.90515496E-06 -5.808542E-01  0.000000E+00 -1.195404E-02 -9.776875E-02
70   1.99798335E-06 -6.091408E-01  0.000000E+00 -1.255917E-02 -9.322381E-02
71   2.09533344E-06 -6.388027E-01  0.000000E+00 -1.319379E-02 -8.888985E-02
72   2.19742540E-06 -6.699068E-01  0.000000E+00 -1.385931E-02 -8.475702E-02
73   2.30449009E-06 -7.025227E-01  0.000000E+00 -1.455725E-02 -8.081596E-02
74   2.41676960E-06 -7.367236E-01  0.000000E+00 -1.528918E-02 -7.705770E-02
75   2.53451782E-06 -7.725861E-01  0.000000E+00 -1.605676E-02 -7.347374E-02
76   2.65800096E-06 -8.101904E-01  0.000000E+00 -1.686172E-02 -7.005592E-02
77   2.78749822E-06 -8.496205E-01  0.000000E+00 -1.770588E-02 -6.679649E-02
78   2.92330234E-06 -8.909646E-01  0.000000E+00 -1.859116E-02 -6.368803E-02
79   3.06572033E-06 -9.343147E-01  0.000000E+00 -1.951954E-02 -6.072349E-02
80   3.21507411E-06 -9.797674E-01  0.000000E+00 -2.049314E-02 -5.789611E-02
81   3.37170127E-06 -1.027424E+00  0.000000E+00 -2.151414E-02 -5.519947E-02
82   3.53595582E-06 -1.077389E+00  0.000000E+00 -2.258486E-02 -5.262742E-02
83   3.70820897E-06 -1.129775E+00  0.000000E+00 -2.370771E-02 -5.017410E-02
84   3.88884999E-06 -1.184696E+00  0.000000E+00 -2.488523E-02 -4.783391E-02
85   4.07828708E-06 -1.242274E+00  0.000000E+00 -2.612009E-02 -4.560150E-02
86   4.27694829E-06 -1.302635E+00  0.000000E+00 -2.741507E-02 -4.347178E-02
87   4.48528246E-06 -1.365912E+00  0.000000E+00 -2.877309E-02 -4.143985E-02
88   4.70376028E-06 -1.432244E+00  0.000000E+00 -3.019722E-02 -3.950107E-02
89   4.93287529E-06 -1.501773E+00  0.000000E+00 -3.169068E-02 -3.765097E-02
90   5.17314503E-06 -1.574652E+00  0.000000E+00 -3.325683E-02 -3.588530E-02
91   5.42511220E-06 -1.651038E+00  0.000000E+00 -3.489922E-02 -3.419996E-02
92   5.68934589E-06 -1.731094E+00  0.000000E+00 -3.662154E-02 -3.259107E-02
93   5.96644280E-06 -1.814993E+00  0.000000E+00 -3.842770E-02 -3.105489E-02
94   6.25702866E-06 -1.902913E+00  0.000000E+00 -4.032175E-02 -2.958782E-02
95   6.56175960E-06 -1.995040E+00  0.000000E+00 -4.230797E-02 -2.818643E-02
96   6.88132363E-06 -2.091566E+00  0.000000E+00 -4.439085E-02 -2.684743E-02
97   7.21644215E-06 -2.192694E+00  0.000000E+00 -4.657508E-02 -2.556764E-02
98   7.56787165E-06 -2.298632E+00  0.000000E+00 -4.886558E-02 -2.434401E-02
99   7.93640534E-06 -2.409596E+00  0.000000E+00 -5.126751E-02 -2.317361E-02
100  8.32287495E-06 -2.525812E+00  0.000000E+00 -5.378630E-02 -2.205360E-02
101  8.72815261E-06 -2.647512E+00  0.000000E+00 -5.642761E-02 -2.098124E-02
102  9.15315279E-06 -2.774937E+00  0.000000E+00 -5.919739E-02 -1.995389E-02
103  9.59883438E-06 -2.908333E+00  0.000000E+00 -6.210187E-02 -1.896899E-02
104  1.00662028E-05 -3.047957E+00  0.000000E+00 -6.514761E-02 -1.802404E-02
105  1.05563123E-05 -3.194070E+00  0.000000E+00 -6.834145E-02 -1.711660E-02
106  1.10702683E-05 -3.346942E+00  0.000000E+00 -7.169057E-02 -1.624431E-02
107  1.16092298E-05 -3.506848E+00  0.000000E+00 -7.520251E-02 -1.540486E-02
108  1.21744121E-05 -3.674066E+00  0.000000E+00 -7.888516E-02 -1.459595E-02
109  1.27670896E-05 -3.848882E+00  0.000000E+00 -8.274681E-02 -1.381535E-02
110  1.33885983E-05 -4.031582E+00  0.000000E+00 -8.679611E-02 -1.306083E-02
111  1.40403391E-05 -4.222454E+00  0.000000E+00 -9.104216E-02 -1.233020E-02
112  1.47237810E-05 -4.421785E+00  0.000000E+00 -9.549450E-02 -1.162126E-02
113  1.54404640E-05 -4.629860E+00  0.000000E+00 -1.001631E-01 -1.093183E-02
114  1.61920029E-05 -4.846959E+00  0.000000E+00 -1.050584E-01 -1.025969E-02
115  1.69800908E-05 -5.073351E+00  0.000000E+00 -1.101915E-01 -9.602645E-03
116  1.78065029E-05 -5.309294E+00  0.000000E+00 -1.155737E-01 -8.958441E-03
117  1.86731005E-05 -5.555029E+00  0.000000E+00 -1.212171E-01 -8.324806E-03
118  1.95818349E-05 -5.810773E+00  0.000000E+00 -1.271344E-01 -7.699418E-03
119  2.05347523E-05 -6.076716E+00  0.000000E+00 -1.333388E-01 -7.079903E-03
120  2.15339977E-05 -6.353010E+00  0.000000E+00 -1.398440E-01 -6.463824E-03
121  2.25818202E-05 -6.639763E+00  0.000000E+00 -1.466647E-01 -5.848674E-03
122  2.36805779E-05 -6.937027E+00  0.000000E+00 -1.538160E-01 -5.231864E-03
123  2.48327430E-05 -7.244787E+00  0.000000E+00 -1.613138E-01 -4.610718E-03
124  2.60409074E-05 -7.562948E+00  0.000000E+00 -1.691748E-01 -3.982463E-03
125  2.73077886E-05 -7.891317E+00  0.000000E+00 -1.774165E-01 -3.344228E-03
126  2.86362357E-05 -8.229582E+00  0.000000E+00 -1.860570E-01 -2.693033E-03
127  3.00292354E-05 -8.577298E+00  0.000000E+00 -1.951157E-01 -2.025790E-03
128  3.14899192E-05 -8.933853E+00  0.000000E+00 -2.046124E-01 -1.339304E-03
129  3.30215701E-05 -9.298442E+00  0.000000E+00 -2.145683E-01 -6.302782E-04
130  3.46276298E-05 -9.670033E+00  0.000000E+00 -2.250052E-01  1.046807E-04
131  3.63117066E-05 -1.004733E+01  0.000000E+00 -2.359461E-01  8.690440E-04
132  3.80775832E-05 -1.042871E+01  0.000000E+00 -2.474152E-01  1.666339E-03
133  3.99292250E-05 -1.081219E+01  0.000000E+00 -2.594377E-01  2.500115E-03
134  4.18707896E-05 -1.119538E+01  0.000000E+00 -2.720398E-01  3.373901E-03
135  4.39066349E-05 -1.157535E+01  0.000000E+00 -2.852493E-01  4.291141E-03
136  4.60413298E-05 -1.194861E+01  0.000000E+00 -2.990951E-01  5.255113E-03
137  4.82796638E-05 -1.231098E+01  0.000000E+00 -3.136074E-01  6.268830E-03
138  5.06266576E-05 -1.265751E+01  0.000000E+00 -3.288181E-01  7.334896E-03
139  5.30875745E-05 -1.298230E+01  0.000000E+00 -3.447603E-01  8.454229E-03
140  5.56679317E-05 -1.327841E+01  0.000000E+00 -3.614690E-01  9.635799E-03
141  5.83735129E-05 -1.353765E+01  0.000000E+00 -3.789807E-01  1.104066E-02
142  6.12103807E-05 -1.375040E+01  0.000000E+00 -3.973336E-01  1.162663E-02
143  6.41848901E-05 -1.390536E+01  0.000000E+00 -4.165782E-01  7.708021E-03
144  6.73037029E-05 -1.398934E+01  0.000000E+00 -4.367697E-01  2.309864E-02
145  7.05738017E-05 -1.400000E+01  0.000000E+00 -4.577963E-01  2.163590E-02
146  7.40025059E-05 -1.400000E+01  0.000000E+00 -4.799895E-01  9.958734E-03
147  7.75974876E-05 -1.400000E+01  0.000000E+00 -5.032093E-01  1.885915E-02
148  8.13667885E-05 -1.400000E+01  0.000000E+00 -5.275311E-01  2.112388E-02
149  8.53188375E-05 -1.400000E+01  0.000000E+00 -5.530221E-01  2.246152E-02
150  8.94624695E-05 -1.400000E+01  0.000000E+00 -5.797379E-01  2.409602E-02
151  9.38069444E-05 -1.400000E+01  0.000000E+00 -6.077370E-01  2.579067E-02
152  9.83619680E-05 -1.400000E+01  0.000000E+00 -6.370809E-01  2.754065E-02
153  1.03137713E-04 -1.400000E+01  0.000000E+00 -6.678338E-01  2.935157E-02
154  1.08144840E-04 -1.400000E+01  0.000000E+00 -7.000630E-01  3.122743E-02
155  1.13394524E-04 -1.400000E+01  0.000000E+00 -7.338392E-01  3.317234E-02
156  1.18898477E-04 -1.400000E+01  0.000000E+00 -7.692362E-01  3.519059E-02
157  1.24668971E-04 -1.400000E+01  0.000000E+00 -8.063312E-01  3.728661E-02
158  1.30718870E-04 -1.400000E+01  0.000000E+00 -8.452053E-01  3.946500E-02
159  1.37061655E-04 -1.400000E+01  0.000000E+00 -8.859432E-01  4.173053E-02
160  1.43711454E-04 -1.400000E+01  0.000000E+00 -9.286337E-01  4.408818E-02
161  1.50683070E-04 -1.400000E+01  0.000000E+00 -9.733698E-01  4.654309E-02
162  1.57992021E-04 -1.400000E+01  0.000000E+00 -1.020249E+00  4.910064E-02
163  1.65654563E-04 -1.400000E+01  0.000000E+00 -1.069372E+00  5.176642E-02
164  1.73687736E-04 -1.400000E+01  0.000000E+00 -1.120847E+00  5.454625E-02
165  1.82109392E-04 -1.400000E+01  0.000000E+00 -1.174784E+00  5.744618E-02
166  1.90938241E-04 -1.400000E+01  0.000000E+00 -1.231301E+00  6.047254E-02
167  2.00193885E-04 -1.400000E+01  0.000000E+00 -1.290519E+00  6.363191E-02
168  2.09896866E-04 -1.400000E+01  0.000000E+00 -1.352567E+00  6.693116E-02
169  2.20068707E-04 -1.400000E+01  0.000000E+00 -1.417578E+00  7.037746E-02
170  2.30731960E-04 -1.400000E+01  0.000000E+00 -1.485693E+00  7.397827E-02
171  2.41910254E-04 -1.400000E+01  0.000000E+00 -1.557057E+00  7.774140E-02
172  2.53628345E-04 -1.400000E+01  0.000000E+00 -1.631824E+00  8.167500E-02
173  2.65912170E-04 -1.400000E+01  0.000000E+00 -1.710155E+00  8.578755E-02
174  2.78788906E-04 -1.400000E+01  0.000000E+00 -1.792216E+00  9.008794E-02
175  2.92287023E-04 -1.400000E+01  0.000000E+00 -1.878184E+00  9.458543E-02
176  3.06436345E-04 -1.400000E+01  0.000000E+00 -1.968241E+00  9.928971E-02
177  3.21268122E-04 -1.400000E+01  0.000000E+00 -2.062579E+00  1.042109E-01
178  3.36815084E-04 -1.400000E+01  0.000000E+00 -2.161399E+00  1.093595E-01
179  3.53111523E-04 -1.400000E+01  0.000000E+00 -2.264910E+00  1.147466E-01
180  3.70193359E-04 -1.400000E+01  0.000000E+00 -2.373331E+00  1.203837E-01
181  3.88098218E-04 -1.400000E+01  0.000000E+00 -2.486891E+00  1.262828E-01
182  4.06865511E-04 -1.400000E+01  0.000000E+00 -2.605830E+00  1.324566E-01
183  4.26536521E-04 -1.400000E+01  0.000000E+00 -2.730397E+00  1.389181E-01
184  4.47154487E-04 -1.400000E+01  0.000000E+00 -2.860854E+00  1.456810E-01
185  4.68764697E-04 -1.400000E+01  0.000000E+00 -2.997473E+00  1.527598E-01
186  4.91414582E-04 -1.400000E+01  0.000000E+00 -3.140539E+00  1.601693E-01
187  5.15153819E-04 -1.400000E+01  0.000000E+00 -3.290351E+00  1.679253E-01
188  5.40034431E-04 -1.400000E+01  0.000000E+00 -3.447217E+00  1.760439E-01
189  5.66110902E-04 -1.400000E+01  0.000000E+00 -3.611464E+00  1.845424E-01
190  5.93440286E-04 -1.400000E+01  0.000000E+00 -3.783429E+00  1.934386E-01
191  6.22082330E-04 -1.400000E+01  0.000000E+00 -3.963466E+00  2.027509E-01
192  6.52099594E-04 -1.400000E+01  0.000000E+00 -4.151944E+00  2.124989E-01
193  6.83557587E-04 -1.400000E+01  0.000000E+00 -4.349246E+00  2.227028E-01
194  7.16524902E-04 -1.400000E+01  0.000000E+00 -4.555773E+00  2.333838E-01
195  7.51073354E-04 -1.400000E+01  0.000000E+00 -4.771945E+00  2.445639E-01
196  7.87278134E-04 -1.400000E+01  0.000000E+00 -4.998196E+00  2.562663E-01
197  8.25217961E-04 -1.400000E+01  0.000000E+00 -5.234981E+00  2.685150E-01
198  8.64975246E-04 -1.400000E+01  0.000000E+00 -5.482773E+00  2.813351E-01
199  9.06636262E-04 -1.400000E+01  0.000000E+00 -5.742064E+00  2.947527E-01
200  9.50291319E-04 -1.400000E+01  0.000000E+00 -6.013369E+00  3.087952E-01
201  9.96034950E-04 -1.400000E+01  0.000000E+00 -6.297220E+00  3.234910E-01
202  1.04396611E-03 -1.400000E+01  0.000000E+00 -6.594174E+00  3.388699E-01
203  1.09418835E-03 -1.400000E+01  0.000000E+00 -6.904810E+00  3.549626E-01
204  1.14681009E-03 -1.400000E+01  0.000000E+00 -7.229728E+00  3.718015E-01
205  1.20194475E-03 -1.400000E+01  0.000000E+00 -7.569553E+00  3.894201E-01
206  1.25971107E-03 -1.400000E+01  0.000000E+00 -7.924935E+00  4.078534E-01
207  1.32023327E-03 -1.400000E+01  0.000000E+00 -8.296549E+00  4.271379E-01
208  1.38364137E-03 -1.400000E+01  0.000000E+00 -8.685094E+00  4.473113E-01
209  1.45007140E-03 -1.400000E+01  0.000000E+00 -9.091298E+00  4.684131E-01
210  1.51966568E-03 -1.400000E+01  0.000000E+00 -9.515914E+00  4.904844E-01
211  1.59257314E-03 -1.400000E+01  0.000000E+00 -9.959724E+00  5.135678E-01
212  1.66894955E-03 -1.400000E+01  0.000000E+00 -1.042354E+01  5.377077E-01
213  1.74895791E-03 -1.400000E+01  0.000000E+00 -1.090819E+01  5.629501E-01
214  1.83276869E-03 -1.400000E+01  0.000000E+00 -1.141455E+01  5.893430E-01
215  1.92056023E-03 -1.400000E+01  0.000000E+00 -1.194352E+01  6.169360E-01
216  2.01251906E-03 -1.400000E+01  0.000000E+00 -1.249602E+01  6.457808E-01
217  2.10884027E-03 -1.400000E+01  0.000000E+00 -1.307301E+01  6.759308E-01
218  2.20972786E-03 -1.400000E+01  0.000000E+00 -1.367547E+01  7.074416E-01
219  2.31539521E-03 -1.400000E+01  0.000000E+00 -1.430443E+01  7.403707E-01
220  2.42606541E-03 -1.400000E+01  0.000000E+00 -1.496094E+01  7.747776E-01
221  2.54197175E-03 -1.400000E+01  0.000000E+00 -1.564606E+01  8.107242E-01
222  2.66335812E-03 -1.400000E+01  0.000000E+00 -1.636092E+01  8.482742E-01
223  2.79047953E-03 -1.400000E+01  0.000000E+00 -1.710665E+01  8.874936E-01
224  2.92360253E-03 -1.400000E+01  0.000000E+00 -1.788442E+01  9.284506E-01
225  3.06300578E-03 -1.400000E+01  0.000000E+00 -1.869543E+01  9.712156E-01
226  3.20898053E-03 -1.400000E+01  0.000000E+00 -1.954089E+01  1.015861E+00
227  3.36183119E-03 -1.400000E+01  0.000000E+00 -2.042207E+01  1.062462E+00
228  3.52187587E-03 -1.400000E+01  0.000000E+00 -2.134023E+01  1.111096E+00
229  3.68944704E-03 -1.400000E+01  0.000000E+00 -2.229667E+01  1.161842E+00
230  3.86489205E-03 -1.400000E+01  0.000000E+00 -2.329271E+01  1.214782E+00
231  4.04857385E-03 -1.400000E+01  0.000000E+00 -2.432969E+01  1.269999E+00
232  4.24087162E-03 -1.400000E+01  0.000000E+00 -2.540895E+01  1.327580E+00
233  4.44218146E-03 -1.400000E+01  0.000000E+00 -2.653187E+01  1.387612E+00
234  4.65291713E-03 -1.400000E+01  0.000000E+00 -2.769981E+01  1.450186E+00
235  4.87351078E-03 -1.400000E+01  0.000000E+00 -2.891415E+01  1.515394E+00
236  5.10441373E-03 -1.400000E+01  0.000000E+00 -3.017626E+01  1.583329E+00
237  5.34609727E-03 -1.400000E+01  0.000000E+00 -3.148751E+01  1.654088E+00
238  5.59905353E-03 -1.400000E+01  0.000000E+00 -3.284927E+01  1.727768E+00
239  5.86379630E-03 -1.400000E+01  0.000000E+00 -3.426286E+01  1.804468E+00
240  6.14086196E-03 -1.400000E+01  0.000000E+00 -3.572960E+01  1.884287E+00
241  6.43081043E-03 -1.400000E+01  0.000000E+00 -3.725077E+01  1.967326E+00
242  6.73422610E-03 -1.400000E+01  0.000000E+00 -3.882758E+01  2.053688E+00
243  7.05171888E-03 -1.400000E+01  0.000000E+00 -4.046123E+01  2.143475E+00
244  7.38392521E-03 -1.400000E+01  0.000000E+00 -4.215282E+01  2.236790E+00
245  7.73150917E-03 -1.400000E+01  0.000000E+00 -4.390339E+01  2.333734E+00
246  8.09516357E-03 -1.400000E+01  0.000000E+00 -4.571387E+01  2.434409E+00
247  8.47561115E-03 -1.400000E+01  0.000000E+00 -4.758511E+01  2.538917E+00
248  8.87360577E-03 -1.400000E+01  0.000000E+00 -4.951780E+01  2.647356E+00
249  9.28993361E-03 -1.400000E+01  0.000000E+00 -5.151254E+01  2.759824E+00
250  9.72541454E-03 -1.400000E+01  0.000000E+00 -5.356972E+01  2.876415E+00
251  1.01809034E-02 -1.400000E+01  0.000000E+00 -5.568958E+01  2.997220E+00
252  1.06572914E-02 -1.400000E+01  0.000000E+00 -5.787217E+01  3.122326E+00
253  1.11555075E-02 -1.400000E+01  0.000000E+00 -6.011727E+01  3.251816E+00
254  1.16765201E-02 -1.400000E+01  0.000000E+00 -6.242445E+01  3.385765E+00
255  1.22213380E-02 -1.400000E+01  0.000000E+00 -6.479299E+01  3.524244E+00
256  1.27910129E-02 -1.400000E+01  0.000000E+00 -6.722185E+01  3.667315E+00
257  1.33866401E-02 -1.400000E+01  0.000000E+00 -6.970967E+01  3.815030E+00
258  1.40093607E-02 -1.400000E+01  0.000000E+00 -7.225471E+01  3.967433E+00
259  1.46603633E-02 -1.400000E+01  0.000000E+00 -7.485480E+01  4.124556E+00
260  1.53408855E-02 -1.400000E+01  0.000000E+00 -7.750736E+01  4.286417E+00
261  1.60522161E-02 -1.400000E+01  0.000000E+00 -8.020930E+01  4.453021E+00
262  1.67956968E-02 -1.400000E+01  0.000000E+00 -8.295702E+01  4.624357E+00
263  1.75727244E-02 -1.400000E+01  0.000000E+00 -8.574633E+01  4.800395E+00
264  1.83847522E-02 -1.400000E+01  0.000000E+00 -8.857245E+01  4.981089E+00
265  1.92332928E-02 -1.400000E+01  0.000000E+00 -9.142992E+01  5.166367E+00
266  2.01199200E-02 -1.400000E+01  0.000000E+00 -9.431256E+01  5.356137E+00
267  2.10462708E-02 -1.400000E+01  0.000000E+00 -9.721346E+01  5.550280E+00
268  2.20140479E-02 -1.400000E+01  0.000000E+00 -1.001249E+02  5.748650E+00
269  2.30250218E-02 -1.400000E+01  0.000000E+00 -1.030382E+02  5.951069E+00
270  2.40810334E-02 -1.400000E+01  0.000000E+00 -1.059439E+02  6.157329E+00
271  2.51839965E-02 -1.400000E+01  0.000000E+00 -1.088314E+02  6.367184E+00
272  2.63359000E-02 -1.400000E+01  0.000000E+00 -1.116894E+02  6.580351E+00
273  2.75388108E-02 -1.400000E+01  0.000000E+00 -1.145052E+02  6.796506E+00
274  2.87948763E-02 -1.400000E+01  0.000000E+00 -1.172650E+02  7.015283E+00
275  3.01063273E-02 -1.400000E+01  0.000000E+00 -1.199541E+02  7.236268E+00
276  3.14754803E-02 -1.400000E+01  0.000000E+00 -1.225564E+02  7.458997E+00
277  3.29047409E-02 -1.400000E+01  0.000000E+00 -1.250545E+02  7.682955E+00
278  3.43966066E-02 -1.400000E+01  0.000000E+00 -1.274299E+02  7.907572E+00
279  3.59536694E-02 -1.400000E+01  0.000000E+00 -1.296626E+02  8.132220E+00
280  3.75786194E-02 -1.400000E+01  0.000000E+00 -1.317315E+02  8.356209E+00
281  3.92742475E-02 -1.400000E+01  0.000000E+00 -1.336140E+02  8.578787E+00
282  4.10434486E-02 -1.400000E+01  0.000000E+00 -1.352864E+02  8.799136E+00
283  4.28892251E-02 -1.400000E+01  0.000000E+00 -1.367234E+02  9.016370E+00
284  4.48146901E-02 -1.400000E+01  0.000000E+00 -1.378988E+02  9.229533E+00
285  4.68230706E-02 -1.400000E+01  0.000000E+00 -1.387849E+02  9.437598E+00
286  4.89177111E-02 -1.400000E+01  0.000000E+00 -1.393531E+02  9.639464E+00
287  5.11020771E-02 -1.400000E+01  0.000000E+00 -1.395738E+02  9.833959E+00
288  5.33797585E-02 -1.400000E+01  0.000000E+00 -1.394164E+02  1.001983E+01
289  5.57544734E-02 -1.400000E+01  0.000000E+00 -1.388496E+02  1.019577E+01
290  5.82300716E-02 -1.400000E+01  0.000000E+00 -1.378415E+02  1.036038E+01
291  6.08105383E-02 -1.400000E+01  0.000000E+00 -1.363601E+02  1.051221E+01
292  6.34999980E-02 -1.400000E+01  0.000000E+00 -1.343731E+02  1.064971E+01
293  6.63027183E-02 -1.400000E+01  0.000000E+00 -1.318487E+02  1.077132E+01
294  6.92231138E-02 -1.400000E+01  0.000000E+00 -1.287554E+02  1.087538E+01
295  7.22657496E-02 -1.400000E+01  0.000000E+00 -1.250631E+02  1.096020E+01
296  7.54353459E-02 -1.400000E+01  0.000000E+00 -1.207426E+02  1.102406E+01
297  7.87367816E-02 -1.400000E+01  0.000000E+00 -1.157670E+02  1.106517E+01
298  8.21750981E-02 -1.400000E+01  0.000000E+00 -1.101116E+02  1.108177E+01
299  8.57555040E-02 -1.400000E+01  0.000000E+00 -1.037549E+02  1.107206E+01
300  8.94833786E-02 -1.400000E+01  0.000000E+00 -9.667896E+01  1.103426E+01
301  9.33642762E-02 -1.400000E+01  0.000000E+00 -8.887010E+01  1.096661E+01
302  9.74039304E-02 -1.400000E+01  0.000000E+00 -8.031976E+01  1.086740E+01
303  1.01608258E-01 -1.400000E+01  0.000000E+00 -7.102517E+01  1.073500E+01
304  1.05983363E-01 -1.400000E+01  0.000000E+00 -6.099017E+01  1.056785E+01
305  1.10535541E-01 -1.400000E+01  0.000000E+00 -5.022600E+01  1.036451E+01
306  1.15271284E-01 -1.400000E+01  0.000000E+00 -3.875219E+01  1.012369E+01
307  1.20197283E-01 -1.400000E+01  0.000000E+00 -2.659737E+01  9.844271E+00
308  1.25320434E-01 -1.400000E+01  0.000000E+00 -1.380011E+01  9.525338E+00
309  1.30647840E-01 -1.400000E+01  0.000000E+00 -4.097684E-01  9.166211E+00
310  1.36186817E-01 -1.400000E+01  0.000000E+00  1.351281E+01  8.766481E+00
311  1.41944897E-01 -1.400000E+01  0.000000E+00  2.789452E+01  8.326047E+00
312  1.47929833E-01 -1.400000E+01  0.000000E+00  4.264945E+01  7.845148E+00
313  1.54149603E-01 -1.400000E+01  0.000000E+00  5.767834E+01  7.324402E+00
314  1.60612411E-01 -1.400000E+01  0.000000E+00  7.286826E+01  6.764839E+00
315  1.67326695E-01 -1.400000E+01  0.000000E+00  8.809245E+01  6.167934E+00
316  1.74301130E-01 -1.400000E+01  0.000000E+00  1.032104E+02  5.535643E+00
317  1.81544629E-01 -1.400000E+01  0.000000E+00  1.180680E+02  4.870425E+00
318  1.89066351E-01 -1.400000E+01  0.000000E+00  1.324983E+02  4.175273E+00
319  1.96875701E-01 -1.400000E+01  0.000000E+00  1.463225E+02  3.453731E+00
320  2.04982334E-01 -1.400000E+01  0.000000E+00  1.593508E+02  2.709911E+00
321  2.13396162E-01 -1.400000E+01  0.000000E+00  1.713846E+02  1.948494E+00
322  2.22127354E-01 -1.400000E+01  0.000000E+00  1.822182E+02  1.174734E+00
323  2.31186338E-01 -1.400000E+01  0.000000E+00  1.916413E+02  3.944458E-01
324  2.40583810E-01 -1.400000E+01  0.000000E+00  1.994424E+02 -3.860197E-01
325  2.50330731E-01 -1.400000E+01  0.000000E+00  2.054119E+02 -1.159807E+00
326  2.60438332E-01 -1.400000E+01  0.000000E+00  2.093459E+02 -1.919605E+00
327  2.70918120E-01 -1.400000E+01  0.000000E+00  2.110510E+02 -2.657706E+00
328  2.81781875E-01 -1.400000E+01  0.000000E+00  2.103491E+02 -3.366084E+00
329  2.93041657E-01 -1.400000E+01  0.000000E+00  2.070822E+02 -4.036483E+00
330  3.04709806E-01 -1.400000E+01  0.000000E+00  2.011180E+02 -4.660530E+00
331  3.16798945E-01 -1.400000E+01  0.000000E+00  1.923563E+02 -5.229848E+00
332  3.29321985E-01 -1.400000E+01  0.000000E+00  1.807337E+02 -5.736202E+00
333  3.42292119E-01 -1.400000E+01  0.000000E+00  1.662304E+02 -6.171647E+00
334  3.55722833E-01 -1.400000E+01  0.000000E+00  1.488756E+02 -6.528690E+00
335  3.69627902E-01 -1.400000E+01  0.000000E+00  1.287524E+02 -6.800465E+00
336  3.84021393E-01 -1.400000E+01  0.000000E+00  1.060030E+02 -6.980918E+00
337  3.98917666E-01 -1.400000E+01  0.000000E+00  8.083268E+01 -7.064988E+00
338  4.14331376E-01 -1.400000E+01  0.000000E+00  5.351225E+01 -7.048796E+00
339  4.30277471E-01 -1.400000E+01  0.000000E+00  2.438023E+01 -6.929827E+00
340  4.46771195E-01 -1.400000E+01  0.000000E+00 -6.157202E+00 -6.707101E+00
341  4.63828090E-01 -1.400000E+01  0.000000E+00 -3.762779E+01 -6.381332E+00
342  4.81463993E-01 -1.400000E+01  0.000000E+00 -6.949673E+01 -5.955061E+00
343  4.99695037E-01 -1.400000E+01  0.000000E+00 -1.011725E+02 -5.432766E+00
344  5.18537651E-01 -1.400000E+01  0.000000E+00 -1.320148E+02 -4.820938E+00
345  5.38008561E-01 -1.400000E+01  0.000000E+00 -1.613454E+02 -4.128107E+00
346  5.58124786E-01 -1.400000E+01  0.000000E+00 -1.884609E+02 -3.364834E+00
347  5.78903642E-01 -1.400000E+01  0.000000E+00 -2.126485E+02 -2.543638E+00
348  6.00362736E-01 -1.400000E+01  0.000000E+00 -2.332035E+02 -1.678878E+00
349  6.22519969E-01 -1.400000E+01  0.000000E+00 -2.494496E+02 -7.865623E-01
350  6.45393531E-01 -1.400000E+01  0.000000E+00 -2.607603E+02  1.158979E-01
351  6.69001902E-01 -1.400000E+01  0.000000E+00 -2.665817E+02  1.009999E+00
352  6.93363849E-01 -1.400000E+01  0.000000E+00 -2.664562E+02  1.876519E+00
353  7.18498424E-01 -1.400000E+01  0.000000E+00 -2.600458E+02  2.695944E+00
354  7.44424962E-01 -1.400000E+01  0.000000E+00 -2.471544E+02  3.448950E+00
355  7.71163078E-01 -1.400000E+01  0.000000E+00 -2.277486E+02  4.116923E+00
356  7.98732664E-01 -1.400000E+01  0.000000E+00 -2.019751E+02  4.682503E+00
357  8.27153887E-01 -1.400000E+01  0.000000E+00 -1.701746E+02  5.130147E+00
358  8.56447187E-01 -1.400000E+01  0.000000E+00 -1.328902E+02  5.446684E+00
359  8.86633270E-01 -1.400000E+01  0.000000E+00 -9.087024E+01  5.621851E+00
360  9.17733107E-01 -1.400000E+01  0.000000E+00 -4.506375E+01  5.648778E+00
361  9.49767933E-01 -1.400000E+01  0.000000E+00  3.391527E+00  5.524411E+00
362  9.82759236E-01 -1.400000E+01  0.000000E+00  5.318957E+01  5.249843E+00
363  1.01672876E+00 -1.400000E+01  0.000000E+00  1.028849E+02  4.830542E+00
364  1.05169850E+00 -1.400000E+01  0.000000E+00  1.509303E+02  4.276441E+00
365  1.08769068E+00 -1.400000E+01  0.000000E+00  1.957216E+02  3.601892E+00
366  1.12472780E+00 -1.400000E+01  0.000000E+00  2.356509E+02  2.825450E+00
367  1.16283255E+00 -1.400000E+01  0.000000E+00  2.691648E+02  1.969508E+00
368  1.20202788E+00 -1.400000E+01  0.000000E+00  2.948269E+02  1.059750E+00
369  1.24233696E+00 -1.400000E+01  0.000000E+00  3.113818E+02  1.244540E-01
370  1.28378317E+00 -1.400000E+01  0.000000E+00  3.178194E+02 -8.063532E-01
371  1.32639013E+00 -1.400000E+01  0.000000E+00  3.134344E+02 -1.701872E+00
372  1.37018163E+00 -1.400000E+01  0.000000E+00  2.978797E+02 -2.531600E+00
373  1.41518171E+00 -1.400000E+01  0.000000E+00  2.712098E+02 -3.266458E+00
374  1.46141457E+00 -1.400000E+01  0.000000E+00  2.339114E+02 -3.879945E+00
375  1.50890462E+00 -1.400000E+01  0.000000E+00  1.869175E+02 -4.349252E+00
376  1.55767646E+00 -1.400000E+01  0.000000E+00  1.316035E+02 -4.656308E+00
377  1.60775486E+00 -1.400000E+01  0.000000E+00  6.976416E+01 -4.788685E+00
378  1.65916478E+00 -1.400000E+01  0.000000E+00  3.567699E+00 -4.740323E+00
379  1.71193133E+00 -1.400000E+01  0.000000E+00 -6.450954E+01 -4.512037E+00
380  1.76607980E+00 -1.400000E+01  0.000000E+00 -1.317693E+02 -4.111744E+00
381  1.82163562E+00 -1.400000E+01  0.000000E+00 -1.953950E+02 -3.554403E+00
382  1.87862439E+00 -1.400000E+01  0.000000E+00 -2.525699E+02 -2.861646E+00
383  1.93707184E+00 -1.400000E+01  0.000000E+00 -3.006051E+02 -2.061079E+00
384  1.99700384E+00 -1.400000E+01  0.000000E+00 -3.370710E+02 -1.185300E+00
385  2.05844640E+00 -1.400000E+01  0.000000E+00 -3.599281E+02 -2.706275E-01
386  2.12142564E+00 -1.400000E+01  0.000000E+00 -3.676473E+02  6.443879E-01
387  2.18596781E+00 -1.400000E+01  0.000000E+00 -3.593149E+02  1.520627E+00
388  2.25209927E+00 -1.400000E+01  0.000000E+00 -3.347143E+02  2.320155E+00
389  2.31984649E+00 -1.400000E+01  0.000000E+00 -2.943790E+02  3.007990E+00
390  2.38923602E+00 -1.400000E+01  0.000000E+00 -2.396102E+02  3.553791E+00
391  2.46029454E+00 -1.400000E+01  0.000000E+00 -1.724572E+02  3.933384E+00
392  2.53304878E+00 -1.400000E+01  0.000000E+00 -9.565750E+01  4.130032E+00
393  2.60752557E+00 -1.400000E+01  0.000000E+00 -1.253726E+01  4.135374E+00
394  2.68375180E+00 -1.400000E+01  0.000000E+00  7.312540E+01  3.949979E+00
395  2.76175445E+00 -1.400000E+01  0.000000E+00  1.572691E+02  3.583461E+00
396  2.84156055E+00 -1.400000E+01  0.000000E+00  2.357429E+02  3.054129E+00
397  2.92319718E+00 -1.400000E+01  0.000000E+00  3.045157E+02  2.388195E+00
398  3.00669146E+00 -1.400000E+01  0.000000E+00  3.598908E+02  1.619227E+00
399  3.09207059E+00 -1.400000E+01  0.000000E+00  1.203292E+03  2.359189E+00
