#      n =  3
#  kappa = -1
# energy = -2.56060724E+02
#     vc = -5.13306068E+02


0    7.69230769E-08 -2.204876E-02  0.000000E+00  0.000000E+00  7.555220E-03
1    8.06727953E-08 -2.312356E-02  0.000000E+00  7.028629E-08  7.555220E-03
2    8.46052882E-08 -2.425074E-02  0.000000E+00  1.439986E-07  7.204046E-03
3    8.87294640E-08 -2.543287E-02  0.000000E+00  2.213038E-07  6.869200E-03
4    9.30546650E-08 -2.667262E-02  0.000000E+00  3.023772E-07  6.549918E-03
5    9.75906890E-08 -2.797279E-02  0.000000E+00  3.874023E-07  6.245477E-03
6    1.02347811E-07 -2.933634E-02  0.000000E+00  4.765718E-07  5.955187E-03
7    1.07336807E-07 -3.076636E-02  0.000000E+00  5.700876E-07  5.678391E-03
8    1.12568978E-07 -3.226607E-02  0.000000E+00  6.681616E-07  5.414461E-03
9    1.18056176E-07 -3.383888E-02  0.000000E+00  7.710159E-07  5.162799E-03
10   1.23810830E-07 -3.548836E-02  0.000000E+00  8.788835E-07  4.922836E-03
11   1.29845975E-07 -3.721823E-02  0.000000E+00  9.920087E-07  4.694026E-03
12   1.36175280E-07 -3.903242E-02  0.000000E+00  1.110648E-06  4.475852E-03
13   1.42813083E-07 -4.093503E-02  0.000000E+00  1.235069E-06  4.267819E-03
14   1.49774418E-07 -4.293038E-02  0.000000E+00  1.365556E-06  4.069455E-03
15   1.57075052E-07 -4.502298E-02  0.000000E+00  1.502402E-06  3.880313E-03
16   1.64731521E-07 -4.721757E-02  0.000000E+00  1.645918E-06  3.699961E-03
17   1.72761167E-07 -4.951912E-02  0.000000E+00  1.796428E-06  3.527993E-03
18   1.81182175E-07 -5.193286E-02  0.000000E+00  1.954275E-06  3.364019E-03
19   1.90013619E-07 -5.446423E-02  0.000000E+00  2.119815E-06  3.207666E-03
20   1.99275499E-07 -5.711898E-02  0.000000E+00  2.293424E-06  3.058581E-03
21   2.08988793E-07 -5.990311E-02  0.000000E+00  2.475493E-06  2.916425E-03
22   2.19175498E-07 -6.282294E-02  0.000000E+00  2.666437E-06  2.780877E-03
23   2.29858686E-07 -6.588507E-02  0.000000E+00  2.866687E-06  2.651630E-03
24   2.41062549E-07 -6.909644E-02  0.000000E+00  3.076696E-06  2.528390E-03
25   2.52812461E-07 -7.246432E-02  0.000000E+00  3.296941E-06  2.410878E-03
26   2.65135031E-07 -7.599634E-02  0.000000E+00  3.527920E-06  2.298829E-03
27   2.78058164E-07 -7.970049E-02  0.000000E+00  3.770156E-06  2.191987E-03
28   2.91611126E-07 -8.358516E-02  0.000000E+00  4.024198E-06  2.090112E-03
29   3.05824606E-07 -8.765915E-02  0.000000E+00  4.290621E-06  1.992972E-03
30   3.20730792E-07 -9.193168E-02  0.000000E+00  4.570028E-06  1.900347E-03
31   3.36363435E-07 -9.641242E-02  0.000000E+00  4.863052E-06  1.812027E-03
32   3.52757936E-07 -1.011115E-01  0.000000E+00  5.170357E-06  1.727813E-03
33   3.69951415E-07 -1.060396E-01  0.000000E+00  5.492638E-06  1.647512E-03
34   3.87982804E-07 -1.112079E-01  0.000000E+00  5.830624E-06  1.570945E-03
35   4.06892930E-07 -1.166280E-01  0.000000E+00  6.185083E-06  1.497935E-03
36   4.26724609E-07 -1.223122E-01  0.000000E+00  6.556814E-06  1.428320E-03
37   4.47522742E-07 -1.282734E-01  0.000000E+00  6.946662E-06  1.361940E-03
38   4.69334419E-07 -1.345251E-01  0.000000E+00  7.355507E-06  1.298645E-03
39   4.92209020E-07 -1.410814E-01  0.000000E+00  7.784277E-06  1.238292E-03
40   5.16198335E-07 -1.479572E-01  0.000000E+00  8.233940E-06  1.180745E-03
41   5.41356672E-07 -1.551680E-01  0.000000E+00  8.705516E-06  1.125872E-03
42   5.67740986E-07 -1.627301E-01  0.000000E+00  9.200072E-06  1.073549E-03
43   5.95411008E-07 -1.706607E-01  0.000000E+00  9.718728E-06  1.023658E-03
44   6.24429374E-07 -1.789777E-01  0.000000E+00  1.026266E-05  9.760865E-04
45   6.54861773E-07 -1.876999E-01  0.000000E+00  1.083309E-05  9.307256E-04
46   6.86777092E-07 -1.968470E-01  0.000000E+00  1.143132E-05  8.874729E-04
47   7.20247574E-07 -2.064398E-01  0.000000E+00  1.205870E-05  8.462305E-04
48   7.55348980E-07 -2.164998E-01  0.000000E+00  1.271665E-05  8.069048E-04
49   7.92160758E-07 -2.270500E-01  0.000000E+00  1.340666E-05  7.694068E-04
50   8.30766228E-07 -2.381140E-01  0.000000E+00  1.413029E-05  7.336516E-04
51   8.71252764E-07 -2.497170E-01  0.000000E+00  1.488918E-05  6.995580E-04
52   9.13711998E-07 -2.618852E-01  0.000000E+00  1.568505E-05  6.670489E-04
53   9.58240019E-07 -2.746460E-01  0.000000E+00  1.651969E-05  6.360506E-04
54   1.00493760E-06 -2.880284E-01  0.000000E+00  1.739500E-05  6.064928E-04
55   1.05391041E-06 -3.020624E-01  0.000000E+00  1.831296E-05  5.783086E-04
56   1.10526929E-06 -3.167799E-01  0.000000E+00  1.927564E-05  5.514342E-04
57   1.15913043E-06 -3.322141E-01  0.000000E+00  2.028522E-05  5.258085E-04
58   1.21561573E-06 -3.483998E-01  0.000000E+00  2.134399E-05  5.013736E-04
59   1.27485298E-06 -3.653735E-01  0.000000E+00  2.245434E-05  4.780741E-04
60   1.33697621E-06 -3.831736E-01  0.000000E+00  2.361879E-05  4.558572E-04
61   1.40212599E-06 -4.018401E-01  0.000000E+00  2.483996E-05  4.346725E-04
62   1.47044970E-06 -4.214153E-01  0.000000E+00  2.612063E-05  4.144720E-04
63   1.54210192E-06 -4.419432E-01  0.000000E+00  2.746368E-05  3.952100E-04
64   1.61724473E-06 -4.634701E-01  0.000000E+00  2.887216E-05  3.768428E-04
65   1.69604813E-06 -4.860444E-01  0.000000E+00  3.034925E-05  3.593287E-04
66   1.77869036E-06 -5.097170E-01  0.000000E+00  3.189830E-05  3.426281E-04
67   1.86535836E-06 -5.345412E-01  0.000000E+00  3.352280E-05  3.267031E-04
68   1.95624816E-06 -5.605728E-01  0.000000E+00  3.522643E-05  3.115177E-04
69   2.05156532E-06 -5.878702E-01  0.000000E+00  3.701304E-05  2.970372E-04
70   2.15152540E-06 -6.164948E-01  0.000000E+00  3.888668E-05  2.832290E-04
71   2.25635448E-06 -6.465108E-01  0.000000E+00  4.085158E-05  2.700618E-04
72   2.36628961E-06 -6.779856E-01  0.000000E+00  4.291218E-05  2.575055E-04
73   2.48157938E-06 -7.109896E-01  0.000000E+00  4.507314E-05  2.455319E-04
74   2.60248448E-06 -7.455967E-01  0.000000E+00  4.733935E-05  2.341136E-04
75   2.72927827E-06 -7.818843E-01  0.000000E+00  4.971592E-05  2.232248E-04
76   2.86224743E-06 -8.199335E-01  0.000000E+00  5.220824E-05  2.128407E-04
77   3.00169257E-06 -8.598289E-01  0.000000E+00  5.482193E-05  2.029378E-04
78   3.14792892E-06 -9.016596E-01  0.000000E+00  5.756291E-05  1.934935E-04
79   3.30128704E-06 -9.455185E-01  0.000000E+00  6.043736E-05  1.844864E-04
80   3.46211359E-06 -9.915029E-01  0.000000E+00  6.345178E-05  1.758960E-04
81   3.63077207E-06 -1.039715E+00  0.000000E+00  6.661298E-05  1.677027E-04
82   3.80764366E-06 -1.090261E+00  0.000000E+00  6.992811E-05  1.598879E-04
83   3.99312807E-06 -1.143252E+00  0.000000E+00  7.340465E-05  1.524338E-04
84   4.18764446E-06 -1.198805E+00  0.000000E+00  7.705046E-05  1.453233E-04
85   4.39163236E-06 -1.257043E+00  0.000000E+00  8.087377E-05  1.385402E-04
86   4.60555267E-06 -1.318091E+00  0.000000E+00  8.488321E-05  1.320690E-04
87   4.82988871E-06 -1.382085E+00  0.000000E+00  8.908785E-05  1.258949E-04
88   5.06514727E-06 -1.449161E+00  0.000000E+00  9.349716E-05  1.200036E-04
89   5.31185980E-06 -1.519466E+00  0.000000E+00  9.812112E-05  1.143817E-04
90   5.57058357E-06 -1.593150E+00  0.000000E+00  1.029701E-04  1.090162E-04
91   5.84190294E-06 -1.670372E+00  0.000000E+00  1.080552E-04  1.038946E-04
92   6.12643065E-06 -1.751297E+00  0.000000E+00  1.133877E-04  9.900522E-05
93   6.42480923E-06 -1.836094E+00  0.000000E+00  1.189798E-04  9.433655E-05
94   6.73771244E-06 -1.924943E+00  0.000000E+00  1.248440E-04  8.987774E-05
95   7.06584677E-06 -2.018030E+00  0.000000E+00  1.309936E-04  8.561832E-05
96   7.40995302E-06 -2.115546E+00  0.000000E+00  1.374424E-04  8.154825E-05
97   7.77080799E-06 -2.217691E+00  0.000000E+00  1.442049E-04  7.765790E-05
98   8.14922622E-06 -2.324673E+00  0.000000E+00  1.512965E-04  7.393797E-05
99   8.54606179E-06 -2.436707E+00  0.000000E+00  1.587331E-04  7.037953E-05
100  8.96221028E-06 -2.554014E+00  0.000000E+00  1.665315E-04  6.697395E-05
101  9.39861075E-06 -2.676823E+00  0.000000E+00  1.747092E-04  6.371289E-05
102  9.85624787E-06 -2.805370E+00  0.000000E+00  1.832846E-04  6.058828E-05
103  1.03361541E-05 -2.939897E+00  0.000000E+00  1.922771E-04  5.759231E-05
104  1.08394120E-05 -3.080653E+00  0.000000E+00  2.017068E-04  5.471736E-05
105  1.13671568E-05 -3.227893E+00  0.000000E+00  2.115951E-04  5.195604E-05
106  1.19205787E-05 -3.381874E+00  0.000000E+00  2.219641E-04  4.930111E-05
107  1.25009257E-05 -3.542862E+00  0.000000E+00  2.328371E-04  4.674549E-05
108  1.31095064E-05 -3.711120E+00  0.000000E+00  2.442387E-04  4.428221E-05
109  1.37476928E-05 -3.886917E+00  0.000000E+00  2.561944E-04  4.190443E-05
110  1.44169236E-05 -4.070521E+00  0.000000E+00  2.687310E-04  3.960536E-05
111  1.51187072E-05 -4.262195E+00  0.000000E+00  2.818768E-04  3.737827E-05
112  1.58546253E-05 -4.462202E+00  0.000000E+00  2.956611E-04  3.521647E-05
113  1.66263360E-05 -4.670792E+00  0.000000E+00  3.101149E-04  3.311325E-05
114  1.74355781E-05 -4.888209E+00  0.000000E+00  3.252707E-04  3.106190E-05
115  1.82841746E-05 -5.114679E+00  0.000000E+00  3.411623E-04  2.905565E-05
116  1.91740370E-05 -5.350408E+00  0.000000E+00  3.578253E-04  2.708764E-05
117  2.01071693E-05 -5.595578E+00  0.000000E+00  3.752969E-04  2.515094E-05
118  2.10856726E-05 -5.850338E+00  0.000000E+00  3.936163E-04  2.323846E-05
119  2.21117500E-05 -6.114797E+00  0.000000E+00  4.128244E-04  2.134298E-05
120  2.31877112E-05 -6.389012E+00  0.000000E+00  4.329639E-04  1.945709E-05
121  2.43159779E-05 -6.672984E+00  0.000000E+00  4.540798E-04  1.757318E-05
122  2.54990890E-05 -6.966638E+00  0.000000E+00  4.762192E-04  1.568344E-05
123  2.67397065E-05 -7.269814E+00  0.000000E+00  4.994312E-04  1.377979E-05
124  2.80406212E-05 -7.582245E+00  0.000000E+00  5.237676E-04  1.185391E-05
125  2.94047590E-05 -7.903542E+00  0.000000E+00  5.492822E-04  9.897232E-06
126  3.08351875E-05 -8.233167E+00  0.000000E+00  5.760317E-04  7.900898E-06
127  3.23351228E-05 -8.570410E+00  0.000000E+00  6.040754E-04  5.855816E-06
128  3.39079366E-05 -8.914352E+00  0.000000E+00  6.334754E-04  3.752652E-06
129  3.55571636E-05 -9.263837E+00  0.000000E+00  6.642964E-04  1.581877E-06
130  3.72865097E-05 -9.617425E+00  0.000000E+00  6.966067E-04 -6.661819E-07
131  3.90998600E-05 -9.973341E+00  0.000000E+00  7.304775E-04 -3.001260E-06
132  4.10012873E-05 -1.032943E+01  0.000000E+00  7.659832E-04 -5.433041E-06
133  4.29950614E-05 -1.068307E+01  0.000000E+00  8.032021E-04 -7.971004E-06
134  4.50856586E-05 -1.103114E+01  0.000000E+00  8.422159E-04 -1.062423E-05
135  4.72777714E-05 -1.136988E+01  0.000000E+00  8.831103E-04 -1.340111E-05
136  4.95763191E-05 -1.169481E+01  0.000000E+00  9.259750E-04 -1.630906E-05
137  5.19864585E-05 -1.200065E+01  0.000000E+00  9.709041E-04 -1.935264E-05
138  5.45135957E-05 -1.228114E+01  0.000000E+00  1.017996E-03 -2.253445E-05
139  5.71633974E-05 -1.252889E+01  0.000000E+00  1.067355E-03 -2.618818E-05
140  5.99418044E-05 -1.273523E+01  0.000000E+00  1.119087E-03 -2.984628E-05
141  6.28550437E-05 -1.288999E+01  0.000000E+00  1.173322E-03 -1.450166E-05
142  6.59096432E-05 -1.298124E+01  0.000000E+00  1.230270E-03 -5.512549E-05
143  6.91124454E-05 -1.300000E+01  0.000000E+00  1.289572E-03 -6.213453E-05
144  7.24706228E-05 -1.300000E+01  0.000000E+00  1.352081E-03 -2.454378E-05
145  7.59916940E-05 -1.300000E+01  0.000000E+00  1.417581E-03 -4.300720E-05
146  7.96835395E-05 -1.300000E+01  0.000000E+00  1.486163E-03 -5.397474E-05
147  8.35544201E-05 -1.300000E+01  0.000000E+00  1.558045E-03 -5.704260E-05
148  8.76129942E-05 -1.300000E+01  0.000000E+00  1.633386E-03 -6.135585E-05
149  9.18683372E-05 -1.300000E+01  0.000000E+00  1.712350E-03 -6.587258E-05
150  9.63299616E-05 -1.300000E+01  0.000000E+00  1.795111E-03 -7.052550E-05
151  1.01007838E-04 -1.300000E+01  0.000000E+00  1.881852E-03 -7.533479E-05
152  1.05912416E-04 -1.300000E+01  0.000000E+00  1.972763E-03 -8.031106E-05
153  1.11054648E-04 -1.300000E+01  0.000000E+00  2.068043E-03 -8.546529E-05
154  1.16446014E-04 -1.300000E+01  0.000000E+00  2.167901E-03 -9.080885E-05
155  1.22098545E-04 -1.300000E+01  0.000000E+00  2.272556E-03 -9.635350E-05
156  1.28024850E-04 -1.300000E+01  0.000000E+00  2.382238E-03 -1.021114E-04
157  1.34238145E-04 -1.300000E+01  0.000000E+00  2.497185E-03 -1.080953E-04
158  1.40752278E-04 -1.300000E+01  0.000000E+00  2.617651E-03 -1.143183E-04
159  1.47581765E-04 -1.300000E+01  0.000000E+00  2.743897E-03 -1.207941E-04
160  1.54741817E-04 -1.300000E+01  0.000000E+00  2.876198E-03 -1.275368E-04
161  1.62248374E-04 -1.300000E+01  0.000000E+00  3.014845E-03 -1.345612E-04
162  1.70118141E-04 -1.300000E+01  0.000000E+00  3.160137E-03 -1.418828E-04
163  1.78368623E-04 -1.300000E+01  0.000000E+00  3.312392E-03 -1.495175E-04
164  1.87018166E-04 -1.300000E+01  0.000000E+00  3.471940E-03 -1.574820E-04
165  1.96085991E-04 -1.300000E+01  0.000000E+00  3.639127E-03 -1.657937E-04
166  2.05592243E-04 -1.300000E+01  0.000000E+00  3.814316E-03 -1.744707E-04
167  2.15558027E-04 -1.300000E+01  0.000000E+00  3.997887E-03 -1.835319E-04
168  2.26005460E-04 -1.300000E+01  0.000000E+00  4.190235E-03 -1.929971E-04
169  2.36957715E-04 -1.300000E+01  0.000000E+00  4.391777E-03 -2.028868E-04
170  2.48439074E-04 -1.300000E+01  0.000000E+00  4.602946E-03 -2.132224E-04
171  2.60474978E-04 -1.300000E+01  0.000000E+00  4.824199E-03 -2.240264E-04
172  2.73092080E-04 -1.300000E+01  0.000000E+00  5.056009E-03 -2.353222E-04
173  2.86318309E-04 -1.300000E+01  0.000000E+00  5.298876E-03 -2.471342E-04
174  3.00182922E-04 -1.300000E+01  0.000000E+00  5.553320E-03 -2.594879E-04
175  3.14716573E-04 -1.300000E+01  0.000000E+00  5.819884E-03 -2.724100E-04
176  3.29951375E-04 -1.300000E+01  0.000000E+00  6.099139E-03 -2.859282E-04
177  3.45920971E-04 -1.300000E+01  0.000000E+00  6.391679E-03 -3.000716E-04
178  3.62660603E-04 -1.300000E+01  0.000000E+00  6.698127E-03 -3.148707E-04
179  3.80207191E-04 -1.300000E+01  0.000000E+00  7.019134E-03 -3.303571E-04
180  3.98599409E-04 -1.300000E+01  0.000000E+00  7.355381E-03 -3.465640E-04
181  4.17877767E-04 -1.300000E+01  0.000000E+00  7.707577E-03 -3.635259E-04
182  4.38084700E-04 -1.300000E+01  0.000000E+00  8.076467E-03 -3.812791E-04
183  4.59264655E-04 -1.300000E+01  0.000000E+00  8.462827E-03 -3.998614E-04
184  4.81464185E-04 -1.300000E+01  0.000000E+00  8.867468E-03 -4.193121E-04
185  5.04732050E-04 -1.300000E+01  0.000000E+00  9.291238E-03 -4.396726E-04
186  5.29119320E-04 -1.300000E+01  0.000000E+00  9.735022E-03 -4.609859E-04
187  5.54679477E-04 -1.300000E+01  0.000000E+00  1.019974E-02 -4.832970E-04
188  5.81468536E-04 -1.300000E+01  0.000000E+00  1.068637E-02 -5.066528E-04
189  6.09545155E-04 -1.300000E+01  0.000000E+00  1.119591E-02 -5.311025E-04
190  6.38970763E-04 -1.300000E+01  0.000000E+00  1.172941E-02 -5.566974E-04
191  6.69809686E-04 -1.300000E+01  0.000000E+00  1.228797E-02 -5.834908E-04
192  7.02129283E-04 -1.300000E+01  0.000000E+00  1.287274E-02 -6.115388E-04
193  7.36000083E-04 -1.300000E+01  0.000000E+00  1.348491E-02 -6.408995E-04
194  7.71495936E-04 -1.300000E+01  0.000000E+00  1.412572E-02 -6.716339E-04
195  8.08694164E-04 -1.300000E+01  0.000000E+00  1.479648E-02 -7.038055E-04
196  8.47675722E-04 -1.300000E+01  0.000000E+00  1.549855E-02 -7.374807E-04
197  8.88525362E-04 -1.300000E+01  0.000000E+00  1.623332E-02 -7.727285E-04
198  9.31331814E-04 -1.300000E+01  0.000000E+00  1.700228E-02 -8.096212E-04
199  9.76187964E-04 -1.300000E+01  0.000000E+00  1.780696E-02 -8.482339E-04
200  1.02319104E-03 -1.300000E+01  0.000000E+00  1.864894E-02 -8.886453E-04
201  1.07244283E-03 -1.300000E+01  0.000000E+00  1.952990E-02 -9.309370E-04
202  1.12404986E-03 -1.300000E+01  0.000000E+00  2.045156E-02 -9.751944E-04
203  1.17812365E-03 -1.300000E+01  0.000000E+00  2.141571E-02 -1.021506E-03
204  1.23478089E-03 -1.300000E+01  0.000000E+00  2.242423E-02 -1.069966E-03
205  1.29414372E-03 -1.300000E+01  0.000000E+00  2.347906E-02 -1.120668E-03
206  1.35633996E-03 -1.300000E+01  0.000000E+00  2.458222E-02 -1.173715E-03
207  1.42150339E-03 -1.300000E+01  0.000000E+00  2.573581E-02 -1.229210E-03
208  1.48977395E-03 -1.300000E+01  0.000000E+00  2.694200E-02 -1.287263E-03
209  1.56129812E-03 -1.300000E+01  0.000000E+00  2.820306E-02 -1.347986E-03
210  1.63622914E-03 -1.300000E+01  0.000000E+00  2.952133E-02 -1.411498E-03
211  1.71472732E-03 -1.300000E+01  0.000000E+00  3.089925E-02 -1.477920E-03
212  1.79696040E-03 -1.300000E+01  0.000000E+00  3.233932E-02 -1.547380E-03
213  1.88310386E-03 -1.300000E+01  0.000000E+00  3.384416E-02 -1.620011E-03
214  1.97334124E-03 -1.300000E+01  0.000000E+00  3.541647E-02 -1.695949E-03
215  2.06786455E-03 -1.300000E+01  0.000000E+00  3.705903E-02 -1.775336E-03
216  2.16687461E-03 -1.300000E+01  0.000000E+00  3.877474E-02 -1.858322E-03
217  2.27058146E-03 -1.300000E+01  0.000000E+00  4.056657E-02 -1.945058E-03
218  2.37920475E-03 -1.300000E+01  0.000000E+00  4.243760E-02 -2.035705E-03
219  2.49297419E-03 -1.300000E+01  0.000000E+00  4.439099E-02 -2.130426E-03
220  2.61213000E-03 -1.300000E+01  0.000000E+00  4.643001E-02 -2.229392E-03
221  2.73692331E-03 -1.300000E+01  0.000000E+00  4.855803E-02 -2.332780E-03
222  2.86761674E-03 -1.300000E+01  0.000000E+00  5.077850E-02 -2.440772E-03
223  3.00448481E-03 -1.300000E+01  0.000000E+00  5.309496E-02 -2.553556E-03
224  3.14781452E-03 -1.300000E+01  0.000000E+00  5.551106E-02 -2.671328E-03
225  3.29790588E-03 -1.300000E+01  0.000000E+00  5.803053E-02 -2.794288E-03
226  3.45507246E-03 -1.300000E+01  0.000000E+00  6.065717E-02 -2.922644E-03
227  3.61964199E-03 -1.300000E+01  0.000000E+00  6.339490E-02 -3.056608E-03
228  3.79195699E-03 -1.300000E+01  0.000000E+00  6.624768E-02 -3.196402E-03
229  3.97237537E-03 -1.300000E+01  0.000000E+00  6.921956E-02 -3.342250E-03
230  4.16127111E-03 -1.300000E+01  0.000000E+00  7.231466E-02 -3.494385E-03
231  4.35903499E-03 -1.300000E+01  0.000000E+00  7.553715E-02 -3.653045E-03
232  4.56607523E-03 -1.300000E+01  0.000000E+00  7.889124E-02 -3.818474E-03
233  4.78281830E-03 -1.300000E+01  0.000000E+00  8.238121E-02 -3.990923E-03
234  5.00970966E-03 -1.300000E+01  0.000000E+00  8.601134E-02 -4.170646E-03
235  5.24721457E-03 -1.300000E+01  0.000000E+00  8.978593E-02 -4.357905E-03
236  5.49581894E-03 -1.300000E+01  0.000000E+00  9.370929E-02 -4.552965E-03
237  5.75603019E-03 -1.300000E+01  0.000000E+00  9.778571E-02 -4.756097E-03
238  6.02837814E-03 -1.300000E+01  0.000000E+00  1.020194E-01 -4.967574E-03
239  6.31341596E-03 -1.300000E+01  0.000000E+00  1.064147E-01 -5.187676E-03
240  6.61172115E-03 -1.300000E+01  0.000000E+00  1.109756E-01 -5.416684E-03
241  6.92389651E-03 -1.300000E+01  0.000000E+00  1.157061E-01 -5.654880E-03
242  7.25057123E-03 -1.300000E+01  0.000000E+00  1.206101E-01 -5.902552E-03
243  7.59240195E-03 -1.300000E+01  0.000000E+00  1.256914E-01 -6.159983E-03
244  7.95007388E-03 -1.300000E+01  0.000000E+00  1.309535E-01 -6.427462E-03
245  8.32430199E-03 -1.300000E+01  0.000000E+00  1.363996E-01 -6.705272E-03
246  8.71583219E-03 -1.300000E+01  0.000000E+00  1.420329E-01 -6.993695E-03
247  9.12544259E-03 -1.300000E+01  0.000000E+00  1.478558E-01 -7.293011E-03
248  9.55394481E-03 -1.300000E+01  0.000000E+00  1.538709E-01 -7.603493E-03
249  1.00021853E-02 -1.300000E+01  0.000000E+00  1.600800E-01 -7.925406E-03
250  1.04710467E-02 -1.300000E+01  0.000000E+00  1.664844E-01 -8.259010E-03
251  1.09614495E-02 -1.300000E+01  0.000000E+00  1.730851E-01 -8.604551E-03
252  1.14743530E-02 -1.300000E+01  0.000000E+00  1.798824E-01 -8.962264E-03
253  1.20107575E-02 -1.300000E+01  0.000000E+00  1.868758E-01 -9.332369E-03
254  1.25717054E-02 -1.300000E+01  0.000000E+00  1.940641E-01 -9.715067E-03
255  1.31582831E-02 -1.300000E+01  0.000000E+00  2.014453E-01 -1.011054E-02
256  1.37716227E-02 -1.300000E+01  0.000000E+00  2.090165E-01 -1.051895E-02
257  1.44129035E-02 -1.300000E+01  0.000000E+00  2.167737E-01 -1.094042E-02
258  1.50833540E-02 -1.300000E+01  0.000000E+00  2.247117E-01 -1.137506E-02
259  1.57842538E-02 -1.300000E+01  0.000000E+00  2.328243E-01 -1.182293E-02
260  1.65169355E-02 -1.300000E+01  0.000000E+00  2.411037E-01 -1.228407E-02
261  1.72827866E-02 -1.300000E+01  0.000000E+00  2.495407E-01 -1.275847E-02
262  1.80832516E-02 -1.300000E+01  0.000000E+00  2.581247E-01 -1.324605E-02
263  1.89198342E-02 -1.300000E+01  0.000000E+00  2.668431E-01 -1.374673E-02
264  1.97940993E-02 -1.300000E+01  0.000000E+00  2.756816E-01 -1.426033E-02
265  2.07076754E-02 -1.300000E+01  0.000000E+00  2.846239E-01 -1.478662E-02
266  2.16622567E-02 -1.300000E+01  0.000000E+00  2.936515E-01 -1.532530E-02
267  2.26596057E-02 -1.300000E+01  0.000000E+00  3.027437E-01 -1.587602E-02
268  2.37015556E-02 -1.300000E+01  0.000000E+00  3.118772E-01 -1.643832E-02
269  2.47900127E-02 -1.300000E+01  0.000000E+00  3.210262E-01 -1.701167E-02
270  2.59269589E-02 -1.300000E+01  0.000000E+00  3.301621E-01 -1.759544E-02
271  2.71144545E-02 -1.300000E+01  0.000000E+00  3.392536E-01 -1.818890E-02
272  2.83546410E-02 -1.300000E+01  0.000000E+00  3.482660E-01 -1.879123E-02
273  2.96497436E-02 -1.300000E+01  0.000000E+00  3.571616E-01 -1.940147E-02
274  3.10020744E-02 -1.300000E+01  0.000000E+00  3.658992E-01 -2.001856E-02
275  3.24140348E-02 -1.300000E+01  0.000000E+00  3.744344E-01 -2.064130E-02
276  3.38881192E-02 -1.300000E+01  0.000000E+00  3.827189E-01 -2.126836E-02
277  3.54269175E-02 -1.300000E+01  0.000000E+00  3.907007E-01 -2.189826E-02
278  3.70331184E-02 -1.300000E+01  0.000000E+00  3.983243E-01 -2.252939E-02
279  3.87095127E-02 -1.300000E+01  0.000000E+00  4.055299E-01 -2.315995E-02
280  4.04589965E-02 -1.300000E+01  0.000000E+00  4.122540E-01 -2.378800E-02
281  4.22845747E-02 -1.300000E+01  0.000000E+00  4.184293E-01 -2.441143E-02
282  4.41893640E-02 -1.300000E+01  0.000000E+00  4.239843E-01 -2.502796E-02
283  4.61765970E-02 -1.300000E+01  0.000000E+00  4.288438E-01 -2.563512E-02
284  4.82496253E-02 -1.300000E+01  0.000000E+00  4.329291E-01 -2.623025E-02
285  5.04119233E-02 -1.300000E+01  0.000000E+00  4.361576E-01 -2.681054E-02
286  5.26670917E-02 -1.300000E+01  0.000000E+00  4.384435E-01 -2.737297E-02
287  5.50188616E-02 -1.300000E+01  0.000000E+00  4.396979E-01 -2.791433E-02
288  5.74710982E-02 -1.300000E+01  0.000000E+00  4.398295E-01 -2.843125E-02
289  6.00278044E-02 -1.300000E+01  0.000000E+00  4.387443E-01 -2.892017E-02
290  6.26931250E-02 -1.300000E+01  0.000000E+00  4.363471E-01 -2.937736E-02
291  6.54713509E-02 -1.300000E+01  0.000000E+00  4.325413E-01 -2.979893E-02
292  6.83669226E-02 -1.300000E+01  0.000000E+00  4.272301E-01 -3.018084E-02
293  7.13844348E-02 -1.300000E+01  0.000000E+00  4.203172E-01 -3.051892E-02
294  7.45286403E-02 -1.300000E+01  0.000000E+00  4.117077E-01 -3.080887E-02
295  7.78044544E-02 -1.300000E+01  0.000000E+00  4.013093E-01 -3.104631E-02
296  8.12169590E-02 -1.300000E+01  0.000000E+00  3.890334E-01 -3.122678E-02
297  8.47714068E-02 -1.300000E+01  0.000000E+00  3.747963E-01 -3.134579E-02
298  8.84732260E-02 -1.300000E+01  0.000000E+00  3.585211E-01 -3.139882E-02
299  9.23280241E-02 -1.300000E+01  0.000000E+00  3.401385E-01 -3.138140E-02
300  9.63415929E-02 -1.300000E+01  0.000000E+00  3.195894E-01 -3.128913E-02
301  1.00519913E-01 -1.300000E+01  0.000000E+00  2.968260E-01 -3.111772E-02
302  1.04869156E-01 -1.300000E+01  0.000000E+00  2.718139E-01 -3.086305E-02
303  1.09395694E-01 -1.300000E+01  0.000000E+00  2.445343E-01 -3.052122E-02
304  1.14106098E-01 -1.300000E+01  0.000000E+00  2.149857E-01 -3.008863E-02
305  1.19007147E-01 -1.300000E+01  0.000000E+00  1.831865E-01 -2.956199E-02
306  1.24105829E-01 -1.300000E+01  0.000000E+00  1.491768E-01 -2.893846E-02
307  1.29409350E-01 -1.300000E+01  0.000000E+00  1.130206E-01 -2.821566E-02
308  1.34925134E-01 -1.300000E+01  0.000000E+00  7.480808E-02 -2.739176E-02
309  1.40660828E-01 -1.300000E+01  0.000000E+00  3.465743E-02 -2.646556E-02
310  1.46624309E-01 -1.300000E+01  0.000000E+00 -7.283096E-03 -2.543655E-02
311  1.52823687E-01 -1.300000E+01  0.000000E+00 -5.083353E-02 -2.430500E-02
312  1.59267310E-01 -1.300000E+01  0.000000E+00 -9.578066E-02 -2.307203E-02
313  1.65963766E-01 -1.300000E+01  0.000000E+00 -1.418769E-01 -2.173964E-02
314  1.72921890E-01 -1.300000E+01  0.000000E+00 -1.888393E-01 -2.031084E-02
315  1.80150766E-01 -1.300000E+01  0.000000E+00 -2.363493E-01 -1.878965E-02
316  1.87659733E-01 -1.300000E+01  0.000000E+00 -2.840529E-01 -1.718116E-02
317  1.95458391E-01 -1.300000E+01  0.000000E+00 -3.315609E-01 -1.549160E-02
318  2.03556598E-01 -1.300000E+01  0.000000E+00 -3.784509E-01 -1.372832E-02
319  2.11964481E-01 -1.300000E+01  0.000000E+00 -4.242685E-01 -1.189986E-02
320  2.20692436E-01 -1.300000E+01  0.000000E+00 -4.685307E-01 -1.001588E-02
321  2.29751136E-01 -1.300000E+01  0.000000E+00 -5.107292E-01 -8.087197E-03
322  2.39151527E-01 -1.300000E+01  0.000000E+00 -5.503347E-01 -6.125697E-03
323  2.48904841E-01 -1.300000E+01  0.000000E+00 -5.868027E-01 -4.144315E-03
324  2.59022590E-01 -1.300000E+01  0.000000E+00 -6.195789E-01 -2.156923E-03
325  2.69516578E-01 -1.300000E+01  0.000000E+00 -6.481072E-01 -1.782343E-04
326  2.80398899E-01 -1.300000E+01  0.000000E+00 -6.718367E-01  1.776331E-03
327  2.91681939E-01 -1.300000E+01  0.000000E+00 -6.902310E-01  3.690803E-03
328  3.03378384E-01 -1.300000E+01  0.000000E+00 -7.027773E-01  5.548839E-03
329  3.15501218E-01 -1.300000E+01  0.000000E+00 -7.089964E-01  7.333925E-03
330  3.28063729E-01 -1.300000E+01  0.000000E+00 -7.084532E-01  9.029596E-03
331  3.41079507E-01 -1.300000E+01  0.000000E+00 -7.007671E-01  1.061968E-02
332  3.54562453E-01 -1.300000E+01  0.000000E+00 -6.856229E-01  1.208855E-02
333  3.68526775E-01 -1.300000E+01  0.000000E+00 -6.627809E-01  1.342138E-02
334  3.82986991E-01 -1.300000E+01  0.000000E+00 -6.320875E-01  1.460444E-02
335  3.97957934E-01 -1.300000E+01  0.000000E+00 -5.934838E-01  1.562533E-02
336  4.13454750E-01 -1.300000E+01  0.000000E+00 -5.470143E-01  1.647329E-02
337  4.29492900E-01 -1.300000E+01  0.000000E+00 -4.928333E-01  1.713940E-02
338  4.46088164E-01 -1.300000E+01  0.000000E+00 -4.312106E-01  1.761686E-02
339  4.63256637E-01 -1.300000E+01  0.000000E+00 -3.625345E-01  1.790119E-02
340  4.81014734E-01 -1.300000E+01  0.000000E+00 -2.873128E-01  1.799035E-02
341  4.99379189E-01 -1.300000E+01  0.000000E+00 -2.061716E-01  1.788495E-02
342  5.18367053E-01 -1.300000E+01  0.000000E+00 -1.198510E-01  1.758830E-02
343  5.37995698E-01 -1.300000E+01  0.000000E+00 -2.919871E-02  1.710643E-02
344  5.58282814E-01 -1.300000E+01  0.000000E+00  6.483998E-02  1.644810E-02
345  5.79246411E-01 -1.300000E+01  0.000000E+00  1.612343E-01  1.562469E-02
346  6.00904814E-01 -1.300000E+01  0.000000E+00  2.588830E-01  1.465009E-02
347  6.23276667E-01 -1.300000E+01  0.000000E+00  3.566323E-01  1.354046E-02
348  6.46380930E-01 -1.300000E+01  0.000000E+00  4.532952E-01  1.231401E-02
349  6.70236877E-01 -1.300000E+01  0.000000E+00  5.476730E-01  1.099066E-02
350  6.94864095E-01 -1.300000E+01  0.000000E+00  6.385785E-01  9.591655E-03
351  7.20282482E-01 -1.300000E+01  0.000000E+00  7.248593E-01  8.139217E-03
352  7.46512246E-01 -1.300000E+01  0.000000E+00  8.054215E-01  6.656055E-03
353  7.73573902E-01 -1.300000E+01  0.000000E+00  8.792530E-01  5.164935E-03
354  8.01488269E-01 -1.300000E+01  0.000000E+00  9.454453E-01  3.688207E-03
355  8.30276467E-01 -1.300000E+01  0.000000E+00  1.003214E+00  2.247349E-03
356  8.59959917E-01 -1.300000E+01  0.000000E+00  1.051915E+00  8.625253E-04
357  8.90560333E-01 -1.300000E+01  0.000000E+00  1.091061E+00 -4.478212E-04
358  9.22099725E-01 -1.300000E+01  0.000000E+00  1.120331E+00 -1.667318E-03
359  9.54600389E-01 -1.300000E+01  0.000000E+00  1.139575E+00 -2.782007E-03
360  9.88084907E-01 -1.300000E+01  0.000000E+00  1.148819E+00 -3.780560E-03
361  1.02257614E+00 -1.300000E+01  0.000000E+00  1.148261E+00 -4.654425E-03
362  1.05809724E+00 -1.300000E+01  0.000000E+00  1.138265E+00 -5.397953E-03
363  1.09467160E+00 -1.300000E+01  0.000000E+00  1.119350E+00 -6.008391E-03
364  1.13232292E+00 -1.300000E+01  0.000000E+00  1.092170E+00 -6.485809E-03
365  1.17107513E+00 -1.300000E+01  0.000000E+00  1.057505E+00 -6.832961E-03
366  1.21095244E+00 -1.300000E+01  0.000000E+00  1.016229E+00 -7.055059E-03
367  1.25197931E+00 -1.300000E+01  0.000000E+00  9.692923E-01 -7.159505E-03
368  1.29418043E+00 -1.300000E+01  0.000000E+00  9.176960E-01 -7.155561E-03
369  1.33758077E+00 -1.300000E+01  0.000000E+00  8.624645E-01 -7.053988E-03
370  1.38220549E+00 -1.300000E+01  0.000000E+00  8.046218E-01 -6.866662E-03
371  1.42808003E+00 -1.300000E+01  0.000000E+00  7.451672E-01 -6.606181E-03
372  1.47523001E+00 -1.300000E+01  0.000000E+00  6.850534E-01 -6.285478E-03
373  1.52368131E+00 -1.300000E+01  0.000000E+00  6.251673E-01 -5.917459E-03
374  1.57345999E+00 -1.300000E+01  0.000000E+00  5.663137E-01 -5.514657E-03
375  1.62459235E+00 -1.300000E+01  0.000000E+00  5.092028E-01 -5.088947E-03
376  1.67710486E+00 -1.300000E+01  0.000000E+00  4.544412E-01 -4.651287E-03
377  1.73102421E+00 -1.300000E+01  0.000000E+00  4.025270E-01 -4.211534E-03
378  1.78637726E+00 -1.300000E+01  0.000000E+00  3.538479E-01 -3.778298E-03
379  1.84319106E+00 -1.300000E+01  0.000000E+00  3.086837E-01 -3.358859E-03
380  1.90149284E+00 -1.300000E+01  0.000000E+00  2.672112E-01 -2.959139E-03
381  1.96130999E+00 -1.300000E+01  0.000000E+00  2.295117E-01 -2.583715E-03
382  2.02267008E+00 -1.300000E+01  0.000000E+00  1.955807E-01 -2.235883E-03
383  2.08560080E+00 -1.300000E+01  0.000000E+00  1.653395E-01 -1.917750E-03
384  2.15013003E+00 -1.300000E+01  0.000000E+00  1.386465E-01 -1.630355E-03
385  2.21628576E+00 -1.300000E+01  0.000000E+00  1.153105E-01 -1.373813E-03
386  2.28409613E+00 -1.300000E+01  0.000000E+00  9.510226E-02 -1.147461E-03
387  2.35358941E+00 -1.300000E+01  0.000000E+00  7.776636E-02 -9.500144E-04
388  2.42479397E+00 -1.300000E+01  0.000000E+00  6.303195E-02 -7.797195E-04
389  2.49773832E+00 -1.300000E+01  0.000000E+00  5.062202E-02 -6.344943E-04
390  2.57245107E+00 -1.300000E+01  0.000000E+00  4.026134E-02 -5.120597E-04
391  2.64896092E+00 -1.300000E+01  0.000000E+00  3.168279E-02 -4.100551E-04
392  2.72729668E+00 -1.300000E+01  0.000000E+00  2.463202E-02 -3.261376E-04
393  2.80748722E+00 -1.300000E+01  0.000000E+00  1.887053E-02 -2.580662E-04
394  2.88956153E+00 -1.300000E+01  0.000000E+00  1.417703E-02 -2.037716E-04
395  2.97354863E+00 -1.300000E+01  0.000000E+00  1.034713E-02 -1.614151E-04
396  3.05947764E+00 -1.300000E+01  0.000000E+00  7.191398E-03 -1.294415E-04
397  3.14737773E+00 -1.300000E+01  0.000000E+00  4.531410E-03 -1.066325E-04
398  3.23727811E+00 -1.300000E+01  0.000000E+00  2.193585E-03 -9.221481E-05
399  3.32920804E+00 -1.300000E+01  0.000000E+00  0.000000E+00  0.000000E+00
