#      n =  1
#  kappa = -1
# energy = -4.93547718E+03
#     vc = -9.91906541E+03


0    5.26315789E-08 -1.950521E-02  0.000000E+00  0.000000E+00  5.671344E-02
1    5.51971829E-08 -2.045602E-02  0.000000E+00  4.543027E-07  5.671344E-02
2    5.78878439E-08 -2.145318E-02  0.000000E+00  9.307499E-07  5.407734E-02
3    6.07096569E-08 -2.249894E-02  0.000000E+00  1.430421E-06  5.156380E-02
4    6.36690144E-08 -2.359568E-02  0.000000E+00  1.954447E-06  4.916710E-02
5    6.67726201E-08 -2.474587E-02  0.000000E+00  2.504016E-06  4.688180E-02
6    7.00275043E-08 -2.595212E-02  0.000000E+00  3.080373E-06  4.470273E-02
7    7.34410402E-08 -2.721718E-02  0.000000E+00  3.684822E-06  4.262495E-02
8    7.70209600E-08 -2.854389E-02  0.000000E+00  4.318734E-06  4.064375E-02
9    8.07753729E-08 -2.993527E-02  0.000000E+00  4.983545E-06  3.875464E-02
10   8.47127833E-08 -3.139447E-02  0.000000E+00  5.680759E-06  3.695334E-02
11   8.88421097E-08 -3.292479E-02  0.000000E+00  6.411957E-06  3.523577E-02
12   9.31727056E-08 -3.452971E-02  0.000000E+00  7.178794E-06  3.359804E-02
13   9.77143800E-08 -3.621284E-02  0.000000E+00  7.983008E-06  3.203644E-02
14   1.02477420E-07 -3.797802E-02  0.000000E+00  8.826420E-06  3.054742E-02
15   1.07472614E-07 -3.982923E-02  0.000000E+00  9.710941E-06  2.912761E-02
16   1.12711275E-07 -4.177067E-02  0.000000E+00  1.063857E-05  2.777380E-02
17   1.18205270E-07 -4.380674E-02  0.000000E+00  1.161142E-05  2.648292E-02
18   1.23967041E-07 -4.594204E-02  0.000000E+00  1.263168E-05  2.525204E-02
19   1.30009639E-07 -4.818141E-02  0.000000E+00  1.370167E-05  2.407837E-02
20   1.36346749E-07 -5.052993E-02  0.000000E+00  1.482381E-05  2.295926E-02
21   1.42992722E-07 -5.299292E-02  0.000000E+00  1.600064E-05  2.189216E-02
22   1.49962612E-07 -5.557594E-02  0.000000E+00  1.723483E-05  2.087467E-02
23   1.57272203E-07 -5.828486E-02  0.000000E+00  1.852917E-05  1.990447E-02
24   1.64938048E-07 -6.112580E-02  0.000000E+00  1.988659E-05  1.897936E-02
25   1.72977509E-07 -6.410521E-02  0.000000E+00  2.131017E-05  1.809726E-02
26   1.81408792E-07 -6.722982E-02  0.000000E+00  2.280314E-05  1.725616E-02
27   1.90250991E-07 -7.050671E-02  0.000000E+00  2.436886E-05  1.645415E-02
28   1.99524128E-07 -7.394330E-02  0.000000E+00  2.601090E-05  1.568942E-02
29   2.09249204E-07 -7.754738E-02  0.000000E+00  2.773296E-05  1.496024E-02
30   2.19448239E-07 -8.132711E-02  0.000000E+00  2.953894E-05  1.426495E-02
31   2.30144331E-07 -8.529103E-02  0.000000E+00  3.143295E-05  1.360198E-02
32   2.41361697E-07 -8.944814E-02  0.000000E+00  3.341925E-05  1.296982E-02
33   2.53125738E-07 -9.380784E-02  0.000000E+00  3.550236E-05  1.236704E-02
34   2.65463092E-07 -9.838000E-02  0.000000E+00  3.768699E-05  1.179229E-02
35   2.78401692E-07 -1.031750E-01  0.000000E+00  3.997808E-05  1.124424E-02
36   2.91970835E-07 -1.082036E-01  0.000000E+00  4.238082E-05  1.072167E-02
37   3.06201244E-07 -1.134773E-01  0.000000E+00  4.490066E-05  1.022339E-02
38   3.21125136E-07 -1.190080E-01  0.000000E+00  4.754329E-05  9.748269E-03
39   3.36776300E-07 -1.248082E-01  0.000000E+00  5.031471E-05  9.295231E-03
40   3.53190171E-07 -1.308910E-01  0.000000E+00  5.322118E-05  8.863249E-03
41   3.70403907E-07 -1.372703E-01  0.000000E+00  5.626928E-05  8.451345E-03
42   3.88456480E-07 -1.439604E-01  0.000000E+00  5.946593E-05  8.058586E-03
43   4.07388756E-07 -1.509765E-01  0.000000E+00  6.281834E-05  7.684082E-03
44   4.27243594E-07 -1.583345E-01  0.000000E+00  6.633411E-05  7.326984E-03
45   4.48065939E-07 -1.660510E-01  0.000000E+00  7.002121E-05  6.986483E-03
46   4.69902925E-07 -1.741434E-01  0.000000E+00  7.388797E-05  6.661808E-03
47   4.92803982E-07 -1.826302E-01  0.000000E+00  7.794315E-05  6.352222E-03
48   5.16820947E-07 -1.915305E-01  0.000000E+00  8.219592E-05  6.057025E-03
49   5.42008181E-07 -2.008644E-01  0.000000E+00  8.665592E-05  5.775548E-03
50   5.68422692E-07 -2.106531E-01  0.000000E+00  9.133323E-05  5.507153E-03
51   5.96124264E-07 -2.209187E-01  0.000000E+00  9.623845E-05  5.251231E-03
52   6.25175592E-07 -2.316844E-01  0.000000E+00  1.013827E-04  5.007203E-03
53   6.55642424E-07 -2.429746E-01  0.000000E+00  1.067775E-04  4.774516E-03
54   6.87593709E-07 -2.548148E-01  0.000000E+00  1.124353E-04  4.552643E-03
55   7.21101754E-07 -2.672318E-01  0.000000E+00  1.183687E-04  4.341081E-03
56   7.56242384E-07 -2.802537E-01  0.000000E+00  1.245911E-04  4.139350E-03
57   7.93095118E-07 -2.939099E-01  0.000000E+00  1.311168E-04  3.946994E-03
58   8.31743346E-07 -3.082313E-01  0.000000E+00  1.379603E-04  3.763577E-03
59   8.72274515E-07 -3.232503E-01  0.000000E+00  1.451373E-04  3.588683E-03
60   9.14780332E-07 -3.390008E-01  0.000000E+00  1.526640E-04  3.421915E-03
61   9.59356967E-07 -3.555184E-01  0.000000E+00  1.605573E-04  3.262896E-03
62   1.00610527E-06 -3.728405E-01  0.000000E+00  1.688351E-04  3.111266E-03
63   1.05513100E-06 -3.910061E-01  0.000000E+00  1.775163E-04  2.966681E-03
64   1.10654507E-06 -4.100563E-01  0.000000E+00  1.866203E-04  2.828813E-03
65   1.16046379E-06 -4.300342E-01  0.000000E+00  1.961678E-04  2.697350E-03
66   1.21700911E-06 -4.509849E-01  0.000000E+00  2.061804E-04  2.571994E-03
67   1.27630894E-06 -4.729555E-01  0.000000E+00  2.166808E-04  2.452461E-03
68   1.33849741E-06 -4.959959E-01  0.000000E+00  2.276926E-04  2.338479E-03
69   1.40371517E-06 -5.201578E-01  0.000000E+00  2.392408E-04  2.229791E-03
70   1.47210972E-06 -5.454959E-01  0.000000E+00  2.513516E-04  2.126149E-03
71   1.54383573E-06 -5.720673E-01  0.000000E+00  2.640522E-04  2.027320E-03
72   1.61905541E-06 -5.999319E-01  0.000000E+00  2.773715E-04  1.933078E-03
73   1.69793884E-06 -6.291524E-01  0.000000E+00  2.913394E-04  1.843211E-03
74   1.78066439E-06 -6.597947E-01  0.000000E+00  3.059877E-04  1.757514E-03
75   1.86741912E-06 -6.919279E-01  0.000000E+00  3.213494E-04  1.675793E-03
76   1.95839916E-06 -7.256241E-01  0.000000E+00  3.374592E-04  1.597862E-03
77   2.05381020E-06 -7.609593E-01  0.000000E+00  3.543537E-04  1.523545E-03
78   2.15386793E-06 -7.980129E-01  0.000000E+00  3.720708E-04  1.452672E-03
79   2.25879853E-06 -8.368680E-01  0.000000E+00  3.906508E-04  1.385083E-03
80   2.36883918E-06 -8.776121E-01  0.000000E+00  4.101355E-04  1.320625E-03
81   2.48423861E-06 -9.203364E-01  0.000000E+00  4.305691E-04  1.259150E-03
82   2.60525762E-06 -9.651368E-01  0.000000E+00  4.519976E-04  1.200519E-03
83   2.73216971E-06 -1.012114E+00  0.000000E+00  4.744696E-04  1.144598E-03
84   2.86526168E-06 -1.061372E+00  0.000000E+00  4.980357E-04  1.091259E-03
85   3.00483426E-06 -1.113022E+00  0.000000E+00  5.227492E-04  1.040383E-03
86   3.15120282E-06 -1.167179E+00  0.000000E+00  5.486660E-04  9.918511E-04
87   3.30469804E-06 -1.223964E+00  0.000000E+00  5.758445E-04  9.455538E-04
88   3.46566669E-06 -1.283504E+00  0.000000E+00  6.043461E-04  9.013848E-04
89   3.63447240E-06 -1.345929E+00  0.000000E+00  6.342352E-04  8.592430E-04
90   3.81149647E-06 -1.411381E+00  0.000000E+00  6.655793E-04  8.190316E-04
91   3.99713872E-06 -1.480002E+00  0.000000E+00  6.984492E-04  7.806581E-04
92   4.19181842E-06 -1.551946E+00  0.000000E+00  7.329190E-04  7.440341E-04
93   4.39597520E-06 -1.627370E+00  0.000000E+00  7.690665E-04  7.090749E-04
94   4.61007005E-06 -1.706441E+00  0.000000E+00  8.069732E-04  6.756995E-04
95   4.83458638E-06 -1.789333E+00  0.000000E+00  8.467249E-04  6.438302E-04
96   5.07003106E-06 -1.876227E+00  0.000000E+00  8.884110E-04  6.133925E-04
97   5.31693559E-06 -1.967312E+00  0.000000E+00  9.321256E-04  5.843151E-04
98   5.57585731E-06 -2.062787E+00  0.000000E+00  9.779673E-04  5.565293E-04
99   5.84738060E-06 -2.162858E+00  0.000000E+00  1.026039E-03  5.299692E-04
100  6.13211823E-06 -2.267741E+00  0.000000E+00  1.076450E-03  5.045714E-04
101  6.43071273E-06 -2.377662E+00  0.000000E+00  1.129314E-03  4.802746E-04
102  6.74383784E-06 -2.492854E+00  0.000000E+00  1.184749E-03  4.570200E-04
103  7.07220000E-06 -2.613562E+00  0.000000E+00  1.242880E-03  4.347503E-04
104  7.41653994E-06 -2.740042E+00  0.000000E+00  1.303839E-03  4.134105E-04
105  7.77763436E-06 -2.872557E+00  0.000000E+00  1.367762E-03  3.929468E-04
106  8.15629766E-06 -3.011383E+00  0.000000E+00  1.434794E-03  3.733072E-04
107  8.55338376E-06 -3.156805E+00  0.000000E+00  1.505086E-03  3.544408E-04
108  8.96978800E-06 -3.309121E+00  0.000000E+00  1.578794E-03  3.362978E-04
109  9.40644921E-06 -3.468637E+00  0.000000E+00  1.656086E-03  3.188296E-04
110  9.86435173E-06 -3.635670E+00  0.000000E+00  1.737135E-03  3.019882E-04
111  1.03445277E-05 -3.810550E+00  0.000000E+00  1.822123E-03  2.857263E-04
112  1.08480592E-05 -3.993615E+00  0.000000E+00  1.911241E-03  2.699968E-04
113  1.13760809E-05 -4.185213E+00  0.000000E+00  2.004689E-03  2.547532E-04
114  1.19297825E-05 -4.385702E+00  0.000000E+00  2.102676E-03  2.399487E-04
115  1.25104114E-05 -4.595448E+00  0.000000E+00  2.205424E-03  2.255367E-04
116  1.31192754E-05 -4.814826E+00  0.000000E+00  2.313161E-03  2.114700E-04
117  1.37577457E-05 -5.044215E+00  0.000000E+00  2.426129E-03  1.977008E-04
118  1.44272600E-05 -5.284003E+00  0.000000E+00  2.544581E-03  1.841806E-04
119  1.51293256E-05 -5.534578E+00  0.000000E+00  2.668782E-03  1.708600E-04
120  1.58655230E-05 -5.796330E+00  0.000000E+00  2.799010E-03  1.576880E-04
121  1.66375092E-05 -6.069648E+00  0.000000E+00  2.935555E-03  1.446122E-04
122  1.74470212E-05 -6.354916E+00  0.000000E+00  3.078723E-03  1.315786E-04
123  1.82958805E-05 -6.652510E+00  0.000000E+00  3.228832E-03  1.185308E-04
124  1.91859967E-05 -6.962792E+00  0.000000E+00  3.386217E-03  1.054103E-04
125  2.01193718E-05 -7.286105E+00  0.000000E+00  3.551228E-03  9.215574E-05
126  2.10981046E-05 -7.622769E+00  0.000000E+00  3.724231E-03  7.870297E-05
127  2.21243957E-05 -7.973069E+00  0.000000E+00  3.905611E-03  6.498446E-05
128  2.32005522E-05 -8.337251E+00  0.000000E+00  4.095770E-03  5.092914E-05
129  2.43289925E-05 -8.715506E+00  0.000000E+00  4.295128E-03  3.646202E-05
130  2.55122524E-05 -9.107963E+00  0.000000E+00  4.504127E-03  2.150394E-05
131  2.67529901E-05 -9.514672E+00  0.000000E+00  4.723226E-03  5.971237E-06
132  2.80539923E-05 -9.935588E+00  0.000000E+00  4.952910E-03 -1.022450E-05
133  2.94181807E-05 -1.037055E+01  0.000000E+00  5.193682E-03 -2.717668E-05
134  3.08486180E-05 -1.081926E+01  0.000000E+00  5.446071E-03 -4.498385E-05
135  3.23485148E-05 -1.128126E+01  0.000000E+00  5.710630E-03 -6.374986E-05
136  3.39212372E-05 -1.175588E+01  0.000000E+00  5.987937E-03 -8.358384E-05
137  3.55703136E-05 -1.224225E+01  0.000000E+00  6.278597E-03 -1.046001E-04
138  3.72994429E-05 -1.273919E+01  0.000000E+00  6.583242E-03 -1.269179E-04
139  3.91125026E-05 -1.324523E+01  0.000000E+00  6.902532E-03 -1.506610E-04
140  4.10135573E-05 -1.375852E+01  0.000000E+00  7.237161E-03 -1.759567E-04
141  4.30068680E-05 -1.427675E+01  0.000000E+00  7.587850E-03 -2.029350E-04
142  4.50969011E-05 -1.479711E+01  0.000000E+00  7.955355E-03 -2.317272E-04
143  4.72883384E-05 -1.531618E+01  0.000000E+00  8.340468E-03 -2.624636E-04
144  4.95860876E-05 -1.582984E+01  0.000000E+00  8.744016E-03 -2.952707E-04
145  5.19952931E-05 -1.633315E+01  0.000000E+00  9.166864E-03 -3.302683E-04
146  5.45213471E-05 -1.682023E+01  0.000000E+00  9.609916E-03 -3.675642E-04
147  5.71699017E-05 -1.728406E+01  0.000000E+00  1.007412E-02 -4.072487E-04
148  5.99468813E-05 -1.771637E+01  0.000000E+00  1.056048E-02 -4.493328E-04
149  6.28584956E-05 -1.810737E+01  0.000000E+00  1.107002E-02 -4.944147E-04
150  6.59112532E-05 -1.844556E+01  0.000000E+00  1.160385E-02 -5.481240E-04
151  6.91119762E-05 -1.871740E+01  0.000000E+00  1.216312E-02 -5.453817E-04
152  7.24678148E-05 -1.890705E+01  0.000000E+00  1.274963E-02 -5.523789E-04
153  7.59862631E-05 -1.899597E+01  0.000000E+00  1.336368E-02 -9.218970E-04
154  7.96751756E-05 -1.900000E+01  0.000000E+00  1.400408E-02 -8.064080E-04
155  8.35427844E-05 -1.900000E+01  0.000000E+00  1.467976E-02 -6.261920E-04
156  8.75977172E-05 -1.900000E+01  0.000000E+00  1.538580E-02 -8.829280E-04
157  9.18490162E-05 -1.900000E+01  0.000000E+00  1.612536E-02 -9.328537E-04
158  9.63061577E-05 -1.900000E+01  0.000000E+00  1.690021E-02 -9.926493E-04
159  1.00979073E-04 -1.900000E+01  0.000000E+00  1.771200E-02 -1.057761E-03
160  1.05878170E-04 -1.900000E+01  0.000000E+00  1.856249E-02 -1.125064E-03
161  1.11014355E-04 -1.900000E+01  0.000000E+00  1.945350E-02 -1.194808E-03
162  1.16399059E-04 -1.900000E+01  0.000000E+00  2.038695E-02 -1.267156E-03
163  1.22044260E-04 -1.900000E+01  0.000000E+00  2.136487E-02 -1.342265E-03
164  1.27962509E-04 -1.900000E+01  0.000000E+00  2.238934E-02 -1.420295E-03
165  1.34166959E-04 -1.900000E+01  0.000000E+00  2.346257E-02 -1.501416E-03
166  1.40671392E-04 -1.900000E+01  0.000000E+00  2.458687E-02 -1.585802E-03
167  1.47490251E-04 -1.900000E+01  0.000000E+00  2.576463E-02 -1.673633E-03
168  1.54638668E-04 -1.900000E+01  0.000000E+00  2.699839E-02 -1.765099E-03
169  1.62132500E-04 -1.900000E+01  0.000000E+00  2.829077E-02 -1.860395E-03
170  1.69988360E-04 -1.900000E+01  0.000000E+00  2.964453E-02 -1.959725E-03
171  1.78223654E-04 -1.900000E+01  0.000000E+00  3.106257E-02 -2.063300E-03
172  1.86856623E-04 -1.900000E+01  0.000000E+00  3.254789E-02 -2.171343E-03
173  1.95906373E-04 -1.900000E+01  0.000000E+00  3.410365E-02 -2.284083E-03
174  2.05392924E-04 -1.900000E+01  0.000000E+00  3.573315E-02 -2.401759E-03
175  2.15337251E-04 -1.900000E+01  0.000000E+00  3.743985E-02 -2.524620E-03
176  2.25761327E-04 -1.900000E+01  0.000000E+00  3.922734E-02 -2.652928E-03
177  2.36688169E-04 -1.900000E+01  0.000000E+00  4.109940E-02 -2.786952E-03
178  2.48141894E-04 -1.900000E+01  0.000000E+00  4.305997E-02 -2.926976E-03
179  2.60147762E-04 -1.900000E+01  0.000000E+00  4.511317E-02 -3.073295E-03
180  2.72732235E-04 -1.900000E+01  0.000000E+00  4.726330E-02 -3.226214E-03
181  2.85923032E-04 -1.900000E+01  0.000000E+00  4.951487E-02 -3.386056E-03
182  2.99749188E-04 -1.900000E+01  0.000000E+00  5.187258E-02 -3.553153E-03
183  3.14241114E-04 -1.900000E+01  0.000000E+00  5.434133E-02 -3.727855E-03
184  3.29430664E-04 -1.900000E+01  0.000000E+00  5.692625E-02 -3.910525E-03
185  3.45351203E-04 -1.900000E+01  0.000000E+00  5.963272E-02 -4.101541E-03
186  3.62037671E-04 -1.900000E+01  0.000000E+00  6.246630E-02 -4.301300E-03
187  3.79526664E-04 -1.900000E+01  0.000000E+00  6.543286E-02 -4.510212E-03
188  3.97856510E-04 -1.900000E+01  0.000000E+00  6.853849E-02 -4.728708E-03
189  4.17067344E-04 -1.900000E+01  0.000000E+00  7.178954E-02 -4.957236E-03
190  4.37201197E-04 -1.900000E+01  0.000000E+00  7.519266E-02 -5.196263E-03
191  4.58302084E-04 -1.900000E+01  0.000000E+00  7.875479E-02 -5.446277E-03
192  4.80416093E-04 -1.900000E+01  0.000000E+00  8.248314E-02 -5.707784E-03
193  5.03591484E-04 -1.900000E+01  0.000000E+00  8.638525E-02 -5.981313E-03
194  5.27878786E-04 -1.900000E+01  0.000000E+00  9.046899E-02 -6.267417E-03
195  5.53330906E-04 -1.900000E+01  0.000000E+00  9.474255E-02 -6.566670E-03
196  5.80003235E-04 -1.900000E+01  0.000000E+00  9.921447E-02 -6.879669E-03
197  6.07953765E-04 -1.900000E+01  0.000000E+00  1.038936E-01 -7.207038E-03
198  6.37243207E-04 -1.900000E+01  0.000000E+00  1.087893E-01 -7.549426E-03
199  6.67935116E-04 -1.900000E+01  0.000000E+00  1.139112E-01 -7.907507E-03
200  7.00096021E-04 -1.900000E+01  0.000000E+00  1.192693E-01 -8.281986E-03
201  7.33795565E-04 -1.900000E+01  0.000000E+00  1.248741E-01 -8.673593E-03
202  7.69106641E-04 -1.900000E+01  0.000000E+00  1.307364E-01 -9.083089E-03
203  8.06105545E-04 -1.900000E+01  0.000000E+00  1.368677E-01 -9.511264E-03
204  8.44872131E-04 -1.900000E+01  0.000000E+00  1.432796E-01 -9.958942E-03
205  8.85489970E-04 -1.900000E+01  0.000000E+00  1.499844E-01 -1.042698E-02
206  9.28046522E-04 -1.900000E+01  0.000000E+00  1.569947E-01 -1.091625E-02
207  9.72633310E-04 -1.900000E+01  0.000000E+00  1.643239E-01 -1.142770E-02
208  1.01934611E-03 -1.900000E+01  0.000000E+00  1.719855E-01 -1.196226E-02
209  1.06828512E-03 -1.900000E+01  0.000000E+00  1.799939E-01 -1.252094E-02
210  1.11955521E-03 -1.900000E+01  0.000000E+00  1.883637E-01 -1.310476E-02
211  1.17326607E-03 -1.900000E+01  0.000000E+00  1.971103E-01 -1.371479E-02
212  1.22953246E-03 -1.900000E+01  0.000000E+00  2.062494E-01 -1.435213E-02
213  1.28847447E-03 -1.900000E+01  0.000000E+00  2.157976E-01 -1.501794E-02
214  1.35021767E-03 -1.900000E+01  0.000000E+00  2.257716E-01 -1.571338E-02
215  1.41489344E-03 -1.900000E+01  0.000000E+00  2.361892E-01 -1.643969E-02
216  1.48263919E-03 -1.900000E+01  0.000000E+00  2.470684E-01 -1.719813E-02
217  1.55359863E-03 -1.900000E+01  0.000000E+00  2.584279E-01 -1.799000E-02
218  1.62792207E-03 -1.900000E+01  0.000000E+00  2.702872E-01 -1.881666E-02
219  1.70576667E-03 -1.900000E+01  0.000000E+00  2.826661E-01 -1.967950E-02
220  1.78729679E-03 -1.900000E+01  0.000000E+00  2.955851E-01 -2.057994E-02
221  1.87268429E-03 -1.900000E+01  0.000000E+00  3.090656E-01 -2.151946E-02
222  1.96210884E-03 -1.900000E+01  0.000000E+00  3.231290E-01 -2.249958E-02
223  2.05575828E-03 -1.900000E+01  0.000000E+00  3.377980E-01 -2.352186E-02
224  2.15382899E-03 -1.900000E+01  0.000000E+00  3.530952E-01 -2.458788E-02
225  2.25652624E-03 -1.900000E+01  0.000000E+00  3.690444E-01 -2.569930E-02
226  2.36406460E-03 -1.900000E+01  0.000000E+00  3.856695E-01 -2.685779E-02
227  2.47666830E-03 -1.900000E+01  0.000000E+00  4.029951E-01 -2.806506E-02
228  2.59457170E-03 -1.900000E+01  0.000000E+00  4.210464E-01 -2.932287E-02
229  2.71801970E-03 -1.900000E+01  0.000000E+00  4.398490E-01 -3.063300E-02
230  2.84726821E-03 -1.900000E+01  0.000000E+00  4.594288E-01 -3.199726E-02
231  2.98258459E-03 -1.900000E+01  0.000000E+00  4.798125E-01 -3.341750E-02
232  3.12424816E-03 -1.900000E+01  0.000000E+00  5.010269E-01 -3.489560E-02
233  3.27255074E-03 -1.900000E+01  0.000000E+00  5.230990E-01 -3.643343E-02
234  3.42779711E-03 -1.900000E+01  0.000000E+00  5.460563E-01 -3.803292E-02
235  3.59030564E-03 -1.900000E+01  0.000000E+00  5.699263E-01 -3.969597E-02
236  3.76040879E-03 -1.900000E+01  0.000000E+00  5.947367E-01 -4.142453E-02
237  3.93845376E-03 -1.900000E+01  0.000000E+00  6.205152E-01 -4.322051E-02
238  4.12480307E-03 -1.900000E+01  0.000000E+00  6.472894E-01 -4.508584E-02
239  4.31983522E-03 -1.900000E+01  0.000000E+00  6.750867E-01 -4.702244E-02
240  4.52394534E-03 -1.900000E+01  0.000000E+00  7.039342E-01 -4.903217E-02
241  4.73754592E-03 -1.900000E+01  0.000000E+00  7.338583E-01 -5.111691E-02
242  4.96106745E-03 -1.900000E+01  0.000000E+00  7.648853E-01 -5.327846E-02
243  5.19495922E-03 -1.900000E+01  0.000000E+00  7.970403E-01 -5.551859E-02
244  5.43969010E-03 -1.900000E+01  0.000000E+00  8.303476E-01 -5.783897E-02
245  5.69574928E-03 -1.900000E+01  0.000000E+00  8.648304E-01 -6.024124E-02
246  5.96364713E-03 -1.900000E+01  0.000000E+00  9.005105E-01 -6.272691E-02
247  6.24391608E-03 -1.900000E+01  0.000000E+00  9.374082E-01 -6.529738E-02
248  6.53711146E-03 -1.900000E+01  0.000000E+00  9.755419E-01 -6.795395E-02
249  6.84381244E-03 -1.900000E+01  0.000000E+00  1.014928E+00 -7.069776E-02
250  7.16462297E-03 -1.900000E+01  0.000000E+00  1.055580E+00 -7.352976E-02
251  7.50017280E-03 -1.900000E+01  0.000000E+00  1.097510E+00 -7.645076E-02
252  7.85111845E-03 -1.900000E+01  0.000000E+00  1.140725E+00 -7.946132E-02
253  8.21814426E-03 -1.900000E+01  0.000000E+00  1.185232E+00 -8.256179E-02
254  8.60196355E-03 -1.900000E+01  0.000000E+00  1.231030E+00 -8.575226E-02
255  9.00331964E-03 -1.900000E+01  0.000000E+00  1.278117E+00 -8.903251E-02
256  9.42298708E-03 -1.900000E+01  0.000000E+00  1.326486E+00 -9.240204E-02
257  9.86177286E-03 -1.900000E+01  0.000000E+00  1.376124E+00 -9.585998E-02
258  1.03205176E-02 -1.900000E+01  0.000000E+00  1.427013E+00 -9.940509E-02
259  1.08000968E-02 -1.900000E+01  0.000000E+00  1.479131E+00 -1.030357E-01
260  1.13014222E-02 -1.900000E+01  0.000000E+00  1.532445E+00 -1.067498E-01
261  1.18254433E-02 -1.900000E+01  0.000000E+00  1.586921E+00 -1.105447E-01
262  1.23731485E-02 -1.900000E+01  0.000000E+00  1.642513E+00 -1.144174E-01
263  1.29455665E-02 -1.900000E+01  0.000000E+00  1.699169E+00 -1.183642E-01
264  1.35437683E-02 -1.900000E+01  0.000000E+00  1.756829E+00 -1.223809E-01
265  1.41688679E-02 -1.900000E+01  0.000000E+00  1.815424E+00 -1.264628E-01
266  1.48220248E-02 -1.900000E+01  0.000000E+00  1.874873E+00 -1.306041E-01
267  1.55044448E-02 -1.900000E+01  0.000000E+00  1.935088E+00 -1.347989E-01
268  1.62173824E-02 -1.900000E+01  0.000000E+00  1.995969E+00 -1.390400E-01
269  1.69621417E-02 -1.900000E+01  0.000000E+00  2.057406E+00 -1.433198E-01
270  1.77400789E-02 -1.900000E+01  0.000000E+00  2.119277E+00 -1.476299E-01
271  1.85526038E-02 -1.900000E+01  0.000000E+00  2.181447E+00 -1.519608E-01
272  1.94011817E-02 -1.900000E+01  0.000000E+00  2.243770E+00 -1.563023E-01
273  2.02873351E-02 -1.900000E+01  0.000000E+00  2.306087E+00 -1.606435E-01
274  2.12126459E-02 -1.900000E+01  0.000000E+00  2.368226E+00 -1.649722E-01
275  2.21787575E-02 -1.900000E+01  0.000000E+00  2.430003E+00 -1.692757E-01
276  2.31873765E-02 -1.900000E+01  0.000000E+00  2.491220E+00 -1.735402E-01
277  2.42402749E-02 -1.900000E+01  0.000000E+00  2.551665E+00 -1.777510E-01
278  2.53392925E-02 -1.900000E+01  0.000000E+00  2.611115E+00 -1.818924E-01
279  2.64863389E-02 -1.900000E+01  0.000000E+00  2.669334E+00 -1.859480E-01
280  2.76833957E-02 -1.900000E+01  0.000000E+00  2.726072E+00 -1.899005E-01
281  2.89325189E-02 -1.900000E+01  0.000000E+00  2.781070E+00 -1.937318E-01
282  3.02358411E-02 -1.900000E+01  0.000000E+00  2.834056E+00 -1.974229E-01
283  3.15955742E-02 -1.900000E+01  0.000000E+00  2.884750E+00 -2.009544E-01
284  3.30140113E-02 -1.900000E+01  0.000000E+00  2.932863E+00 -2.043060E-01
285  3.44935299E-02 -1.900000E+01  0.000000E+00  2.978097E+00 -2.074572E-01
286  3.60365936E-02 -1.900000E+01  0.000000E+00  3.020151E+00 -2.103867E-01
287  3.76457554E-02 -1.900000E+01  0.000000E+00  3.058719E+00 -2.130735E-01
288  3.93236600E-02 -1.900000E+01  0.000000E+00  3.093494E+00 -2.154960E-01
289  4.10730463E-02 -1.900000E+01  0.000000E+00  3.124169E+00 -2.176329E-01
290  4.28967504E-02 -1.900000E+01  0.000000E+00  3.150441E+00 -2.194631E-01
291  4.47977082E-02 -1.900000E+01  0.000000E+00  3.172014E+00 -2.209659E-01
292  4.67789579E-02 -1.900000E+01  0.000000E+00  3.188599E+00 -2.221212E-01
293  4.88436436E-02 -1.900000E+01  0.000000E+00  3.199921E+00 -2.229100E-01
294  5.09950173E-02 -1.900000E+01  0.000000E+00  3.205723E+00 -2.233142E-01
295  5.32364420E-02 -1.900000E+01  0.000000E+00  3.205764E+00 -2.233170E-01
296  5.55713951E-02 -1.900000E+01  0.000000E+00  3.199829E+00 -2.229036E-01
297  5.80034706E-02 -1.900000E+01  0.000000E+00  3.187729E+00 -2.220607E-01
298  6.05363825E-02 -1.900000E+01  0.000000E+00  3.169305E+00 -2.207773E-01
299  6.31739680E-02 -1.900000E+01  0.000000E+00  3.144435E+00 -2.190448E-01
300  6.59201898E-02 -1.900000E+01  0.000000E+00  3.113033E+00 -2.168574E-01
301  6.87791397E-02 -1.900000E+01  0.000000E+00  3.075057E+00 -2.142119E-01
302  7.17550416E-02 -1.900000E+01  0.000000E+00  3.030507E+00 -2.111085E-01
303  7.48522541E-02 -1.900000E+01  0.000000E+00  2.979433E+00 -2.075506E-01
304  7.80752742E-02 -1.900000E+01  0.000000E+00  2.921934E+00 -2.035451E-01
305  8.14287399E-02 -1.900000E+01  0.000000E+00  2.858162E+00 -1.991027E-01
306  8.49174335E-02 -1.900000E+01  0.000000E+00  2.788321E+00 -1.942375E-01
307  8.85462843E-02 -1.900000E+01  0.000000E+00  2.712670E+00 -1.889676E-01
308  9.23203721E-02 -1.900000E+01  0.000000E+00  2.631522E+00 -1.833146E-01
309  9.62449302E-02 -1.900000E+01  0.000000E+00  2.545240E+00 -1.773042E-01
310  1.00325348E-01 -1.900000E+01  0.000000E+00  2.454243E+00 -1.709652E-01
311  1.04567175E-01 -1.900000E+01  0.000000E+00  2.358994E+00 -1.643300E-01
312  1.08976121E-01 -1.900000E+01  0.000000E+00  2.260002E+00 -1.574341E-01
313  1.13558065E-01 -1.900000E+01  0.000000E+00  2.157816E+00 -1.503157E-01
314  1.18319050E-01 -1.900000E+01  0.000000E+00  2.053020E+00 -1.430155E-01
315  1.23265293E-01 -1.900000E+01  0.000000E+00  1.946226E+00 -1.355761E-01
316  1.28403184E-01 -1.900000E+01  0.000000E+00  1.838066E+00 -1.280416E-01
317  1.33739291E-01 -1.900000E+01  0.000000E+00  1.729188E+00 -1.204570E-01
318  1.39280359E-01 -1.900000E+01  0.000000E+00  1.620243E+00 -1.128678E-01
319  1.45033317E-01 -1.900000E+01  0.000000E+00  1.511880E+00 -1.053191E-01
320  1.51005280E-01 -1.900000E+01  0.000000E+00  1.404735E+00 -9.785527E-02
321  1.57203548E-01 -1.900000E+01  0.000000E+00  1.299422E+00 -9.051909E-02
322  1.63635613E-01 -1.900000E+01  0.000000E+00  1.196528E+00 -8.335138E-02
323  1.70309159E-01 -1.900000E+01  0.000000E+00  1.096600E+00 -7.639027E-02
324  1.77232064E-01 -1.900000E+01  0.000000E+00  1.000139E+00 -6.967073E-02
325  1.84412404E-01 -1.900000E+01  0.000000E+00  9.075956E-01 -6.322409E-02
326  1.91858452E-01 -1.900000E+01  0.000000E+00  8.193613E-01 -5.707761E-02
327  1.99578687E-01 -1.900000E+01  0.000000E+00  7.357649E-01 -5.125421E-02
328  2.07581785E-01 -1.900000E+01  0.000000E+00  6.570690E-01 -4.577219E-02
329  2.15876633E-01 -1.900000E+01  0.000000E+00  5.834685E-01 -4.064511E-02
330  2.24472322E-01 -1.900000E+01  0.000000E+00  5.150896E-01 -3.588177E-02
331  2.33378151E-01 -1.900000E+01  0.000000E+00  4.519910E-01 -3.148627E-02
332  2.42603630E-01 -1.900000E+01  0.000000E+00  3.941663E-01 -2.745814E-02
333  2.52158482E-01 -1.900000E+01  0.000000E+00  3.415475E-01 -2.379267E-02
334  2.62052640E-01 -1.900000E+01  0.000000E+00  2.940101E-01 -2.048116E-02
335  2.72296254E-01 -1.900000E+01  0.000000E+00  2.513787E-01 -1.751141E-02
336  2.82899686E-01 -1.900000E+01  0.000000E+00  2.134342E-01 -1.486815E-02
337  2.93873516E-01 -1.900000E+01  0.000000E+00  1.799206E-01 -1.253356E-02
338  3.05228540E-01 -1.900000E+01  0.000000E+00  1.505531E-01 -1.048778E-02
339  3.16975771E-01 -1.900000E+01  0.000000E+00  1.250256E-01 -8.709497E-03
340  3.29126442E-01 -1.900000E+01  0.000000E+00  1.030186E-01 -7.176456E-03
341  3.41692000E-01 -1.900000E+01  0.000000E+00  8.420638E-02 -5.865964E-03
342  3.54684114E-01 -1.900000E+01  0.000000E+00  6.826372E-02 -4.755370E-03
343  3.68114670E-01 -1.900000E+01  0.000000E+00  5.487218E-02 -3.822491E-03
344  3.81995771E-01 -1.900000E+01  0.000000E+00  4.372516E-02 -3.045968E-03
345  3.96339741E-01 -1.900000E+01  0.000000E+00  3.453230E-02 -2.405574E-03
346  4.11159118E-01 -1.900000E+01  0.000000E+00  2.702281E-02 -1.882448E-03
347  4.26466658E-01 -1.900000E+01  0.000000E+00  2.094792E-02 -1.459258E-03
348  4.42275335E-01 -1.900000E+01  0.000000E+00  1.608234E-02 -1.120311E-03
349  4.58598337E-01 -1.900000E+01  0.000000E+00  1.222493E-02 -8.515957E-04
350  4.75449064E-01 -1.900000E+01  0.000000E+00  9.198593E-03 -6.407746E-04
351  4.92841133E-01 -1.900000E+01  0.000000E+00  6.849540E-03 -4.771352E-04
352  5.10788369E-01 -1.900000E+01  0.000000E+00  5.046056E-03 -3.515015E-04
353  5.29304809E-01 -1.900000E+01  0.000000E+00  3.676862E-03 -2.561217E-04
354  5.48404699E-01 -1.900000E+01  0.000000E+00  2.649226E-03 -1.845358E-04
355  5.68102488E-01 -1.900000E+01  0.000000E+00  1.886939E-03 -1.314348E-04
356  5.88412835E-01 -1.900000E+01  0.000000E+00  1.328227E-03 -9.251544E-05
357  6.09350596E-01 -1.900000E+01  0.000000E+00  9.237189E-04 -6.433815E-05
358  6.30930830E-01 -1.900000E+01  0.000000E+00  6.345057E-04 -4.419252E-05
359  6.53168794E-01 -1.900000E+01  0.000000E+00  4.303613E-04 -2.997285E-05
360  6.76079938E-01 -1.900000E+01  0.000000E+00  2.881410E-04 -2.006680E-05
361  6.99679906E-01 -1.900000E+01  0.000000E+00  1.903802E-04 -1.325773E-05
362  7.23984532E-01 -1.900000E+01  0.000000E+00  1.240944E-04 -8.641116E-06
363  7.49009833E-01 -1.900000E+01  0.000000E+00  7.977441E-05 -5.554521E-06
364  7.74772015E-01 -1.900000E+01  0.000000E+00  5.056177E-05 -3.520180E-06
365  8.01287460E-01 -1.900000E+01  0.000000E+00  3.158584E-05 -2.198812E-06
366  8.28572728E-01 -1.900000E+01  0.000000E+00  1.944182E-05 -1.353251E-06
367  8.56644553E-01 -1.900000E+01  0.000000E+00  1.178737E-05 -8.203449E-07
368  8.85519838E-01 -1.900000E+01  0.000000E+00  7.037090E-06 -4.896671E-07
369  9.15215652E-01 -1.900000E+01  0.000000E+00  4.135456E-06 -2.877061E-07
370  9.45749228E-01 -1.900000E+01  0.000000E+00  2.391472E-06 -1.663401E-07
371  9.77137955E-01 -1.900000E+01  0.000000E+00  1.360424E-06 -9.460169E-08
372  1.00939938E+00 -1.900000E+01  0.000000E+00  7.610354E-07 -5.290631E-08
373  1.04255119E+00 -1.900000E+01  0.000000E+00  4.185142E-07 -2.908533E-08
374  1.07661124E+00 -1.900000E+01  0.000000E+00  2.261736E-07 -1.571260E-08
375  1.11159751E+00 -1.900000E+01  0.000000E+00  1.200744E-07 -8.338313E-09
376  1.14752811E+00 -1.900000E+01  0.000000E+00  6.260155E-08 -4.345210E-09
377  1.18442130E+00 -1.900000E+01  0.000000E+00  3.204007E-08 -2.222752E-09
378  1.22229547E+00 -1.900000E+01  0.000000E+00  1.609246E-08 -1.115739E-09
379  1.26116913E+00 -1.900000E+01  0.000000E+00  7.928976E-09 -5.493727E-10
380  1.30106089E+00 -1.900000E+01  0.000000E+00  3.831084E-09 -2.652439E-10
381  1.34198952E+00 -1.900000E+01  0.000000E+00  1.814593E-09 -1.255267E-10
382  1.38397385E+00 -1.900000E+01  0.000000E+00  8.422308E-10 -5.820713E-11
383  1.42703285E+00 -1.900000E+01  0.000000E+00  3.829287E-10 -2.643634E-11
384  1.47118559E+00 -1.900000E+01  0.000000E+00  1.704821E-10 -1.221808E-11
385  1.51645122E+00 -1.900000E+01  0.000000E+00  7.429368E-11 -3.993596E-12
