#      n =  9
#  kappa = -1
# energy = -2.84299182E+01
#     vc = -4.12115222E+07


0    7.69230769E-08 -2.204876E-02  0.000000E+00  0.000000E+00 -2.047220E+00
1    8.06727953E-08 -2.312356E-02  0.000000E+00 -1.904580E-05 -2.047220E+00
2    8.46052882E-08 -2.425074E-02  0.000000E+00 -3.901996E-05 -1.952064E+00
3    8.87294640E-08 -2.543287E-02  0.000000E+00 -5.996773E-05 -1.861331E+00
4    9.30546650E-08 -2.667262E-02  0.000000E+00 -8.193656E-05 -1.774816E+00
5    9.75906890E-08 -2.797279E-02  0.000000E+00 -1.049762E-04 -1.692322E+00
6    1.02347811E-07 -2.933634E-02  0.000000E+00 -1.291389E-04 -1.613663E+00
7    1.07336807E-07 -3.076636E-02  0.000000E+00 -1.544793E-04 -1.538660E+00
8    1.12568978E-07 -3.226607E-02  0.000000E+00 -1.810548E-04 -1.467144E+00
9    1.18056176E-07 -3.383888E-02  0.000000E+00 -2.089258E-04 -1.398952E+00
10   1.23810830E-07 -3.548836E-02  0.000000E+00 -2.381551E-04 -1.333929E+00
11   1.29845975E-07 -3.721823E-02  0.000000E+00 -2.688092E-04 -1.271929E+00
12   1.36175280E-07 -3.903242E-02  0.000000E+00 -3.009574E-04 -1.212811E+00
13   1.42813083E-07 -4.093503E-02  0.000000E+00 -3.346725E-04 -1.156441E+00
14   1.49774418E-07 -4.293038E-02  0.000000E+00 -3.700309E-04 -1.102691E+00
15   1.57075052E-07 -4.502298E-02  0.000000E+00 -4.071127E-04 -1.051439E+00
16   1.64731521E-07 -4.721757E-02  0.000000E+00 -4.460019E-04 -1.002570E+00
17   1.72761167E-07 -4.951912E-02  0.000000E+00 -4.867866E-04 -9.559721E-01
18   1.81182175E-07 -5.193286E-02  0.000000E+00 -5.295590E-04 -9.115403E-01
19   1.90013619E-07 -5.446423E-02  0.000000E+00 -5.744162E-04 -8.691737E-01
20   1.99275499E-07 -5.711898E-02  0.000000E+00 -6.214596E-04 -8.287765E-01
21   2.08988793E-07 -5.990311E-02  0.000000E+00 -6.707960E-04 -7.902569E-01
22   2.19175498E-07 -6.282294E-02  0.000000E+00 -7.225368E-04 -7.535278E-01
23   2.29858686E-07 -6.588507E-02  0.000000E+00 -7.767995E-04 -7.185059E-01
24   2.41062549E-07 -6.909644E-02  0.000000E+00 -8.337067E-04 -6.851119E-01
25   2.52812461E-07 -7.246432E-02  0.000000E+00 -8.933875E-04 -6.532700E-01
26   2.65135031E-07 -7.599634E-02  0.000000E+00 -9.559769E-04 -6.229082E-01
27   2.78058164E-07 -7.970049E-02  0.000000E+00 -1.021617E-03 -5.939577E-01
28   2.91611126E-07 -8.358516E-02  0.000000E+00 -1.090456E-03 -5.663528E-01
29   3.05824606E-07 -8.765915E-02  0.000000E+00 -1.162650E-03 -5.400309E-01
30   3.20730792E-07 -9.193168E-02  0.000000E+00 -1.238362E-03 -5.149326E-01
31   3.36363435E-07 -9.641242E-02  0.000000E+00 -1.317764E-03 -4.910008E-01
32   3.52757936E-07 -1.011115E-01  0.000000E+00 -1.401036E-03 -4.681814E-01
33   3.69951415E-07 -1.060396E-01  0.000000E+00 -1.488366E-03 -4.464226E-01
34   3.87982804E-07 -1.112079E-01  0.000000E+00 -1.579951E-03 -4.256752E-01
35   4.06892930E-07 -1.166280E-01  0.000000E+00 -1.676001E-03 -4.058921E-01
36   4.26724609E-07 -1.223122E-01  0.000000E+00 -1.776730E-03 -3.870285E-01
37   4.47522742E-07 -1.282734E-01  0.000000E+00 -1.882369E-03 -3.690416E-01
38   4.69334419E-07 -1.345251E-01  0.000000E+00 -1.993156E-03 -3.518908E-01
39   4.92209020E-07 -1.410814E-01  0.000000E+00 -2.109342E-03 -3.355372E-01
40   5.16198335E-07 -1.479572E-01  0.000000E+00 -2.231189E-03 -3.199436E-01
41   5.41356672E-07 -1.551680E-01  0.000000E+00 -2.358974E-03 -3.050748E-01
42   5.67740986E-07 -1.627301E-01  0.000000E+00 -2.492986E-03 -2.908971E-01
43   5.95411008E-07 -1.706607E-01  0.000000E+00 -2.633529E-03 -2.773783E-01
44   6.24429374E-07 -1.789777E-01  0.000000E+00 -2.780920E-03 -2.644879E-01
45   6.54861773E-07 -1.876999E-01  0.000000E+00 -2.935493E-03 -2.521965E-01
46   6.86777092E-07 -1.968470E-01  0.000000E+00 -3.097598E-03 -2.404765E-01
47   7.20247574E-07 -2.064398E-01  0.000000E+00 -3.267602E-03 -2.293011E-01
48   7.55348980E-07 -2.164998E-01  0.000000E+00 -3.445890E-03 -2.186451E-01
49   7.92160758E-07 -2.270500E-01  0.000000E+00 -3.632865E-03 -2.084844E-01
50   8.30766228E-07 -2.381140E-01  0.000000E+00 -3.828951E-03 -1.987958E-01
51   8.71252764E-07 -2.497170E-01  0.000000E+00 -4.034591E-03 -1.895576E-01
52   9.13711998E-07 -2.618852E-01  0.000000E+00 -4.250250E-03 -1.807487E-01
53   9.58240019E-07 -2.746460E-01  0.000000E+00 -4.476418E-03 -1.723491E-01
54   1.00493760E-06 -2.880284E-01  0.000000E+00 -4.713604E-03 -1.643399E-01
55   1.05391041E-06 -3.020624E-01  0.000000E+00 -4.962347E-03 -1.567029E-01
56   1.10526929E-06 -3.167799E-01  0.000000E+00 -5.223209E-03 -1.494208E-01
57   1.15913043E-06 -3.322141E-01  0.000000E+00 -5.496780E-03 -1.424771E-01
58   1.21561573E-06 -3.483998E-01  0.000000E+00 -5.783680E-03 -1.358560E-01
59   1.27485298E-06 -3.653735E-01  0.000000E+00 -6.084557E-03 -1.295426E-01
60   1.33697621E-06 -3.831736E-01  0.000000E+00 -6.400092E-03 -1.235225E-01
61   1.40212599E-06 -4.018401E-01  0.000000E+00 -6.731000E-03 -1.177822E-01
62   1.47044970E-06 -4.214153E-01  0.000000E+00 -7.078027E-03 -1.123085E-01
63   1.54210192E-06 -4.419432E-01  0.000000E+00 -7.441961E-03 -1.070891E-01
64   1.61724473E-06 -4.634701E-01  0.000000E+00 -7.823623E-03 -1.021122E-01
65   1.69604813E-06 -4.860444E-01  0.000000E+00 -8.223878E-03 -9.736646E-02
66   1.77869036E-06 -5.097170E-01  0.000000E+00 -8.643630E-03 -9.284114E-02
67   1.86535836E-06 -5.345412E-01  0.000000E+00 -9.083828E-03 -8.852598E-02
68   1.95624816E-06 -5.605728E-01  0.000000E+00 -9.545469E-03 -8.441121E-02
69   2.05156532E-06 -5.878702E-01  0.000000E+00 -1.002960E-02 -8.048748E-02
70   2.15152540E-06 -6.164948E-01  0.000000E+00 -1.053730E-02 -7.674591E-02
71   2.25635448E-06 -6.465108E-01  0.000000E+00 -1.106974E-02 -7.317800E-02
72   2.36628961E-06 -6.779856E-01  0.000000E+00 -1.162811E-02 -6.977567E-02
73   2.48157938E-06 -7.109896E-01  0.000000E+00 -1.221368E-02 -6.653119E-02
74   2.60248448E-06 -7.455967E-01  0.000000E+00 -1.282776E-02 -6.343720E-02
75   2.72927827E-06 -7.818843E-01  0.000000E+00 -1.347175E-02 -6.048669E-02
76   2.86224743E-06 -8.199335E-01  0.000000E+00 -1.414711E-02 -5.767294E-02
77   3.00169257E-06 -8.598289E-01  0.000000E+00 -1.485535E-02 -5.498956E-02
78   3.14792892E-06 -9.016596E-01  0.000000E+00 -1.559809E-02 -5.243047E-02
79   3.30128704E-06 -9.455185E-01  0.000000E+00 -1.637699E-02 -4.998984E-02
80   3.46211359E-06 -9.915029E-01  0.000000E+00 -1.719382E-02 -4.766212E-02
81   3.63077207E-06 -1.039715E+00  0.000000E+00 -1.805043E-02 -4.544201E-02
82   3.80764366E-06 -1.090261E+00  0.000000E+00 -1.894874E-02 -4.332445E-02
83   3.99312807E-06 -1.143252E+00  0.000000E+00 -1.989080E-02 -4.130462E-02
84   4.18764446E-06 -1.198805E+00  0.000000E+00 -2.087872E-02 -3.937791E-02
85   4.39163236E-06 -1.257043E+00  0.000000E+00 -2.191474E-02 -3.753991E-02
86   4.60555267E-06 -1.318091E+00  0.000000E+00 -2.300120E-02 -3.578643E-02
87   4.82988871E-06 -1.382085E+00  0.000000E+00 -2.414055E-02 -3.411343E-02
88   5.06514727E-06 -1.449161E+00  0.000000E+00 -2.533536E-02 -3.251709E-02
89   5.31185980E-06 -1.519466E+00  0.000000E+00 -2.658833E-02 -3.099373E-02
90   5.57058357E-06 -1.593150E+00  0.000000E+00 -2.790230E-02 -2.953985E-02
91   5.84190294E-06 -1.670372E+00  0.000000E+00 -2.928022E-02 -2.815208E-02
92   6.12643065E-06 -1.751297E+00  0.000000E+00 -3.072520E-02 -2.682720E-02
93   6.42480923E-06 -1.836094E+00  0.000000E+00 -3.224051E-02 -2.556215E-02
94   6.73771244E-06 -1.924943E+00  0.000000E+00 -3.382956E-02 -2.435395E-02
95   7.06584677E-06 -2.018030E+00  0.000000E+00 -3.549593E-02 -2.319978E-02
96   7.40995302E-06 -2.115546E+00  0.000000E+00 -3.724340E-02 -2.209693E-02
97   7.77080799E-06 -2.217691E+00  0.000000E+00 -3.907588E-02 -2.104277E-02
98   8.14922622E-06 -2.324673E+00  0.000000E+00 -4.099753E-02 -2.003478E-02
99   8.54606179E-06 -2.436707E+00  0.000000E+00 -4.301266E-02 -1.907056E-02
100  8.96221028E-06 -2.554014E+00  0.000000E+00 -4.512581E-02 -1.814776E-02
101  9.39861075E-06 -2.676823E+00  0.000000E+00 -4.734176E-02 -1.726411E-02
102  9.85624787E-06 -2.805370E+00  0.000000E+00 -4.966548E-02 -1.641744E-02
103  1.03361541E-05 -2.939897E+00  0.000000E+00 -5.210221E-02 -1.560563E-02
104  1.08394120E-05 -3.080653E+00  0.000000E+00 -5.465743E-02 -1.482661E-02
105  1.13671568E-05 -3.227893E+00  0.000000E+00 -5.733690E-02 -1.407838E-02
106  1.19205787E-05 -3.381874E+00  0.000000E+00 -6.014664E-02 -1.335898E-02
107  1.25009257E-05 -3.542862E+00  0.000000E+00 -6.309296E-02 -1.266648E-02
108  1.31095064E-05 -3.711120E+00  0.000000E+00 -6.618249E-02 -1.199901E-02
109  1.37476928E-05 -3.886917E+00  0.000000E+00 -6.942218E-02 -1.135470E-02
110  1.44169236E-05 -4.070521E+00  0.000000E+00 -7.281929E-02 -1.073173E-02
111  1.51187072E-05 -4.262195E+00  0.000000E+00 -7.638145E-02 -1.012825E-02
112  1.58546253E-05 -4.462202E+00  0.000000E+00 -8.011666E-02 -9.542468E-03
113  1.66263360E-05 -4.670792E+00  0.000000E+00 -8.403329E-02 -8.972560E-03
114  1.74355781E-05 -4.888209E+00  0.000000E+00 -8.814011E-02 -8.416704E-03
115  1.82841746E-05 -5.114679E+00  0.000000E+00 -9.244633E-02 -7.873067E-03
116  1.91740370E-05 -5.350408E+00  0.000000E+00 -9.696157E-02 -7.339794E-03
117  2.01071693E-05 -5.595578E+00  0.000000E+00 -1.016960E-01 -6.815002E-03
118  2.10856726E-05 -5.850338E+00  0.000000E+00 -1.066600E-01 -6.296773E-03
119  2.21117500E-05 -6.114797E+00  0.000000E+00 -1.118649E-01 -5.783149E-03
120  2.31877112E-05 -6.389012E+00  0.000000E+00 -1.173222E-01 -5.272124E-03
121  2.43159779E-05 -6.672984E+00  0.000000E+00 -1.230441E-01 -4.761635E-03
122  2.54990890E-05 -6.966638E+00  0.000000E+00 -1.290433E-01 -4.249563E-03
123  2.67397065E-05 -7.269814E+00  0.000000E+00 -1.353332E-01 -3.733721E-03
124  2.80406212E-05 -7.582245E+00  0.000000E+00 -1.419277E-01 -3.211855E-03
125  2.94047590E-05 -7.903542E+00  0.000000E+00 -1.488415E-01 -2.681640E-03
126  3.08351875E-05 -8.233167E+00  0.000000E+00 -1.560900E-01 -2.140679E-03
127  3.23351228E-05 -8.570410E+00  0.000000E+00 -1.636891E-01 -1.586507E-03
128  3.39079366E-05 -8.914352E+00  0.000000E+00 -1.716557E-01 -1.016594E-03
129  3.55571636E-05 -9.263837E+00  0.000000E+00 -1.800075E-01 -4.283588E-04
130  3.72865097E-05 -9.617425E+00  0.000000E+00 -1.887627E-01  1.808208E-04
131  3.90998600E-05 -9.973341E+00  0.000000E+00 -1.979409E-01  8.135826E-04
132  4.10012873E-05 -1.032943E+01  0.000000E+00 -2.075620E-01  1.472551E-03
133  4.29950614E-05 -1.068307E+01  0.000000E+00 -2.176474E-01  2.160295E-03
134  4.50856586E-05 -1.103114E+01  0.000000E+00 -2.282191E-01  2.879275E-03
135  4.72777714E-05 -1.136988E+01  0.000000E+00 -2.393005E-01  3.631769E-03
136  4.95763191E-05 -1.169481E+01  0.000000E+00 -2.509157E-01  4.419779E-03
137  5.19864585E-05 -1.200065E+01  0.000000E+00 -2.630904E-01  5.244549E-03
138  5.45135957E-05 -1.228114E+01  0.000000E+00 -2.758511E-01  6.106783E-03
139  5.71633974E-05 -1.252889E+01  0.000000E+00 -2.892260E-01  7.096898E-03
140  5.99418044E-05 -1.273523E+01  0.000000E+00 -3.032441E-01  8.088206E-03
141  6.28550437E-05 -1.288999E+01  0.000000E+00 -3.179405E-01  3.930631E-03
142  6.59096432E-05 -1.298124E+01  0.000000E+00 -3.333718E-01  1.493803E-02
143  6.91124454E-05 -1.300000E+01  0.000000E+00 -3.494411E-01  1.683733E-02
144  7.24706228E-05 -1.300000E+01  0.000000E+00 -3.663795E-01  6.652113E-03
145  7.59916940E-05 -1.300000E+01  0.000000E+00 -3.841285E-01  1.165500E-02
146  7.96835395E-05 -1.300000E+01  0.000000E+00 -4.027123E-01  1.462686E-02
147  8.35544201E-05 -1.300000E+01  0.000000E+00 -4.221905E-01  1.545829E-02
148  8.76129942E-05 -1.300000E+01  0.000000E+00 -4.426059E-01  1.662717E-02
149  9.18683372E-05 -1.300000E+01  0.000000E+00 -4.640032E-01  1.785120E-02
150  9.63299616E-05 -1.300000E+01  0.000000E+00 -4.864295E-01  1.911214E-02
151  1.01007838E-04 -1.300000E+01  0.000000E+00 -5.099340E-01  2.041546E-02
152  1.05912416E-04 -1.300000E+01  0.000000E+00 -5.345685E-01  2.176404E-02
153  1.11054648E-04 -1.300000E+01  0.000000E+00 -5.603869E-01  2.316086E-02
154  1.16446014E-04 -1.300000E+01  0.000000E+00 -5.874459E-01  2.460899E-02
155  1.22098545E-04 -1.300000E+01  0.000000E+00 -6.158048E-01  2.611162E-02
156  1.28024850E-04 -1.300000E+01  0.000000E+00 -6.455256E-01  2.767207E-02
157  1.34238145E-04 -1.300000E+01  0.000000E+00 -6.766735E-01  2.929376E-02
158  1.40752278E-04 -1.300000E+01  0.000000E+00 -7.093165E-01  3.098026E-02
159  1.47581765E-04 -1.300000E+01  0.000000E+00 -7.435259E-01  3.273527E-02
160  1.54741817E-04 -1.300000E+01  0.000000E+00 -7.793762E-01  3.456264E-02
161  1.62248374E-04 -1.300000E+01  0.000000E+00 -8.169458E-01  3.646637E-02
162  1.70118141E-04 -1.300000E+01  0.000000E+00 -8.563163E-01  3.845065E-02
163  1.78368623E-04 -1.300000E+01  0.000000E+00 -8.975734E-01  4.051980E-02
164  1.87018166E-04 -1.300000E+01  0.000000E+00 -9.408067E-01  4.267835E-02
165  1.96085991E-04 -1.300000E+01  0.000000E+00 -9.861102E-01  4.493101E-02
166  2.05592243E-04 -1.300000E+01  0.000000E+00 -1.033582E+00  4.728270E-02
167  2.15558027E-04 -1.300000E+01  0.000000E+00 -1.083325E+00  4.973854E-02
168  2.26005460E-04 -1.300000E+01  0.000000E+00 -1.135446E+00  5.230388E-02
169  2.36957715E-04 -1.300000E+01  0.000000E+00 -1.190059E+00  5.498429E-02
170  2.48439074E-04 -1.300000E+01  0.000000E+00 -1.247280E+00  5.778561E-02
171  2.60474978E-04 -1.300000E+01  0.000000E+00 -1.307234E+00  6.071389E-02
172  2.73092080E-04 -1.300000E+01  0.000000E+00 -1.370048E+00  6.377550E-02
173  2.86318309E-04 -1.300000E+01  0.000000E+00 -1.435859E+00  6.697705E-02
174  3.00182922E-04 -1.300000E+01  0.000000E+00 -1.504806E+00  7.032546E-02
175  3.14716573E-04 -1.300000E+01  0.000000E+00 -1.577038E+00  7.382796E-02
176  3.29951375E-04 -1.300000E+01  0.000000E+00 -1.652709E+00  7.749209E-02
177  3.45920971E-04 -1.300000E+01  0.000000E+00 -1.731979E+00  8.132575E-02
178  3.62660603E-04 -1.300000E+01  0.000000E+00 -1.815019E+00  8.533716E-02
179  3.80207191E-04 -1.300000E+01  0.000000E+00 -1.902003E+00  8.953494E-02
180  3.98599409E-04 -1.300000E+01  0.000000E+00 -1.993117E+00  9.392808E-02
181  4.17877767E-04 -1.300000E+01  0.000000E+00 -2.088553E+00  9.852596E-02
182  4.38084700E-04 -1.300000E+01  0.000000E+00 -2.188512E+00  1.033384E-01
183  4.59264655E-04 -1.300000E+01  0.000000E+00 -2.293205E+00  1.083757E-01
184  4.81464185E-04 -1.300000E+01  0.000000E+00 -2.402852E+00  1.136484E-01
185  5.04732050E-04 -1.300000E+01  0.000000E+00 -2.517682E+00  1.191680E-01
186  5.29119320E-04 -1.300000E+01  0.000000E+00 -2.637935E+00  1.249459E-01
187  5.54679477E-04 -1.300000E+01  0.000000E+00 -2.763862E+00  1.309944E-01
188  5.81468536E-04 -1.300000E+01  0.000000E+00 -2.895724E+00  1.373263E-01
189  6.09545155E-04 -1.300000E+01  0.000000E+00 -3.033794E+00  1.439550E-01
190  6.38970763E-04 -1.300000E+01  0.000000E+00 -3.178358E+00  1.508942E-01
191  6.69809686E-04 -1.300000E+01  0.000000E+00 -3.329712E+00  1.581586E-01
192  7.02129283E-04 -1.300000E+01  0.000000E+00 -3.488168E+00  1.657633E-01
193  7.36000083E-04 -1.300000E+01  0.000000E+00 -3.654048E+00  1.737242E-01
194  7.71495936E-04 -1.300000E+01  0.000000E+00 -3.827691E+00  1.820578E-01
195  8.08694164E-04 -1.300000E+01  0.000000E+00 -4.009448E+00  1.907814E-01
196  8.47675722E-04 -1.300000E+01  0.000000E+00 -4.199687E+00  1.999129E-01
197  8.88525362E-04 -1.300000E+01  0.000000E+00 -4.398789E+00  2.094712E-01
198  9.31331814E-04 -1.300000E+01  0.000000E+00 -4.607155E+00  2.194759E-01
199  9.76187964E-04 -1.300000E+01  0.000000E+00 -4.825197E+00  2.299475E-01
200  1.02319104E-03 -1.300000E+01  0.000000E+00 -5.053350E+00  2.409073E-01
201  1.07244283E-03 -1.300000E+01  0.000000E+00 -5.292062E+00  2.523775E-01
202  1.12404986E-03 -1.300000E+01  0.000000E+00 -5.541802E+00  2.643813E-01
203  1.17812365E-03 -1.300000E+01  0.000000E+00 -5.803057E+00  2.769429E-01
204  1.23478089E-03 -1.300000E+01  0.000000E+00 -6.076333E+00  2.900876E-01
205  1.29414372E-03 -1.300000E+01  0.000000E+00 -6.362158E+00  3.038415E-01
206  1.35633996E-03 -1.300000E+01  0.000000E+00 -6.661078E+00  3.182321E-01
207  1.42150339E-03 -1.300000E+01  0.000000E+00 -6.973661E+00  3.332876E-01
208  1.48977395E-03 -1.300000E+01  0.000000E+00 -7.300498E+00  3.490379E-01
209  1.56129812E-03 -1.300000E+01  0.000000E+00 -7.642202E+00  3.655137E-01
210  1.63622914E-03 -1.300000E+01  0.000000E+00 -7.999406E+00  3.827472E-01
211  1.71472732E-03 -1.300000E+01  0.000000E+00 -8.372770E+00  4.007716E-01
212  1.79696040E-03 -1.300000E+01  0.000000E+00 -8.762976E+00  4.196217E-01
213  1.88310386E-03 -1.300000E+01  0.000000E+00 -9.170730E+00  4.393335E-01
214  1.97334124E-03 -1.300000E+01  0.000000E+00 -9.596763E+00  4.599445E-01
215  2.06786455E-03 -1.300000E+01  0.000000E+00 -1.004183E+01  4.814935E-01
216  2.16687461E-03 -1.300000E+01  0.000000E+00 -1.050672E+01  5.040209E-01
217  2.27058146E-03 -1.300000E+01  0.000000E+00 -1.099223E+01  5.275687E-01
218  2.37920475E-03 -1.300000E+01  0.000000E+00 -1.149919E+01  5.521801E-01
219  2.49297419E-03 -1.300000E+01  0.000000E+00 -1.202847E+01  5.779003E-01
220  2.61213000E-03 -1.300000E+01  0.000000E+00 -1.258095E+01  6.047759E-01
221  2.73692331E-03 -1.300000E+01  0.000000E+00 -1.315753E+01  6.328550E-01
222  2.86761674E-03 -1.300000E+01  0.000000E+00 -1.375917E+01  6.621878E-01
223  3.00448481E-03 -1.300000E+01  0.000000E+00 -1.438680E+01  6.928258E-01
224  3.14781452E-03 -1.300000E+01  0.000000E+00 -1.504143E+01  7.248223E-01
225  3.29790588E-03 -1.300000E+01  0.000000E+00 -1.572405E+01  7.582326E-01
226  3.45507246E-03 -1.300000E+01  0.000000E+00 -1.643571E+01  7.931135E-01
227  3.61964199E-03 -1.300000E+01  0.000000E+00 -1.717746E+01  8.295235E-01
228  3.79195699E-03 -1.300000E+01  0.000000E+00 -1.795036E+01  8.675231E-01
229  3.97237537E-03 -1.300000E+01  0.000000E+00 -1.875553E+01  9.071745E-01
230  4.16127111E-03 -1.300000E+01  0.000000E+00 -1.959406E+01  9.485415E-01
231  4.35903499E-03 -1.300000E+01  0.000000E+00 -2.046709E+01  9.916898E-01
232  4.56607523E-03 -1.300000E+01  0.000000E+00 -2.137576E+01  1.036687E+00
233  4.78281830E-03 -1.300000E+01  0.000000E+00 -2.232122E+01  1.083601E+00
234  5.00970966E-03 -1.300000E+01  0.000000E+00 -2.330463E+01  1.132504E+00
235  5.24721457E-03 -1.300000E+01  0.000000E+00 -2.432715E+01  1.183466E+00
236  5.49581894E-03 -1.300000E+01  0.000000E+00 -2.538994E+01  1.236563E+00
237  5.75603019E-03 -1.300000E+01  0.000000E+00 -2.649416E+01  1.291869E+00
238  6.02837814E-03 -1.300000E+01  0.000000E+00 -2.764095E+01  1.349460E+00
239  6.31341596E-03 -1.300000E+01  0.000000E+00 -2.883145E+01  1.409413E+00
240  6.61172115E-03 -1.300000E+01  0.000000E+00 -3.006677E+01  1.471808E+00
241  6.92389651E-03 -1.300000E+01  0.000000E+00 -3.134797E+01  1.536722E+00
242  7.25057123E-03 -1.300000E+01  0.000000E+00 -3.267612E+01  1.604237E+00
243  7.59240195E-03 -1.300000E+01  0.000000E+00 -3.405219E+01  1.674432E+00
244  7.95007388E-03 -1.300000E+01  0.000000E+00 -3.547714E+01  1.747387E+00
245  8.32430199E-03 -1.300000E+01  0.000000E+00 -3.695184E+01  1.823183E+00
246  8.71583219E-03 -1.300000E+01  0.000000E+00 -3.847709E+01  1.901900E+00
247  9.12544259E-03 -1.300000E+01  0.000000E+00 -4.005359E+01  1.983617E+00
248  9.55394481E-03 -1.300000E+01  0.000000E+00 -4.168196E+01  2.068411E+00
249  1.00021853E-02 -1.300000E+01  0.000000E+00 -4.336269E+01  2.156360E+00
250  1.04710467E-02 -1.300000E+01  0.000000E+00 -4.509612E+01  2.247536E+00
251  1.09614495E-02 -1.300000E+01  0.000000E+00 -4.688247E+01  2.342012E+00
252  1.14743530E-02 -1.300000E+01  0.000000E+00 -4.872178E+01  2.439857E+00
253  1.20107575E-02 -1.300000E+01  0.000000E+00 -5.061388E+01  2.541134E+00
254  1.25717054E-02 -1.300000E+01  0.000000E+00 -5.255841E+01  2.645904E+00
255  1.31582831E-02 -1.300000E+01  0.000000E+00 -5.455478E+01  2.754222E+00
256  1.37716227E-02 -1.300000E+01  0.000000E+00 -5.660212E+01  2.866137E+00
257  1.44129035E-02 -1.300000E+01  0.000000E+00 -5.869929E+01  2.981691E+00
258  1.50833540E-02 -1.300000E+01  0.000000E+00 -6.084484E+01  3.100918E+00
259  1.57842538E-02 -1.300000E+01  0.000000E+00 -6.303696E+01  3.223843E+00
260  1.65169355E-02 -1.300000E+01  0.000000E+00 -6.527348E+01  3.350481E+00
261  1.72827866E-02 -1.300000E+01  0.000000E+00 -6.755181E+01  3.480838E+00
262  1.80832516E-02 -1.300000E+01  0.000000E+00 -6.986893E+01  3.614904E+00
263  1.89198342E-02 -1.300000E+01  0.000000E+00 -7.222132E+01  3.752657E+00
264  1.97940993E-02 -1.300000E+01  0.000000E+00 -7.460497E+01  3.894061E+00
265  2.07076754E-02 -1.300000E+01  0.000000E+00 -7.701528E+01  4.039062E+00
266  2.16622567E-02 -1.300000E+01  0.000000E+00 -7.944708E+01  4.187586E+00
267  2.26596057E-02 -1.300000E+01  0.000000E+00 -8.189454E+01  4.339543E+00
268  2.37015556E-02 -1.300000E+01  0.000000E+00 -8.435115E+01  4.494818E+00
269  2.47900127E-02 -1.300000E+01  0.000000E+00 -8.680967E+01  4.653273E+00
270  2.59269589E-02 -1.300000E+01  0.000000E+00 -8.926209E+01  4.814746E+00
271  2.71144545E-02 -1.300000E+01  0.000000E+00 -9.169960E+01  4.979045E+00
272  2.83546410E-02 -1.300000E+01  0.000000E+00 -9.411249E+01  5.145950E+00
273  2.96497436E-02 -1.300000E+01  0.000000E+00 -9.649019E+01  5.315208E+00
274  3.10020744E-02 -1.300000E+01  0.000000E+00 -9.882116E+01  5.486534E+00
275  3.24140348E-02 -1.300000E+01  0.000000E+00 -1.010929E+02  5.659603E+00
276  3.38881192E-02 -1.300000E+01  0.000000E+00 -1.032918E+02  5.834054E+00
277  3.54269175E-02 -1.300000E+01  0.000000E+00 -1.054034E+02  6.009486E+00
278  3.70331184E-02 -1.300000E+01  0.000000E+00 -1.074119E+02  6.185453E+00
279  3.87095127E-02 -1.300000E+01  0.000000E+00 -1.093007E+02  6.361463E+00
280  4.04589965E-02 -1.300000E+01  0.000000E+00 -1.110519E+02  6.536978E+00
281  4.22845747E-02 -1.300000E+01  0.000000E+00 -1.126464E+02  6.711411E+00
282  4.41893640E-02 -1.300000E+01  0.000000E+00 -1.140642E+02  6.884122E+00
283  4.61765970E-02 -1.300000E+01  0.000000E+00 -1.152841E+02  7.054419E+00
284  4.82496253E-02 -1.300000E+01  0.000000E+00 -1.162840E+02  7.221553E+00
285  5.04119233E-02 -1.300000E+01  0.000000E+00 -1.170405E+02  7.384721E+00
286  5.26670917E-02 -1.300000E+01  0.000000E+00 -1.175296E+02  7.543064E+00
287  5.50188616E-02 -1.300000E+01  0.000000E+00 -1.177261E+02  7.695664E+00
288  5.74710982E-02 -1.300000E+01  0.000000E+00 -1.176043E+02  7.841544E+00
289  6.00278044E-02 -1.300000E+01  0.000000E+00 -1.171378E+02  7.979674E+00
290  6.26931250E-02 -1.300000E+01  0.000000E+00 -1.162997E+02  8.108964E+00
291  6.54713509E-02 -1.300000E+01  0.000000E+00 -1.150630E+02  8.228272E+00
292  6.83669226E-02 -1.300000E+01  0.000000E+00 -1.134004E+02  8.336404E+00
293  7.13844348E-02 -1.300000E+01  0.000000E+00 -1.112850E+02  8.432117E+00
294  7.45286403E-02 -1.300000E+01  0.000000E+00 -1.086903E+02  8.514124E+00
295  7.78044544E-02 -1.300000E+01  0.000000E+00 -1.055907E+02  8.581100E+00
296  8.12169590E-02 -1.300000E+01  0.000000E+00 -1.019617E+02  8.631686E+00
297  8.47714068E-02 -1.300000E+01  0.000000E+00 -9.778040E+01  8.664500E+00
298  8.84732260E-02 -1.300000E+01  0.000000E+00 -9.302595E+01  8.678145E+00
299  9.23280241E-02 -1.300000E+01  0.000000E+00 -8.768007E+01  8.671216E+00
300  9.63415929E-02 -1.300000E+01  0.000000E+00 -8.172750E+01  8.642318E+00
301  1.00519913E-01 -1.300000E+01  0.000000E+00 -7.515663E+01  8.590074E+00
302  1.04869156E-01 -1.300000E+01  0.000000E+00 -6.796011E+01  8.513144E+00
303  1.09395694E-01 -1.300000E+01  0.000000E+00 -6.013543E+01  8.410238E+00
304  1.14106098E-01 -1.300000E+01  0.000000E+00 -5.168567E+01  8.280137E+00
305  1.19007147E-01 -1.300000E+01  0.000000E+00 -4.262015E+01  8.121713E+00
306  1.24105829E-01 -1.300000E+01  0.000000E+00 -3.295516E+01  7.933949E+00
307  1.29409350E-01 -1.300000E+01  0.000000E+00 -2.271464E+01  7.715963E+00
308  1.34925134E-01 -1.300000E+01  0.000000E+00 -1.193093E+01  7.467032E+00
309  1.40660828E-01 -1.300000E+01  0.000000E+00 -6.454372E-01  7.186618E+00
310  1.46624309E-01 -1.300000E+01  0.000000E+00  1.109073E+01  6.874396E+00
311  1.52823687E-01 -1.300000E+01  0.000000E+00  2.321616E+01  6.530279E+00
312  1.59267310E-01 -1.300000E+01  0.000000E+00  3.565859E+01  6.154448E+00
313  1.65963766E-01 -1.300000E+01  0.000000E+00  4.833453E+01  5.747377E+00
314  1.72921890E-01 -1.300000E+01  0.000000E+00  6.114897E+01  5.309866E+00
315  1.80150766E-01 -1.300000E+01  0.000000E+00  7.399518E+01  4.843061E+00
316  1.87659733E-01 -1.300000E+01  0.000000E+00  8.675483E+01  4.348484E+00
317  1.95458391E-01 -1.300000E+01  0.000000E+00  9.929818E+01  3.828053E+00
318  2.03556598E-01 -1.300000E+01  0.000000E+00  1.114846E+02  3.284102E+00
319  2.11964481E-01 -1.300000E+01  0.000000E+00  1.231632E+02  2.719398E+00
320  2.20692436E-01 -1.300000E+01  0.000000E+00  1.341742E+02  2.137151E+00
321  2.29751136E-01 -1.300000E+01  0.000000E+00  1.443501E+02  1.541019E+00
322  2.39151527E-01 -1.300000E+01  0.000000E+00  1.535173E+02  9.351081E-01
323  2.48904841E-01 -1.300000E+01  0.000000E+00  1.614984E+02  3.239640E-01
324  2.59022590E-01 -1.300000E+01  0.000000E+00  1.681149E+02 -2.874460E-01
325  2.69516578E-01 -1.300000E+01  0.000000E+00  1.731898E+02 -8.937593E-01
326  2.80398899E-01 -1.300000E+01  0.000000E+00  1.765509E+02 -1.489254E+00
327  2.91681939E-01 -1.300000E+01  0.000000E+00  1.780347E+02 -2.067898E+00
328  3.03378384E-01 -1.300000E+01  0.000000E+00  1.774905E+02 -2.623406E+00
329  3.15501218E-01 -1.300000E+01  0.000000E+00  1.747845E+02 -3.149314E+00
330  3.28063729E-01 -1.300000E+01  0.000000E+00  1.698048E+02 -3.639059E+00
331  3.41079507E-01 -1.300000E+01  0.000000E+00  1.624657E+02 -4.086079E+00
332  3.54562453E-01 -1.300000E+01  0.000000E+00  1.527132E+02 -4.483916E+00
333  3.68526775E-01 -1.300000E+01  0.000000E+00  1.405299E+02 -4.826338E+00
334  3.82986991E-01 -1.300000E+01  0.000000E+00  1.259392E+02 -5.107464E+00
335  3.97957934E-01 -1.300000E+01  0.000000E+00  1.090104E+02 -5.321902E+00
336  4.13454750E-01 -1.300000E+01  0.000000E+00  8.986237E+01 -5.464894E+00
337  4.29492900E-01 -1.300000E+01  0.000000E+00  6.866711E+01 -5.532454E+00
338  4.46088164E-01 -1.300000E+01  0.000000E+00  4.565207E+01 -5.521523E+00
339  4.63256637E-01 -1.300000E+01  0.000000E+00  2.110173E+01 -5.430104E+00
340  4.81014734E-01 -1.300000E+01  0.000000E+00 -4.642333E+00 -5.257403E+00
341  4.99379189E-01 -1.300000E+01  0.000000E+00 -3.118268E+01 -5.003949E+00
342  5.18367053E-01 -1.300000E+01  0.000000E+00 -5.806902E+01 -4.671703E+00
343  5.37995698E-01 -1.300000E+01  0.000000E+00 -8.480306E+01 -4.264142E+00
344  5.58282814E-01 -1.300000E+01  0.000000E+00 -1.108453E+02 -3.786317E+00
345  5.79246411E-01 -1.300000E+01  0.000000E+00 -1.356238E+02 -3.244878E+00
346  6.00904814E-01 -1.300000E+01  0.000000E+00 -1.585453E+02 -2.648067E+00
347  6.23276667E-01 -1.300000E+01  0.000000E+00 -1.790082E+02 -2.005664E+00
348  6.46380930E-01 -1.300000E+01  0.000000E+00 -1.964178E+02 -1.328889E+00
349  6.70236877E-01 -1.300000E+01  0.000000E+00 -2.102025E+02 -6.302613E-01
350  6.94864095E-01 -1.300000E+01  0.000000E+00 -2.198326E+02  7.659844E-02
351  7.20282482E-01 -1.300000E+01  0.000000E+00 -2.248394E+02  7.772073E-01
352  7.46512246E-01 -1.300000E+01  0.000000E+00 -2.248350E+02  1.456513E+00
353  7.73573902E-01 -1.300000E+01  0.000000E+00 -2.195319E+02  2.099229E+00
354  8.01488269E-01 -1.300000E+01  0.000000E+00 -2.087623E+02  2.690209E+00
355  8.30276467E-01 -1.300000E+01  0.000000E+00 -1.924951E+02  3.214854E+00
356  8.59959917E-01 -1.300000E+01  0.000000E+00 -1.708513E+02  3.659540E+00
357  8.90560333E-01 -1.300000E+01  0.000000E+00 -1.441150E+02  4.012060E+00
358  9.22099725E-01 -1.300000E+01  0.000000E+00 -1.127414E+02  4.262054E+00
359  9.54600389E-01 -1.300000E+01  0.000000E+00 -7.735862E+01  4.401436E+00
360  9.88084907E-01 -1.300000E+01  0.000000E+00 -3.876445E+01  4.424769E+00
361  1.02257614E+00 -1.300000E+01  0.000000E+00  2.083890E+00  4.329601E+00
362  1.05809724E+00 -1.300000E+01  0.000000E+00  4.408677E+01  4.116727E+00
363  1.09467160E+00 -1.300000E+01  0.000000E+00  8.602645E+01  3.790364E+00
364  1.13232292E+00 -1.300000E+01  0.000000E+00  1.265984E+02  3.358231E+00
365  1.17107513E+00 -1.300000E+01  0.000000E+00  1.644499E+02  2.831506E+00
366  1.21095244E+00 -1.300000E+01  0.000000E+00  1.982235E+02  2.224669E+00
367  1.25197931E+00 -1.300000E+01  0.000000E+00  2.266074E+02  1.555210E+00
368  1.29418043E+00 -1.300000E+01  0.000000E+00  2.483872E+02  8.432066E-01
369  1.33758077E+00 -1.300000E+01  0.000000E+00  2.625004E+02  1.107820E-01
370  1.38220549E+00 -1.300000E+01  0.000000E+00  2.680907E+02 -6.185605E-01
371  1.42808003E+00 -1.300000E+01  0.000000E+00  2.645578E+02 -1.320697E+00
372  1.47523001E+00 -1.300000E+01  0.000000E+00  2.516033E+02 -1.971718E+00
373  1.52368131E+00 -1.300000E+01  0.000000E+00  2.292670E+02 -2.548819E+00
374  1.57345999E+00 -1.300000E+01  0.000000E+00  1.979529E+02 -3.031195E+00
375  1.62459235E+00 -1.300000E+01  0.000000E+00  1.584415E+02 -3.400919E+00
376  1.67710486E+00 -1.300000E+01  0.000000E+00  1.118873E+02 -3.643763E+00
377  1.73102421E+00 -1.300000E+01  0.000000E+00  5.979832E+01 -3.749908E+00
378  1.78637726E+00 -1.300000E+01  0.000000E+00  3.999201E+00 -3.714517E+00
379  1.84319106E+00 -1.300000E+01  0.000000E+00 -5.342466E+01 -3.538132E+00
380  1.90149284E+00 -1.300000E+01  0.000000E+00 -1.101992E+02 -3.226857E+00
381  1.96130999E+00 -1.300000E+01  0.000000E+00 -1.639488E+02 -2.792318E+00
382  2.02267008E+00 -1.300000E+01  0.000000E+00 -2.122962E+02 -2.251373E+00
383  2.08560080E+00 -1.300000E+01  0.000000E+00 -2.529697E+02 -1.625573E+00
384  2.15013003E+00 -1.300000E+01  0.000000E+00 -2.839150E+02 -9.403942E-01
385  2.21628576E+00 -1.300000E+01  0.000000E+00 -3.034048E+02 -2.242466E-01
386  2.28409613E+00 -1.300000E+01  0.000000E+00 -3.101410E+02  4.926916E-01
387  2.35358941E+00 -1.300000E+01  0.000000E+00 -3.033432E+02  1.179773E+00
388  2.42479397E+00 -1.300000E+01  0.000000E+00 -2.828187E+02  1.807255E+00
389  2.49773832E+00 -1.300000E+01  0.000000E+00 -2.490065E+02  2.347684E+00
390  2.57245107E+00 -1.300000E+01  0.000000E+00 -2.029937E+02  2.777224E+00
391  2.64896092E+00 -1.300000E+01  0.000000E+00 -1.464992E+02  3.076847E+00
392  2.72729668E+00 -1.300000E+01  0.000000E+00 -8.182356E+01  3.233338E+00
393  2.80748722E+00 -1.300000E+01  0.000000E+00 -1.176561E+01  3.240036E+00
394  2.88956153E+00 -1.300000E+01  0.000000E+00  6.049232E+01  3.097269E+00
395  2.97354863E+00 -1.300000E+01  0.000000E+00  1.315264E+02  2.812449E+00
396  3.05947764E+00 -1.300000E+01  0.000000E+00  1.978344E+02  2.399812E+00
397  3.14737773E+00 -1.300000E+01  0.000000E+00  2.560123E+02  1.879792E+00
398  3.23727811E+00 -1.300000E+01  0.000000E+00  3.029352E+02  1.278610E+00
399  3.32920804E+00 -1.300000E+01  0.000000E+00  9.863122E+02  1.829817E+00
