#      n =  5
#  kappa = -1
# energy = -4.76227500E+02
#     vc = -1.24234274E+14


0    4.00000000E-08 -1.739341E-02  0.000000E+00  0.000000E+00  3.112356E+03
1    4.19498778E-08 -1.824129E-02  0.000000E+00  2.193915E-02  3.112356E+03
2    4.39948008E-08 -1.913049E-02  0.000000E+00  4.494772E-02  2.967689E+03
3    4.61394014E-08 -2.006304E-02  0.000000E+00  6.907780E-02  2.829748E+03
4    4.83885378E-08 -2.104104E-02  0.000000E+00  9.438408E-02  2.698219E+03
5    5.07473051E-08 -2.206672E-02  0.000000E+00  1.209239E-01  2.572804E+03
6    5.32210466E-08 -2.314239E-02  0.000000E+00  1.487573E-01  2.453219E+03
7    5.58153658E-08 -2.427049E-02  0.000000E+00  1.779474E-01  2.339192E+03
8    5.85361397E-08 -2.545357E-02  0.000000E+00  2.085604E-01  2.230466E+03
9    6.13895313E-08 -2.669433E-02  0.000000E+00  2.406654E-01  2.126794E+03
10   6.43820042E-08 -2.799556E-02  0.000000E+00  2.743354E-01  2.027940E+03
11   6.75203366E-08 -2.936022E-02  0.000000E+00  3.096465E-01  1.933682E+03
12   7.08116375E-08 -3.079139E-02  0.000000E+00  3.466788E-01  1.843805E+03
13   7.42633619E-08 -3.229232E-02  0.000000E+00  3.855160E-01  1.758106E+03
14   7.78833283E-08 -3.386641E-02  0.000000E+00  4.262463E-01  1.676390E+03
15   8.16797361E-08 -3.551722E-02  0.000000E+00  4.689618E-01  1.598473E+03
16   8.56611842E-08 -3.724849E-02  0.000000E+00  5.137592E-01  1.524178E+03
17   8.98366905E-08 -3.906415E-02  0.000000E+00  5.607401E-01  1.453336E+03
18   9.42157124E-08 -4.096830E-02  0.000000E+00  6.100109E-01  1.385786E+03
19   9.88081680E-08 -4.296526E-02  0.000000E+00  6.616832E-01  1.321377E+03
20   1.03624459E-07 -4.505955E-02  0.000000E+00  7.158739E-01  1.259962E+03
21   1.08675493E-07 -4.725591E-02  0.000000E+00  7.727059E-01  1.201401E+03
22   1.13972710E-07 -4.955933E-02  0.000000E+00  8.323078E-01  1.145562E+03
23   1.19528107E-07 -5.197500E-02  0.000000E+00  8.948146E-01  1.092319E+03
24   1.25354266E-07 -5.450842E-02  0.000000E+00  9.603680E-01  1.041551E+03
25   1.31464381E-07 -5.716531E-02  0.000000E+00  1.029116E+00  9.931422E+02
26   1.37872290E-07 -5.995168E-02  0.000000E+00  1.101215E+00  9.469837E+02
27   1.44592504E-07 -6.287386E-02  0.000000E+00  1.176828E+00  9.029708E+02
28   1.51640242E-07 -6.593846E-02  0.000000E+00  1.256126E+00  8.610036E+02
29   1.59031464E-07 -6.915241E-02  0.000000E+00  1.339289E+00  8.209872E+02
30   1.66782907E-07 -7.252300E-02  0.000000E+00  1.426504E+00  7.828307E+02
31   1.74912124E-07 -7.605786E-02  0.000000E+00  1.517971E+00  7.464478E+02
32   1.83437523E-07 -7.976499E-02  0.000000E+00  1.613895E+00  7.117560E+02
33   1.92378409E-07 -8.365278E-02  0.000000E+00  1.714493E+00  6.786767E+02
34   2.01755027E-07 -8.773004E-02  0.000000E+00  1.819995E+00  6.471349E+02
35   2.11588608E-07 -9.200601E-02  0.000000E+00  1.930638E+00  6.170593E+02
36   2.21901419E-07 -9.649035E-02  0.000000E+00  2.046673E+00  5.883815E+02
37   2.32716808E-07 -1.011932E-01  0.000000E+00  2.168363E+00  5.610367E+02
38   2.44059263E-07 -1.061253E-01  0.000000E+00  2.295983E+00  5.349629E+02
39   2.55954466E-07 -1.112977E-01  0.000000E+00  2.429822E+00  5.101009E+02
40   2.68429346E-07 -1.167222E-01  0.000000E+00  2.570184E+00  4.863946E+02
41   2.81512147E-07 -1.224110E-01  0.000000E+00  2.717385E+00  4.637901E+02
42   2.95232487E-07 -1.283770E-01  0.000000E+00  2.871760E+00  4.422362E+02
43   3.09621427E-07 -1.346337E-01  0.000000E+00  3.033658E+00  4.216842E+02
44   3.24711540E-07 -1.411954E-01  0.000000E+00  3.203445E+00  4.020873E+02
45   3.40536987E-07 -1.480767E-01  0.000000E+00  3.381506E+00  3.834013E+02
46   3.57133592E-07 -1.552934E-01  0.000000E+00  3.568243E+00  3.655838E+02
47   3.74538923E-07 -1.628617E-01  0.000000E+00  3.764080E+00  3.485944E+02
48   3.92792377E-07 -1.707988E-01  0.000000E+00  3.969459E+00  3.323946E+02
49   4.11935271E-07 -1.791226E-01  0.000000E+00  4.184846E+00  3.169478E+02
50   4.32010935E-07 -1.878520E-01  0.000000E+00  4.410728E+00  3.022188E+02
51   4.53064804E-07 -1.970067E-01  0.000000E+00  4.647616E+00  2.881744E+02
52   4.75144532E-07 -2.066075E-01  0.000000E+00  4.896047E+00  2.747828E+02
53   4.98300088E-07 -2.166760E-01  0.000000E+00  5.156582E+00  2.620135E+02
54   5.22583876E-07 -2.272351E-01  0.000000E+00  5.429812E+00  2.498376E+02
55   5.48050852E-07 -2.383086E-01  0.000000E+00  5.716354E+00  2.382276E+02
56   5.74758648E-07 -2.499216E-01  0.000000E+00  6.016857E+00  2.271572E+02
57   6.02767699E-07 -2.621004E-01  0.000000E+00  6.332001E+00  2.166012E+02
58   6.32141386E-07 -2.748725E-01  0.000000E+00  6.662500E+00  2.065358E+02
59   6.62946173E-07 -2.882667E-01  0.000000E+00  7.009100E+00  1.969381E+02
60   6.95251761E-07 -3.023134E-01  0.000000E+00  7.372587E+00  1.877865E+02
61   7.29131242E-07 -3.170444E-01  0.000000E+00  7.753782E+00  1.790600E+02
62   7.64661267E-07 -3.324930E-01  0.000000E+00  8.153548E+00  1.707391E+02
63   8.01922219E-07 -3.486940E-01  0.000000E+00  8.572789E+00  1.628048E+02
64   8.40998393E-07 -3.656842E-01  0.000000E+00  9.012454E+00  1.552391E+02
65   8.81978186E-07 -3.835019E-01  0.000000E+00  9.473537E+00  1.480250E+02
66   9.24954297E-07 -4.021873E-01  0.000000E+00  9.957082E+00  1.411460E+02
67   9.70023938E-07 -4.217828E-01  0.000000E+00  1.046418E+01  1.345866E+02
68   1.01728905E-06 -4.423326E-01  0.000000E+00  1.099598E+01  1.283318E+02
69   1.06685654E-06 -4.638832E-01  0.000000E+00  1.155369E+01  1.223676E+02
70   1.11883850E-06 -4.864832E-01  0.000000E+00  1.213856E+01  1.166804E+02
71   1.17335251E-06 -5.101836E-01  0.000000E+00  1.275192E+01  1.112573E+02
72   1.23052183E-06 -5.350380E-01  0.000000E+00  1.339516E+01  1.060860E+02
73   1.29047576E-06 -5.611025E-01  0.000000E+00  1.406973E+01  1.011548E+02
74   1.35334984E-06 -5.884359E-01  0.000000E+00  1.477715E+01  9.645249E+01
75   1.41928626E-06 -6.171000E-01  0.000000E+00  1.551902E+01  9.196843E+01
76   1.48843408E-06 -6.471594E-01  0.000000E+00  1.629703E+01  8.769244E+01
77   1.56094964E-06 -6.786818E-01  0.000000E+00  1.711293E+01  8.361482E+01
78   1.63699687E-06 -7.117385E-01  0.000000E+00  1.796856E+01  7.972630E+01
79   1.71674768E-06 -7.464038E-01  0.000000E+00  1.886587E+01  7.601807E+01
80   1.80038235E-06 -7.827560E-01  0.000000E+00  1.980687E+01  7.248170E+01
81   1.88808991E-06 -8.208769E-01  0.000000E+00  2.079369E+01  6.910916E+01
82   1.98006858E-06 -8.608524E-01  0.000000E+00  2.182857E+01  6.589278E+01
83   2.07652625E-06 -9.027724E-01  0.000000E+00  2.291383E+01  6.282525E+01
84   2.17768088E-06 -9.467312E-01  0.000000E+00  2.405195E+01  5.989959E+01
85   2.28376106E-06 -9.928277E-01  0.000000E+00  2.524547E+01  5.710914E+01
86   2.39500647E-06 -1.041166E+00  0.000000E+00  2.649711E+01  5.444753E+01
87   2.51166846E-06 -1.091853E+00  0.000000E+00  2.780969E+01  5.190871E+01
88   2.63401058E-06 -1.145005E+00  0.000000E+00  2.918617E+01  4.948687E+01
89   2.76230922E-06 -1.200739E+00  0.000000E+00  3.062966E+01  4.717647E+01
90   2.89685417E-06 -1.259181E+00  0.000000E+00  3.214342E+01  4.497224E+01
91   3.03794933E-06 -1.320461E+00  0.000000E+00  3.373087E+01  4.286911E+01
92   3.18591336E-06 -1.384717E+00  0.000000E+00  3.539559E+01  4.086226E+01
93   3.34108040E-06 -1.452093E+00  0.000000E+00  3.714134E+01  3.894706E+01
94   3.50380084E-06 -1.522738E+00  0.000000E+00  3.897207E+01  3.711910E+01
95   3.67444208E-06 -1.596810E+00  0.000000E+00  4.089189E+01  3.537415E+01
96   3.85338938E-06 -1.674475E+00  0.000000E+00  4.290515E+01  3.370815E+01
97   4.04104670E-06 -1.755904E+00  0.000000E+00  4.501638E+01  3.211724E+01
98   4.23783765E-06 -1.841278E+00  0.000000E+00  4.723035E+01  3.059767E+01
99   4.44420640E-06 -1.930787E+00  0.000000E+00  4.955205E+01  2.914589E+01
100  4.66061868E-06 -2.024628E+00  0.000000E+00  5.198672E+01  2.775847E+01
101  4.88756285E-06 -2.123009E+00  0.000000E+00  5.453984E+01  2.643209E+01
102  5.12555099E-06 -2.226146E+00  0.000000E+00  5.721717E+01  2.516360E+01
103  5.37512004E-06 -2.334265E+00  0.000000E+00  6.002475E+01  2.394991E+01
104  5.63683298E-06 -2.447603E+00  0.000000E+00  6.296889E+01  2.278808E+01
105  5.91128017E-06 -2.566408E+00  0.000000E+00  6.605624E+01  2.167524E+01
106  6.19908058E-06 -2.690936E+00  0.000000E+00  6.929373E+01  2.060863E+01
107  6.50088324E-06 -2.821459E+00  0.000000E+00  7.268867E+01  1.958554E+01
108  6.81736868E-06 -2.958257E+00  0.000000E+00  7.624870E+01  1.860336E+01
109  7.14925044E-06 -3.101625E+00  0.000000E+00  7.998182E+01  1.765953E+01
110  7.49727669E-06 -3.251867E+00  0.000000E+00  8.389642E+01  1.675154E+01
111  7.86223188E-06 -3.409304E+00  0.000000E+00  8.800133E+01  1.587693E+01
112  8.24493852E-06 -3.574267E+00  0.000000E+00  9.230575E+01  1.503328E+01
113  8.64625902E-06 -3.747101E+00  0.000000E+00  9.681937E+01  1.421819E+01
114  9.06709760E-06 -3.928166E+00  0.000000E+00  1.015523E+02  1.342928E+01
115  9.50840232E-06 -4.117835E+00  0.000000E+00  1.065152E+02  1.266417E+01
116  9.97116721E-06 -4.316494E+00  0.000000E+00  1.117192E+02  1.192050E+01
117  1.04564345E-05 -4.524545E+00  0.000000E+00  1.171760E+02  1.119588E+01
118  1.09652969E-05 -4.742403E+00  0.000000E+00  1.228977E+02  1.048787E+01
119  1.14989001E-05 -4.970496E+00  0.000000E+00  1.288973E+02  9.794049E+00
120  1.20584453E-05 -5.209266E+00  0.000000E+00  1.351881E+02  9.111898E+00
121  1.26451919E-05 -5.459169E+00  0.000000E+00  1.417842E+02  8.438859E+00
122  1.32604603E-05 -5.720673E+00  0.000000E+00  1.487004E+02  7.772292E+00
123  1.39056348E-05 -5.994257E+00  0.000000E+00  1.559520E+02  7.109467E+00
124  1.45821668E-05 -6.280410E+00  0.000000E+00  1.635554E+02  6.447547E+00
125  1.52915780E-05 -6.579631E+00  0.000000E+00  1.715274E+02  5.783573E+00
126  1.60354637E-05 -6.892426E+00  0.000000E+00  1.798859E+02  5.114445E+00
127  1.68154964E-05 -7.219305E+00  0.000000E+00  1.886493E+02  4.436904E+00
128  1.76334296E-05 -7.560781E+00  0.000000E+00  1.978372E+02  3.747514E+00
129  1.84911016E-05 -7.917364E+00  0.000000E+00  2.074699E+02  3.042639E+00
130  1.93904396E-05 -8.289560E+00  0.000000E+00  2.175688E+02  2.318422E+00
131  2.03334641E-05 -8.677866E+00  0.000000E+00  2.281564E+02  1.570764E+00
132  2.13222932E-05 -9.082759E+00  0.000000E+00  2.392558E+02  7.952970E-01
133  2.23591475E-05 -9.504697E+00  0.000000E+00  2.508917E+02 -1.263861E-02
134  2.34463549E-05 -9.944104E+00  0.000000E+00  2.630896E+02 -8.580208E-01
135  2.45863557E-05 -1.040137E+01  0.000000E+00  2.758764E+02 -1.746172E+00
136  2.57817083E-05 -1.087681E+01  0.000000E+00  2.892800E+02 -2.682786E+00
137  2.70350945E-05 -1.137071E+01  0.000000E+00  3.033298E+02 -3.673954E+00
138  2.83493258E-05 -1.188325E+01  0.000000E+00  3.180564E+02 -4.726193E+00
139  2.97273494E-05 -1.241451E+01  0.000000E+00  3.334920E+02 -5.846468E+00
140  3.11722545E-05 -1.296447E+01  0.000000E+00  3.496698E+02 -7.042216E+00
141  3.26872799E-05 -1.353293E+01  0.000000E+00  3.666251E+02 -8.321370E+00
142  3.42758203E-05 -1.411954E+01  0.000000E+00  3.843943E+02 -9.692369E+00
143  3.59414342E-05 -1.472375E+01  0.000000E+00  4.030156E+02 -1.116417E+01
144  3.76878519E-05 -1.534474E+01  0.000000E+00  4.225288E+02 -1.274625E+01
145  3.95189833E-05 -1.598141E+01  0.000000E+00  4.429757E+02 -1.444860E+01
146  4.14389270E-05 -1.663230E+01  0.000000E+00  4.643998E+02 -1.628168E+01
147  4.34519789E-05 -1.729556E+01  0.000000E+00  4.868462E+02 -1.825642E+01
148  4.55626421E-05 -1.796885E+01  0.000000E+00  5.103625E+02 -2.038411E+01
149  4.77756363E-05 -1.864928E+01  0.000000E+00  5.349981E+02 -2.267633E+01
150  5.00959085E-05 -1.933329E+01  0.000000E+00  5.608045E+02 -2.514481E+01
151  5.25286440E-05 -2.001656E+01  0.000000E+00  5.878355E+02 -2.780124E+01
152  5.50792775E-05 -2.069388E+01  0.000000E+00  6.161475E+02 -3.065706E+01
153  5.77535050E-05 -2.135899E+01  0.000000E+00  6.457992E+02 -3.372312E+01
154  6.05572966E-05 -2.200442E+01  0.000000E+00  6.768519E+02 -3.700930E+01
155  6.34969092E-05 -2.262130E+01  0.000000E+00  7.093699E+02 -4.052399E+01
156  6.65789006E-05 -2.319910E+01  0.000000E+00  7.434206E+02 -4.427188E+01
157  6.98101433E-05 -2.372542E+01  0.000000E+00  7.790745E+02 -4.826801E+01
158  7.31978402E-05 -2.418563E+01  0.000000E+00  8.164058E+02 -5.273112E+01
159  7.67495397E-05 -2.456256E+01  0.000000E+00  8.554924E+02 -5.611958E+01
160  8.04731525E-05 -2.483608E+01  0.000000E+00  8.964413E+02 -5.415749E+01
161  8.43769689E-05 -2.498263E+01  0.000000E+00  9.393613E+02 -7.759301E+01
162  8.84696764E-05 -2.500000E+01  0.000000E+00  9.840041E+02 -7.826367E+01
163  9.27603793E-05 -2.500000E+01  0.000000E+00  1.031106E+03 -6.628655E+01
164  9.72586177E-05 -2.500000E+01  0.000000E+00  1.080331E+03 -8.173225E+01
165  1.01974389E-04 -2.500000E+01  0.000000E+00  1.131848E+03 -8.803724E+01
166  1.06918168E-04 -2.500000E+01  0.000000E+00  1.185794E+03 -9.344360E+01
167  1.12100933E-04 -2.500000E+01  0.000000E+00  1.242282E+03 -9.936428E+01
168  1.17534186E-04 -2.500000E+01  0.000000E+00  1.301431E+03 -1.055054E+02
169  1.23229977E-04 -2.500000E+01  0.000000E+00  1.363365E+03 -1.118708E+02
170  1.29200936E-04 -2.500000E+01  0.000000E+00  1.428215E+03 -1.184760E+02
171  1.35460293E-04 -2.500000E+01  0.000000E+00  1.496116E+03 -1.253350E+02
172  1.42021909E-04 -2.500000E+01  0.000000E+00  1.567212E+03 -1.324625E+02
173  1.48900311E-04 -2.500000E+01  0.000000E+00  1.641650E+03 -1.398734E+02
174  1.56110712E-04 -2.500000E+01  0.000000E+00  1.719585E+03 -1.475834E+02
175  1.63669057E-04 -2.500000E+01  0.000000E+00  1.801182E+03 -1.556087E+02
176  1.71592045E-04 -2.500000E+01  0.000000E+00  1.886609E+03 -1.639662E+02
177  1.79897173E-04 -2.500000E+01  0.000000E+00  1.976044E+03 -1.726734E+02
178  1.88602770E-04 -2.500000E+01  0.000000E+00  2.069673E+03 -1.817487E+02
179  1.97728036E-04 -2.500000E+01  0.000000E+00  2.167688E+03 -1.912109E+02
180  2.07293086E-04 -2.500000E+01  0.000000E+00  2.270293E+03 -2.010798E+02
181  2.17318987E-04 -2.500000E+01  0.000000E+00  2.377699E+03 -2.113760E+02
182  2.27827808E-04 -2.500000E+01  0.000000E+00  2.490126E+03 -2.221210E+02
183  2.38842664E-04 -2.500000E+01  0.000000E+00  2.607806E+03 -2.333370E+02
184  2.50387768E-04 -2.500000E+01  0.000000E+00  2.730978E+03 -2.450472E+02
185  2.62488477E-04 -2.500000E+01  0.000000E+00  2.859895E+03 -2.572759E+02
186  2.75171351E-04 -2.500000E+01  0.000000E+00  2.994818E+03 -2.700483E+02
187  2.88464206E-04 -2.500000E+01  0.000000E+00  3.136021E+03 -2.833906E+02
188  3.02396173E-04 -2.500000E+01  0.000000E+00  3.283790E+03 -2.973303E+02
189  3.16997758E-04 -2.500000E+01  0.000000E+00  3.438422E+03 -3.118959E+02
190  3.32300910E-04 -2.500000E+01  0.000000E+00  3.600229E+03 -3.271171E+02
191  3.48339082E-04 -2.500000E+01  0.000000E+00  3.769535E+03 -3.430250E+02
192  3.65147305E-04 -2.500000E+01  0.000000E+00  3.946676E+03 -3.596519E+02
193  3.82762262E-04 -2.500000E+01  0.000000E+00  4.132007E+03 -3.770314E+02
194  4.01222358E-04 -2.500000E+01  0.000000E+00  4.325893E+03 -3.951987E+02
195  4.20567807E-04 -2.500000E+01  0.000000E+00  4.528718E+03 -4.141904E+02
196  4.40840712E-04 -2.500000E+01  0.000000E+00  4.740880E+03 -4.340445E+02
197  4.62085150E-04 -2.500000E+01  0.000000E+00  4.962793E+03 -4.548009E+02
198  4.84347268E-04 -2.500000E+01  0.000000E+00  5.194890E+03 -4.765009E+02
199  5.07675372E-04 -2.500000E+01  0.000000E+00  5.437621E+03 -4.991875E+02
200  5.32120032E-04 -2.500000E+01  0.000000E+00  5.691453E+03 -5.229059E+02
201  5.57734180E-04 -2.500000E+01  0.000000E+00  5.956874E+03 -5.477026E+02
202  5.84573222E-04 -2.500000E+01  0.000000E+00  6.234388E+03 -5.736265E+02
203  6.12695150E-04 -2.500000E+01  0.000000E+00  6.524523E+03 -6.007282E+02
204  6.42160660E-04 -2.500000E+01  0.000000E+00  6.827825E+03 -6.290606E+02
205  6.73033273E-04 -2.500000E+01  0.000000E+00  7.144862E+03 -6.586786E+02
206  7.05379467E-04 -2.500000E+01  0.000000E+00  7.476224E+03 -6.896393E+02
207  7.39268806E-04 -2.500000E+01  0.000000E+00  7.822522E+03 -7.220022E+02
208  7.74774085E-04 -2.500000E+01  0.000000E+00  8.184391E+03 -7.558291E+02
209  8.11971475E-04 -2.500000E+01  0.000000E+00  8.562489E+03 -7.911843E+02
210  8.50940672E-04 -2.500000E+01  0.000000E+00  8.957499E+03 -8.281346E+02
211  8.91765059E-04 -2.500000E+01  0.000000E+00  9.370126E+03 -8.667495E+02
212  9.34531869E-04 -2.500000E+01  0.000000E+00  9.801102E+03 -9.071009E+02
213  9.79332361E-04 -2.500000E+01  0.000000E+00  1.025118E+04 -9.492637E+02
214  1.02626200E-03 -2.500000E+01  0.000000E+00  1.072115E+04 -9.933156E+02
215  1.07542063E-03 -2.500000E+01  0.000000E+00  1.121182E+04 -1.039337E+03
216  1.12691272E-03 -2.500000E+01  0.000000E+00  1.172401E+04 -1.087412E+03
217  1.18084747E-03 -2.500000E+01  0.000000E+00  1.225860E+04 -1.137626E+03
218  1.23733915E-03 -2.500000E+01  0.000000E+00  1.281646E+04 -1.190070E+03
219  1.29650722E-03 -2.500000E+01  0.000000E+00  1.339852E+04 -1.244836E+03
220  1.35847659E-03 -2.500000E+01  0.000000E+00  1.400571E+04 -1.302020E+03
221  1.42337790E-03 -2.500000E+01  0.000000E+00  1.463899E+04 -1.361722E+03
222  1.49134771E-03 -2.500000E+01  0.000000E+00  1.529937E+04 -1.424044E+03
223  1.56252881E-03 -2.500000E+01  0.000000E+00  1.598786E+04 -1.489092E+03
224  1.63707045E-03 -2.500000E+01  0.000000E+00  1.670549E+04 -1.556976E+03
225  1.71512867E-03 -2.500000E+01  0.000000E+00  1.745335E+04 -1.627809E+03
226  1.79686654E-03 -2.500000E+01  0.000000E+00  1.823251E+04 -1.701706E+03
227  1.88245451E-03 -2.500000E+01  0.000000E+00  1.904408E+04 -1.778788E+03
228  1.97207072E-03 -2.500000E+01  0.000000E+00  1.988921E+04 -1.859177E+03
229  2.06590131E-03 -2.500000E+01  0.000000E+00  2.076903E+04 -1.943000E+03
230  2.16414080E-03 -2.500000E+01  0.000000E+00  2.168472E+04 -2.030388E+03
231  2.26699239E-03 -2.500000E+01  0.000000E+00  2.263745E+04 -2.121472E+03
232  2.37466842E-03 -2.500000E+01  0.000000E+00  2.362842E+04 -2.216390E+03
233  2.48739067E-03 -2.500000E+01  0.000000E+00  2.465882E+04 -2.315281E+03
234  2.60539082E-03 -2.500000E+01  0.000000E+00  2.572986E+04 -2.418288E+03
235  2.72891085E-03 -2.500000E+01  0.000000E+00  2.684274E+04 -2.525555E+03
236  2.85820347E-03 -2.500000E+01  0.000000E+00  2.799866E+04 -2.637231E+03
237  2.99353257E-03 -2.500000E+01  0.000000E+00  2.919882E+04 -2.753466E+03
238  3.13517372E-03 -2.500000E+01  0.000000E+00  3.044439E+04 -2.874412E+03
239  3.28341460E-03 -2.500000E+01  0.000000E+00  3.173652E+04 -3.000225E+03
240  3.43855556E-03 -2.500000E+01  0.000000E+00  3.307635E+04 -3.131059E+03
241  3.60091011E-03 -2.500000E+01  0.000000E+00  3.446496E+04 -3.267073E+03
242  3.77080547E-03 -2.500000E+01  0.000000E+00  3.590341E+04 -3.408423E+03
243  3.94858316E-03 -2.500000E+01  0.000000E+00  3.739268E+04 -3.555269E+03
244  4.13459955E-03 -2.500000E+01  0.000000E+00  3.893371E+04 -3.707767E+03
245  4.32922646E-03 -2.500000E+01  0.000000E+00  4.052736E+04 -3.866075E+03
246  4.53285185E-03 -2.500000E+01  0.000000E+00  4.217439E+04 -4.030348E+03
247  4.74588038E-03 -2.500000E+01  0.000000E+00  4.387546E+04 -4.200739E+03
248  4.96873418E-03 -2.500000E+01  0.000000E+00  4.563114E+04 -4.377398E+03
249  5.20185346E-03 -2.500000E+01  0.000000E+00  4.744183E+04 -4.560470E+03
250  5.44569729E-03 -2.500000E+01  0.000000E+00  4.930782E+04 -4.750096E+03
251  5.70074433E-03 -2.500000E+01  0.000000E+00  5.122921E+04 -4.946411E+03
252  5.96749360E-03 -2.500000E+01  0.000000E+00  5.320591E+04 -5.149540E+03
253  6.24646527E-03 -2.500000E+01  0.000000E+00  5.523764E+04 -5.359603E+03
254  6.53820151E-03 -2.500000E+01  0.000000E+00  5.732388E+04 -5.576707E+03
255  6.84326734E-03 -2.500000E+01  0.000000E+00  5.946385E+04 -5.800949E+03
256  7.16225148E-03 -2.500000E+01  0.000000E+00  6.165649E+04 -6.032411E+03
257  7.49576731E-03 -2.500000E+01  0.000000E+00  6.390044E+04 -6.271161E+03
258  7.84445377E-03 -2.500000E+01  0.000000E+00  6.619399E+04 -6.517249E+03
259  8.20897635E-03 -2.500000E+01  0.000000E+00  6.853506E+04 -6.770707E+03
260  8.59002810E-03 -2.500000E+01  0.000000E+00  7.092117E+04 -7.031543E+03
261  8.98833065E-03 -2.500000E+01  0.000000E+00  7.334939E+04 -7.299744E+03
262  9.40463527E-03 -2.500000E+01  0.000000E+00  7.581635E+04 -7.575268E+03
263  9.83972397E-03 -2.500000E+01  0.000000E+00  7.831811E+04 -7.858044E+03
264  1.02944107E-02 -2.500000E+01  0.000000E+00  8.085023E+04 -8.147971E+03
265  1.07695422E-02 -2.500000E+01  0.000000E+00  8.340765E+04 -8.444911E+03
266  1.12659999E-02 -2.500000E+01  0.000000E+00  8.598467E+04 -8.748687E+03
267  1.17847003E-02 -2.500000E+01  0.000000E+00  8.857494E+04 -9.059081E+03
268  1.23265968E-02 -2.500000E+01  0.000000E+00  9.117134E+04 -9.375830E+03
269  1.28926809E-02 -2.500000E+01  0.000000E+00  9.376602E+04 -9.698621E+03
270  1.34839832E-02 -2.500000E+01  0.000000E+00  9.635031E+04 -1.002709E+04
271  1.41015754E-02 -2.500000E+01  0.000000E+00  9.891468E+04 -1.036081E+04
272  1.47465712E-02 -2.500000E+01  0.000000E+00  1.014487E+05 -1.069930E+04
273  1.54201279E-02 -2.500000E+01  0.000000E+00  1.039409E+05 -1.104202E+04
274  1.61234479E-02 -2.500000E+01  0.000000E+00  1.063791E+05 -1.138834E+04
275  1.68577802E-02 -2.500000E+01  0.000000E+00  1.087498E+05 -1.173758E+04
276  1.76244221E-02 -2.500000E+01  0.000000E+00  1.110386E+05 -1.208896E+04
277  1.84247205E-02 -2.500000E+01  0.000000E+00  1.132300E+05 -1.244163E+04
278  1.92600738E-02 -2.500000E+01  0.000000E+00  1.153073E+05 -1.279466E+04
279  2.01319334E-02 -2.500000E+01  0.000000E+00  1.172528E+05 -1.314702E+04
280  2.10418055E-02 -2.500000E+01  0.000000E+00  1.190477E+05 -1.349758E+04
281  2.19912529E-02 -2.500000E+01  0.000000E+00  1.206718E+05 -1.384514E+04
282  2.29818967E-02 -2.500000E+01  0.000000E+00  1.221042E+05 -1.418836E+04
283  2.40154179E-02 -2.500000E+01  0.000000E+00  1.233225E+05 -1.452583E+04
284  2.50935596E-02 -2.500000E+01  0.000000E+00  1.243034E+05 -1.485601E+04
285  2.62181289E-02 -2.500000E+01  0.000000E+00  1.250228E+05 -1.517728E+04
286  2.73909984E-02 -2.500000E+01  0.000000E+00  1.254553E+05 -1.548788E+04
287  2.86141085E-02 -2.500000E+01  0.000000E+00  1.255749E+05 -1.578597E+04
288  2.98894695E-02 -2.500000E+01  0.000000E+00  1.253550E+05 -1.606958E+04
289  3.12191632E-02 -2.500000E+01  0.000000E+00  1.247680E+05 -1.633665E+04
290  3.26053452E-02 -2.500000E+01  0.000000E+00  1.237864E+05 -1.658501E+04
291  3.40502471E-02 -2.500000E+01  0.000000E+00  1.223822E+05 -1.681240E+04
292  3.55561784E-02 -2.500000E+01  0.000000E+00  1.205275E+05 -1.701646E+04
293  3.71255286E-02 -2.500000E+01  0.000000E+00  1.181946E+05 -1.719475E+04
294  3.87607695E-02 -2.500000E+01  0.000000E+00  1.153566E+05 -1.734477E+04
295  4.04644576E-02 -2.500000E+01  0.000000E+00  1.119873E+05 -1.746394E+04
296  4.22392357E-02 -2.500000E+01  0.000000E+00  1.080619E+05 -1.754964E+04
297  4.40878357E-02 -2.500000E+01  0.000000E+00  1.035574E+05 -1.759922E+04
298  4.60130806E-02 -2.500000E+01  0.000000E+00  9.845288E+04 -1.761003E+04
299  4.80178868E-02 -2.500000E+01  0.000000E+00  9.273001E+04 -1.757940E+04
300  5.01052665E-02 -2.500000E+01  0.000000E+00  8.637378E+04 -1.750474E+04
301  5.22783298E-02 -2.500000E+01  0.000000E+00  7.937289E+04 -1.738347E+04
302  5.45402871E-02 -2.500000E+01  0.000000E+00  7.172041E+04 -1.721314E+04
303  5.68944514E-02 -2.500000E+01  0.000000E+00  6.341442E+04 -1.699142E+04
304  5.93442408E-02 -2.500000E+01  0.000000E+00  5.445864E+04 -1.671611E+04
305  6.18931805E-02 -2.500000E+01  0.000000E+00  4.486310E+04 -1.638525E+04
306  6.45449054E-02 -2.500000E+01  0.000000E+00  3.464487E+04 -1.599709E+04
307  6.73031623E-02 -2.500000E+01  0.000000E+00  2.382868E+04 -1.555016E+04
308  7.01718123E-02 -2.500000E+01  0.000000E+00  1.244765E+04 -1.504334E+04
309  7.31548330E-02 -2.500000E+01  0.000000E+00  5.438824E+02 -1.447587E+04
310  7.62563209E-02 -2.500000E+01  0.000000E+00 -1.183091E+04 -1.384740E+04
311  7.94804936E-02 -2.500000E+01  0.000000E+00 -2.461488E+04 -1.315807E+04
312  8.28316922E-02 -2.500000E+01  0.000000E+00 -3.773554E+04 -1.240851E+04
313  8.63143835E-02 -2.500000E+01  0.000000E+00 -5.110945E+04 -1.159995E+04
314  8.99331622E-02 -2.500000E+01  0.000000E+00 -6.464194E+04 -1.073419E+04
315  9.36927529E-02 -2.500000E+01  0.000000E+00 -7.822704E+04 -9.813690E+03
316  9.75980127E-02 -2.500000E+01  0.000000E+00 -9.174754E+04 -8.841615E+03
317  1.01653933E-01 -2.500000E+01  0.000000E+00 -1.050753E+05 -7.821832E+03
318  1.05865642E-01 -2.500000E+01  0.000000E+00 -1.180716E+05 -6.758956E+03
319  1.10238406E-01 -2.500000E+01  0.000000E+00 -1.305881E+05 -5.658366E+03
320  1.14777631E-01 -2.500000E+01  0.000000E+00 -1.424678E+05 -4.526210E+03
321  1.19488868E-01 -2.500000E+01  0.000000E+00 -1.535463E+05 -3.369404E+03
322  1.24377811E-01 -2.500000E+01  0.000000E+00 -1.636533E+05 -2.195617E+03
323  1.29450299E-01 -2.500000E+01  0.000000E+00 -1.726149E+05 -1.013240E+03
324  1.34712320E-01 -2.500000E+01  0.000000E+00 -1.802555E+05  1.686536E+02
325  1.40170014E-01 -2.500000E+01  0.000000E+00 -1.864008E+05  1.340373E+03
326  1.45829668E-01 -2.500000E+01  0.000000E+00 -1.908805E+05  2.491681E+03
327  1.51697726E-01 -2.500000E+01  0.000000E+00 -1.935314E+05  3.611895E+03
328  1.57780785E-01 -2.500000E+01  0.000000E+00 -1.942014E+05  4.689990E+03
329  1.64085596E-01 -2.500000E+01  0.000000E+00 -1.927531E+05  5.714738E+03
330  1.70619071E-01 -2.500000E+01  0.000000E+00 -1.890676E+05  6.674850E+03
331  1.77388278E-01 -2.500000E+01  0.000000E+00 -1.830490E+05  7.559141E+03
332  1.84400445E-01 -2.500000E+01  0.000000E+00 -1.746281E+05  8.356709E+03
333  1.91662961E-01 -2.500000E+01  0.000000E+00 -1.637671E+05  9.057127E+03
334  1.99183377E-01 -2.500000E+01  0.000000E+00 -1.504630E+05  9.650646E+03
335  2.06969406E-01 -2.500000E+01  0.000000E+00 -1.347520E+05  1.012840E+04
336  2.15028926E-01 -2.500000E+01  0.000000E+00 -1.167121E+05  1.048261E+04
337  2.23369978E-01 -2.500000E+01  0.000000E+00 -9.646641E+04  1.070683E+04
338  2.32000766E-01 -2.500000E+01  0.000000E+00 -7.418532E+04  1.079610E+04
339  2.40929663E-01 -2.500000E+01  0.000000E+00 -5.008750E+04  1.074716E+04
340  2.50165203E-01 -2.500000E+01  0.000000E+00 -2.444053E+04  1.055863E+04
341  2.59716091E-01 -2.500000E+01  0.000000E+00  2.439899E+03  1.023115E+04
342  2.69591193E-01 -2.500000E+01  0.000000E+00  3.019182E+04  9.767501E+03
343  2.79799544E-01 -2.500000E+01  0.000000E+00  5.841022E+04  9.172682E+03
344  2.90350343E-01 -2.500000E+01  0.000000E+00  8.665157E+04  8.453957E+03
345  3.01252956E-01 -2.500000E+01  0.000000E+00  1.144398E+05  7.620840E+03
346  3.12516914E-01 -2.500000E+01  0.000000E+00  1.412735E+05  6.685048E+03
347  3.24151913E-01 -2.500000E+01  0.000000E+00  1.666350E+05  5.660381E+03
348  3.36167811E-01 -2.500000E+01  0.000000E+00  1.899998E+05  4.562558E+03
349  3.48574633E-01 -2.500000E+01  0.000000E+00  2.108480E+05  3.408993E+03
350  3.61382564E-01 -2.500000E+01  0.000000E+00  2.286760E+05  2.218517E+03
351  3.74601954E-01 -2.500000E+01  0.000000E+00  2.430094E+05  1.011048E+03
352  3.88243310E-01 -2.500000E+01  0.000000E+00  2.534155E+05 -1.927844E+02
353  4.02317301E-01 -2.500000E+01  0.000000E+00  2.595168E+05 -1.372051E+03
354  4.16834754E-01 -2.500000E+01  0.000000E+00  2.610030E+05 -2.505971E+03
355  4.31806653E-01 -2.500000E+01  0.000000E+00  2.576432E+05 -3.574372E+03
356  4.47244137E-01 -2.500000E+01  0.000000E+00  2.492958E+05 -4.558158E+03
357  4.63158498E-01 -2.500000E+01  0.000000E+00  2.359179E+05 -5.439777E+03
358  4.79561183E-01 -2.500000E+01  0.000000E+00  2.175718E+05 -6.203655E+03
359  4.96463786E-01 -2.500000E+01  0.000000E+00  1.944293E+05 -6.836608E+03
360  5.13878050E-01 -2.500000E+01  0.000000E+00  1.667731E+05 -7.328192E+03
361  5.31815867E-01 -2.500000E+01  0.000000E+00  1.349955E+05 -7.670995E+03
362  5.50289268E-01 -2.500000E+01  0.000000E+00  9.959379E+04 -7.860855E+03
363  5.69310431E-01 -2.500000E+01  0.000000E+00  6.116206E+04 -7.896989E+03
364  5.88891669E-01 -2.500000E+01  0.000000E+00  2.038052E+04 -7.782029E+03
365  6.09045436E-01 -2.500000E+01  0.000000E+00 -2.199863E+04 -7.521963E+03
366  6.29784316E-01 -2.500000E+01  0.000000E+00 -6.516787E+04 -7.125975E+03
367  6.51121029E-01 -2.500000E+01  0.000000E+00 -1.082832E+05 -6.606190E+03
368  6.73068421E-01 -2.500000E+01  0.000000E+00 -1.504845E+05 -5.977331E+03
369  6.95639466E-01 -2.500000E+01  0.000000E+00 -1.909174E+05 -5.256294E+03
370  7.18847261E-01 -2.500000E+01  0.000000E+00 -2.287549E+05 -4.461658E+03
371  7.42705023E-01 -2.500000E+01  0.000000E+00 -2.632191E+05 -3.613145E+03
372  7.67226085E-01 -2.500000E+01  0.000000E+00 -2.936013E+05 -2.731046E+03
373  7.92423898E-01 -2.500000E+01  0.000000E+00 -3.192802E+05 -1.835638E+03
374  8.18312022E-01 -2.500000E+01  0.000000E+00 -3.397379E+05 -9.466095E+02
375  8.44904123E-01 -2.500000E+01  0.000000E+00 -3.545721E+05 -8.250995E+01
376  8.72213976E-01 -2.500000E+01  0.000000E+00 -3.635044E+05  7.397454E+02
377  9.00255454E-01 -2.500000E+01  0.000000E+00 -3.663855E+05  1.505310E+03
378  9.29042528E-01 -2.500000E+01  0.000000E+00 -3.631945E+05  2.201762E+03
379  9.58589267E-01 -2.500000E+01  0.000000E+00 -3.540352E+05  2.819363E+03
380  9.88909827E-01 -2.500000E+01  0.000000E+00 -3.391270E+05  3.351233E+03
381  1.02001845E+00 -2.500000E+01  0.000000E+00 -3.187929E+05  3.793413E+03
382  1.05192948E+00 -2.500000E+01  0.000000E+00 -2.934427E+05  4.144843E+03
383  1.08465731E+00 -2.500000E+01  0.000000E+00 -2.635545E+05  4.407243E+03
384  1.11821644E+00 -2.500000E+01  0.000000E+00 -2.296528E+05  4.584918E+03
385  1.15262143E+00 -2.500000E+01  0.000000E+00 -1.922856E+05  4.684503E+03
386  1.18788690E+00 -2.500000E+01  0.000000E+00 -1.519999E+05  4.714654E+03
387  1.22402756E+00 -2.500000E+01  0.000000E+00 -1.093174E+05  4.685719E+03
388  1.26105817E+00 -2.500000E+01  0.000000E+00 -6.471005E+04  4.609398E+03
389  1.29899355E+00 -2.500000E+01  0.000000E+00 -1.857589E+04  4.498419E+03
390  1.33784857E+00 -2.500000E+01  0.000000E+00  2.878388E+04  4.366254E+03
391  1.37763817E+00 -2.500000E+01  0.000000E+00  7.718766E+04  4.226885E+03
392  1.41837731E+00 -2.500000E+01  0.000000E+00  1.265958E+05  4.094661E+03
393  1.46008102E+00 -2.500000E+01  0.000000E+00  1.771336E+05  3.984243E+03
394  1.50276437E+00 -2.500000E+01  0.000000E+00  2.291157E+05  3.910678E+03
395  1.54644245E+00 -2.500000E+01  0.000000E+00  2.830742E+05  3.889612E+03
396  1.59113041E+00 -2.500000E+01  0.000000E+00  3.397925E+05  3.937684E+03
397  1.63684340E+00 -2.500000E+01  0.000000E+00  4.003470E+05  4.073117E+03
398  1.68359663E+00 -2.500000E+01  0.000000E+00  4.661633E+05  4.317207E+03
399  1.73140531E+00 -2.500000E+01  0.000000E+00  1.910630E+06  1.662677E+04
