#      n =  6
#  kappa = -1
# energy = -4.58135188E+01
#     vc = -5.51292073E+07


0    9.09090909E-08 -2.325927E-02  0.000000E+00 -0.000000E+00  2.364150E+00
1    9.53405381E-08 -2.439306E-02  0.000000E+00  2.352491E-05  2.364150E+00
2    9.99879878E-08 -2.558212E-02  0.000000E+00  4.819650E-05  2.254263E+00
3    1.04861968E-07 -2.682914E-02  0.000000E+00  7.407065E-05  2.149485E+00
4    1.09973519E-07 -2.813693E-02  0.000000E+00  1.012060E-04  2.049577E+00
5    1.15334219E-07 -2.950848E-02  0.000000E+00  1.296639E-04  1.954313E+00
6    1.20956213E-07 -3.094687E-02  0.000000E+00  1.595090E-04  1.863477E+00
7    1.26852234E-07 -3.245537E-02  0.000000E+00  1.908088E-04  1.776864E+00
8    1.33035639E-07 -3.403741E-02  0.000000E+00  2.236342E-04  1.694277E+00
9    1.39520432E-07 -3.569655E-02  0.000000E+00  2.580595E-04  1.615528E+00
10   1.46321303E-07 -3.743656E-02  0.000000E+00  2.941628E-04  1.540440E+00
11   1.53453657E-07 -3.926137E-02  0.000000E+00  3.320258E-04  1.468842E+00
12   1.60933648E-07 -4.117513E-02  0.000000E+00  3.717343E-04  1.400572E+00
13   1.68778219E-07 -4.318217E-02  0.000000E+00  4.133782E-04  1.335475E+00
14   1.77005137E-07 -4.528703E-02  0.000000E+00  4.570518E-04  1.273405E+00
15   1.85633036E-07 -4.749448E-02  0.000000E+00  5.028540E-04  1.214219E+00
16   1.94681458E-07 -4.980952E-02  0.000000E+00  5.508887E-04  1.157784E+00
17   2.04170897E-07 -5.223739E-02  0.000000E+00  6.012645E-04  1.103973E+00
18   2.14122844E-07 -5.478359E-02  0.000000E+00  6.540957E-04  1.052663E+00
19   2.24559839E-07 -5.745388E-02  0.000000E+00  7.095017E-04  1.003737E+00
20   2.35505520E-07 -6.025433E-02  0.000000E+00  7.676082E-04  9.570863E-01
21   2.46984676E-07 -6.319125E-02  0.000000E+00  8.285466E-04  9.126036E-01
22   2.59023305E-07 -6.627131E-02  0.000000E+00  8.924551E-04  8.701885E-01
23   2.71648669E-07 -6.950148E-02  0.000000E+00  9.594784E-04  8.297448E-01
24   2.84889362E-07 -7.288908E-02  0.000000E+00  1.029768E-03  7.911811E-01
25   2.98775369E-07 -7.644177E-02  0.000000E+00  1.103484E-03  7.544098E-01
26   3.13338134E-07 -8.016760E-02  0.000000E+00  1.180792E-03  7.193476E-01
27   3.28610637E-07 -8.407501E-02  0.000000E+00  1.261868E-03  6.859152E-01
28   3.44627462E-07 -8.817284E-02  0.000000E+00  1.346895E-03  6.540367E-01
29   3.61424879E-07 -9.247036E-02  0.000000E+00  1.436066E-03  6.236399E-01
30   3.79040923E-07 -9.697732E-02  0.000000E+00  1.529582E-03  5.946560E-01
31   3.97515484E-07 -1.017039E-01  0.000000E+00  1.627657E-03  5.670192E-01
32   4.16890395E-07 -1.066608E-01  0.000000E+00  1.730510E-03  5.406670E-01
33   4.37209525E-07 -1.118593E-01  0.000000E+00  1.838377E-03  5.155397E-01
34   4.58518883E-07 -1.173111E-01  0.000000E+00  1.951500E-03  4.915802E-01
35   4.80866716E-07 -1.230285E-01  0.000000E+00  2.070135E-03  4.687344E-01
36   5.04303624E-07 -1.290245E-01  0.000000E+00  2.194552E-03  4.469504E-01
37   5.28882670E-07 -1.353127E-01  0.000000E+00  2.325033E-03  4.261789E-01
38   5.54659501E-07 -1.419073E-01  0.000000E+00  2.461872E-03  4.063729E-01
39   5.81692476E-07 -1.488232E-01  0.000000E+00  2.605379E-03  3.874874E-01
40   6.10042797E-07 -1.560761E-01  0.000000E+00  2.755879E-03  3.694796E-01
41   6.39774644E-07 -1.636823E-01  0.000000E+00  2.913713E-03  3.523089E-01
42   6.70955325E-07 -1.716592E-01  0.000000E+00  3.079239E-03  3.359362E-01
43   7.03655427E-07 -1.800246E-01  0.000000E+00  3.252830E-03  3.203244E-01
44   7.37948973E-07 -1.887976E-01  0.000000E+00  3.434880E-03  3.054382E-01
45   7.73913591E-07 -1.979979E-01  0.000000E+00  3.625801E-03  2.912439E-01
46   8.11630691E-07 -2.076465E-01  0.000000E+00  3.826025E-03  2.777093E-01
47   8.51185645E-07 -2.177650E-01  0.000000E+00  4.036006E-03  2.648038E-01
48   8.92667985E-07 -2.283764E-01  0.000000E+00  4.256218E-03  2.524980E-01
49   9.36171603E-07 -2.395047E-01  0.000000E+00  4.487159E-03  2.407641E-01
50   9.81794959E-07 -2.511749E-01  0.000000E+00  4.729354E-03  2.295756E-01
51   1.02964131E-06 -2.634136E-01  0.000000E+00  4.983349E-03  2.189070E-01
52   1.07981895E-06 -2.762482E-01  0.000000E+00  5.249720E-03  2.087342E-01
53   1.13244142E-06 -2.897078E-01  0.000000E+00  5.529069E-03  1.990342E-01
54   1.18762783E-06 -3.038228E-01  0.000000E+00  5.822028E-03  1.897849E-01
55   1.24550304E-06 -3.186250E-01  0.000000E+00  6.129261E-03  1.809655E-01
56   1.30619803E-06 -3.341479E-01  0.000000E+00  6.451463E-03  1.725558E-01
57   1.36985013E-06 -3.504264E-01  0.000000E+00  6.789362E-03  1.645370E-01
58   1.43660338E-06 -3.674973E-01  0.000000E+00  7.143723E-03  1.568907E-01
59   1.50660881E-06 -3.853990E-01  0.000000E+00  7.515348E-03  1.495998E-01
60   1.58002481E-06 -4.041719E-01  0.000000E+00  7.905077E-03  1.426475E-01
61   1.65701749E-06 -4.238582E-01  0.000000E+00  8.313793E-03  1.360183E-01
62   1.73776102E-06 -4.445023E-01  0.000000E+00  8.742420E-03  1.296971E-01
63   1.82243808E-06 -4.661506E-01  0.000000E+00  9.191927E-03  1.236695E-01
64   1.91124022E-06 -4.888518E-01  0.000000E+00  9.663331E-03  1.179219E-01
65   2.00436831E-06 -5.126568E-01  0.000000E+00  1.015770E-02  1.124412E-01
66   2.10203302E-06 -5.376192E-01  0.000000E+00  1.067615E-02  1.072151E-01
67   2.20445525E-06 -5.637949E-01  0.000000E+00  1.121985E-02  1.022317E-01
68   2.31186665E-06 -5.912427E-01  0.000000E+00  1.179004E-02  9.747960E-02
69   2.42451016E-06 -6.200239E-01  0.000000E+00  1.238800E-02  9.294817E-02
70   2.54264053E-06 -6.502030E-01  0.000000E+00  1.301508E-02  8.862707E-02
71   2.66652490E-06 -6.818473E-01  0.000000E+00  1.367271E-02  8.450650E-02
72   2.79644342E-06 -7.150276E-01  0.000000E+00  1.436236E-02  8.057712E-02
73   2.93268986E-06 -7.498178E-01  0.000000E+00  1.508561E-02  7.683000E-02
74   3.07557229E-06 -7.862952E-01  0.000000E+00  1.584408E-02  7.325665E-02
75   3.22541377E-06 -8.245410E-01  0.000000E+00  1.663948E-02  6.984894E-02
76   3.38255307E-06 -8.646398E-01  0.000000E+00  1.747363E-02  6.659915E-02
77   3.54734543E-06 -9.066806E-01  0.000000E+00  1.834839E-02  6.349988E-02
78   3.72016339E-06 -9.507560E-01  0.000000E+00  1.926575E-02  6.054409E-02
79   3.90139758E-06 -9.969633E-01  0.000000E+00  2.022779E-02  5.772505E-02
80   4.09145768E-06 -1.045404E+00  0.000000E+00  2.123666E-02  5.503636E-02
81   4.29077323E-06 -1.096184E+00  0.000000E+00  2.229467E-02  5.247188E-02
82   4.49979470E-06 -1.149414E+00  0.000000E+00  2.340418E-02  5.002577E-02
83   4.71899447E-06 -1.205210E+00  0.000000E+00  2.456772E-02  4.769246E-02
84   4.94886785E-06 -1.263693E+00  0.000000E+00  2.578790E-02  4.546660E-02
85   5.18993427E-06 -1.324989E+00  0.000000E+00  2.706749E-02  4.334311E-02
86   5.44273841E-06 -1.389230E+00  0.000000E+00  2.840937E-02  4.131713E-02
87   5.70785140E-06 -1.456553E+00  0.000000E+00  2.981658E-02  3.938400E-02
88   5.98587217E-06 -1.527100E+00  0.000000E+00  3.129228E-02  3.753930E-02
89   6.27742874E-06 -1.601021E+00  0.000000E+00  3.283982E-02  3.577875E-02
90   6.58317967E-06 -1.678470E+00  0.000000E+00  3.446267E-02  3.409831E-02
91   6.90381551E-06 -1.759608E+00  0.000000E+00  3.616452E-02  3.249407E-02
92   7.24006038E-06 -1.844603E+00  0.000000E+00  3.794918E-02  3.096231E-02
93   7.59267360E-06 -1.933626E+00  0.000000E+00  3.982070E-02  2.949946E-02
94   7.96245135E-06 -2.026858E+00  0.000000E+00  4.178329E-02  2.810209E-02
95   8.35022853E-06 -2.124485E+00  0.000000E+00  4.384138E-02  2.676692E-02
96   8.75688059E-06 -2.226697E+00  0.000000E+00  4.599961E-02  2.549077E-02
97   9.18332550E-06 -2.333693E+00  0.000000E+00  4.826284E-02  2.427061E-02
98   9.63052583E-06 -2.445675E+00  0.000000E+00  5.063617E-02  2.310351E-02
99   1.00994909E-05 -2.562852E+00  0.000000E+00  5.312495E-02  2.198665E-02
100  1.05912790E-05 -2.685439E+00  0.000000E+00  5.573479E-02  2.091731E-02
101  1.11070000E-05 -2.813652E+00  0.000000E+00  5.847156E-02  1.989284E-02
102  1.16478173E-05 -2.947714E+00  0.000000E+00  6.134142E-02  1.891069E-02
103  1.22149512E-05 -3.087849E+00  0.000000E+00  6.435084E-02  1.796838E-02
104  1.28096809E-05 -3.234283E+00  0.000000E+00  6.750659E-02  1.706349E-02
105  1.34333480E-05 -3.387242E+00  0.000000E+00  7.081575E-02  1.619367E-02
106  1.40873590E-05 -3.546953E+00  0.000000E+00  7.428578E-02  1.535661E-02
107  1.47731886E-05 -3.713637E+00  0.000000E+00  7.792446E-02  1.455005E-02
108  1.54923833E-05 -3.887511E+00  0.000000E+00  8.173998E-02  1.377177E-02
109  1.62465646E-05 -4.068783E+00  0.000000E+00  8.574091E-02  1.301957E-02
110  1.70374324E-05 -4.257651E+00  0.000000E+00  8.993621E-02  1.229128E-02
111  1.78667694E-05 -4.454297E+00  0.000000E+00  9.433531E-02  1.158474E-02
112  1.87364446E-05 -4.658882E+00  0.000000E+00  9.894806E-02  1.089780E-02
113  1.96484177E-05 -4.871543E+00  0.000000E+00  1.037848E-01  1.022830E-02
114  2.06047433E-05 -5.092385E+00  0.000000E+00  1.088564E-01  9.574104E-03
115  2.16075758E-05 -5.321475E+00  0.000000E+00  1.141741E-01  8.933024E-03
116  2.26591739E-05 -5.558831E+00  0.000000E+00  1.197500E-01  8.302871E-03
117  2.37619059E-05 -5.804415E+00  0.000000E+00  1.255963E-01  7.681427E-03
118  2.49182549E-05 -6.058118E+00  0.000000E+00  1.317262E-01  7.066442E-03
119  2.61308242E-05 -6.319749E+00  0.000000E+00  1.381534E-01  6.455627E-03
120  2.74023433E-05 -6.589018E+00  0.000000E+00  1.448922E-01  5.846658E-03
121  2.87356740E-05 -6.865517E+00  0.000000E+00  1.519577E-01  5.237164E-03
122  3.01338166E-05 -7.148701E+00  0.000000E+00  1.593654E-01  4.624736E-03
123  3.15999168E-05 -7.437859E+00  0.000000E+00  1.671320E-01  4.006925E-03
124  3.31372727E-05 -7.732089E+00  0.000000E+00  1.752746E-01  3.381250E-03
125  3.47493418E-05 -8.030259E+00  0.000000E+00  1.838113E-01  2.745206E-03
126  3.64397493E-05 -8.330977E+00  0.000000E+00  1.927612E-01  2.096283E-03
127  3.82122956E-05 -8.632536E+00  0.000000E+00  2.021439E-01  1.431985E-03
128  4.00709652E-05 -8.932870E+00  0.000000E+00  2.119803E-01  7.498615E-04
129  4.20199353E-05 -9.229488E+00  0.000000E+00  2.222921E-01  4.754943E-05
130  4.40635851E-05 -9.519408E+00  0.000000E+00  2.331021E-01 -6.771723E-04
131  4.62065058E-05 -9.799073E+00  0.000000E+00  2.444342E-01 -1.426312E-03
132  4.84535102E-05 -1.006426E+01  0.000000E+00  2.563134E-01 -2.201570E-03
133  5.08096444E-05 -1.030998E+01  0.000000E+00  2.687660E-01 -3.000487E-03
134  5.32801977E-05 -1.053033E+01  0.000000E+00  2.818194E-01 -3.867980E-03
135  5.58707157E-05 -1.071837E+01  0.000000E+00  2.955022E-01 -5.117687E-03
136  5.85870114E-05 -1.086596E+01  0.000000E+00  3.098457E-01 -1.933349E-03
137  6.14351789E-05 -1.096355E+01  0.000000E+00  3.249045E-01 -6.417066E-03
138  6.44216066E-05 -1.099998E+01  0.000000E+00  3.406380E-01 -1.610406E-02
139  6.75529912E-05 -1.100000E+01  0.000000E+00  3.571239E-01 -7.002581E-03
140  7.08363527E-05 -1.100000E+01  0.000000E+00  3.744791E-01 -4.058729E-03
141  7.42790501E-05 -1.100000E+01  0.000000E+00  3.926308E-01 -1.112466E-02
142  7.78887973E-05 -1.100000E+01  0.000000E+00  4.116576E-01 -1.145711E-02
143  8.16736803E-05 -1.100000E+01  0.000000E+00  4.316022E-01 -1.244216E-02
144  8.56421751E-05 -1.100000E+01  0.000000E+00  4.525086E-01 -1.351614E-02
145  8.98031663E-05 -1.100000E+01  0.000000E+00  4.744228E-01 -1.461344E-02
146  9.41659669E-05 -1.100000E+01  0.000000E+00  4.973934E-01 -1.574328E-02
147  9.87403385E-05 -1.100000E+01  0.000000E+00  5.214711E-01 -1.690816E-02
148  1.03536513E-04 -1.100000E+01  0.000000E+00  5.467090E-01 -1.811066E-02
149  1.08565215E-04 -1.100000E+01  0.000000E+00  5.731629E-01 -1.935347E-02
150  1.13837686E-04 -1.100000E+01  0.000000E+00  6.008911E-01 -2.063932E-02
151  1.19365707E-04 -1.100000E+01  0.000000E+00  6.299546E-01 -2.197106E-02
152  1.25161628E-04 -1.100000E+01  0.000000E+00  6.604176E-01 -2.335165E-02
153  1.31238391E-04 -1.100000E+01  0.000000E+00  6.923469E-01 -2.478413E-02
154  1.37609563E-04 -1.100000E+01  0.000000E+00  7.258129E-01 -2.627167E-02
155  1.44289360E-04 -1.100000E+01  0.000000E+00  7.608891E-01 -2.781755E-02
156  1.51292683E-04 -1.100000E+01  0.000000E+00  7.976524E-01 -2.942518E-02
157  1.58635149E-04 -1.100000E+01  0.000000E+00  8.361835E-01 -3.109811E-02
158  1.66333123E-04 -1.100000E+01  0.000000E+00  8.765669E-01 -3.284002E-02
159  1.74403759E-04 -1.100000E+01  0.000000E+00  9.188909E-01 -3.465475E-02
160  1.82865030E-04 -1.100000E+01  0.000000E+00  9.632482E-01 -3.654627E-02
161  1.91735775E-04 -1.100000E+01  0.000000E+00  1.009736E+00 -3.851876E-02
162  2.01035734E-04 -1.100000E+01  0.000000E+00  1.058455E+00 -4.057653E-02
163  2.10785593E-04 -1.100000E+01  0.000000E+00  1.109512E+00 -4.272411E-02
164  2.21007030E-04 -1.100000E+01  0.000000E+00  1.163018E+00 -4.496619E-02
165  2.31722760E-04 -1.100000E+01  0.000000E+00  1.219090E+00 -4.730768E-02
166  2.42956588E-04 -1.100000E+01  0.000000E+00  1.277849E+00 -4.975370E-02
167  2.54733456E-04 -1.100000E+01  0.000000E+00  1.339424E+00 -5.230959E-02
168  2.67079498E-04 -1.100000E+01  0.000000E+00  1.403946E+00 -5.498094E-02
169  2.80022099E-04 -1.100000E+01  0.000000E+00  1.471557E+00 -5.777356E-02
170  2.93589951E-04 -1.100000E+01  0.000000E+00  1.542403E+00 -6.069353E-02
171  3.07813120E-04 -1.100000E+01  0.000000E+00  1.616635E+00 -6.374719E-02
172  3.22723102E-04 -1.100000E+01  0.000000E+00  1.694415E+00 -6.694119E-02
173  3.38352899E-04 -1.100000E+01  0.000000E+00  1.775910E+00 -7.028245E-02
174  3.54737087E-04 -1.100000E+01  0.000000E+00  1.861295E+00 -7.377821E-02
175  3.71911889E-04 -1.100000E+01  0.000000E+00  1.950752E+00 -7.743602E-02
176  3.89915252E-04 -1.100000E+01  0.000000E+00  2.044474E+00 -8.126379E-02
177  4.08786933E-04 -1.100000E+01  0.000000E+00  2.142662E+00 -8.526978E-02
178  4.28568579E-04 -1.100000E+01  0.000000E+00  2.245523E+00 -8.946261E-02
179  4.49303817E-04 -1.100000E+01  0.000000E+00  2.353278E+00 -9.385130E-02
180  4.71038349E-04 -1.100000E+01  0.000000E+00  2.466156E+00 -9.844527E-02
181  4.93820046E-04 -1.100000E+01  0.000000E+00  2.584395E+00 -1.032544E-01
182  5.17699052E-04 -1.100000E+01  0.000000E+00  2.708247E+00 -1.082889E-01
183  5.42727892E-04 -1.100000E+01  0.000000E+00  2.837971E+00 -1.135596E-01
184  5.68961579E-04 -1.100000E+01  0.000000E+00  2.973842E+00 -1.190777E-01
185  5.96457731E-04 -1.100000E+01  0.000000E+00  3.116145E+00 -1.248549E-01
186  6.25276697E-04 -1.100000E+01  0.000000E+00  3.265178E+00 -1.309036E-01
187  6.55481679E-04 -1.100000E+01  0.000000E+00  3.421252E+00 -1.372365E-01
188  6.87138868E-04 -1.100000E+01  0.000000E+00  3.584692E+00 -1.438669E-01
189  7.20317583E-04 -1.100000E+01  0.000000E+00  3.755838E+00 -1.508091E-01
190  7.55090412E-04 -1.100000E+01  0.000000E+00  3.935044E+00 -1.580774E-01
191  7.91533370E-04 -1.100000E+01  0.000000E+00  4.122679E+00 -1.656871E-01
192  8.29726056E-04 -1.100000E+01  0.000000E+00  4.319130E+00 -1.736543E-01
193  8.69751814E-04 -1.100000E+01  0.000000E+00  4.524799E+00 -1.819955E-01
194  9.11697912E-04 -1.100000E+01  0.000000E+00  4.740105E+00 -1.907282E-01
195  9.55655723E-04 -1.100000E+01  0.000000E+00  4.965487E+00 -1.998703E-01
196  1.00172091E-03 -1.100000E+01  0.000000E+00  5.201401E+00 -2.094410E-01
197  1.04999362E-03 -1.100000E+01  0.000000E+00  5.448322E+00 -2.194598E-01
198  1.10057872E-03 -1.100000E+01  0.000000E+00  5.706747E+00 -2.299475E-01
199  1.15358595E-03 -1.100000E+01  0.000000E+00  5.977190E+00 -2.409255E-01
200  1.20913023E-03 -1.100000E+01  0.000000E+00  6.260191E+00 -2.524162E-01
201  1.26733183E-03 -1.100000E+01  0.000000E+00  6.556309E+00 -2.644431E-01
202  1.32831663E-03 -1.100000E+01  0.000000E+00  6.866126E+00 -2.770304E-01
203  1.39221640E-03 -1.100000E+01  0.000000E+00  7.190248E+00 -2.902037E-01
204  1.45916906E-03 -1.100000E+01  0.000000E+00  7.529307E+00 -3.039894E-01
205  1.52931893E-03 -1.100000E+01  0.000000E+00  7.883956E+00 -3.184150E-01
206  1.60281706E-03 -1.100000E+01  0.000000E+00  8.254877E+00 -3.335094E-01
207  1.67982151E-03 -1.100000E+01  0.000000E+00  8.642777E+00 -3.493025E-01
208  1.76049769E-03 -1.100000E+01  0.000000E+00  9.048392E+00 -3.658253E-01
209  1.84501866E-03 -1.100000E+01  0.000000E+00  9.472482E+00 -3.831104E-01
210  1.93356552E-03 -1.100000E+01  0.000000E+00  9.915840E+00 -4.011914E-01
211  2.02632770E-03 -1.100000E+01  0.000000E+00  1.037928E+01 -4.201036E-01
212  2.12350343E-03 -1.100000E+01  0.000000E+00  1.086366E+01 -4.398832E-01
213  2.22530005E-03 -1.100000E+01  0.000000E+00  1.136986E+01 -4.605682E-01
214  2.33193447E-03 -1.100000E+01  0.000000E+00  1.189878E+01 -4.821981E-01
215  2.44363359E-03 -1.100000E+01  0.000000E+00  1.245137E+01 -5.048137E-01
216  2.56063469E-03 -1.100000E+01  0.000000E+00  1.302861E+01 -5.284575E-01
217  2.68318599E-03 -1.100000E+01  0.000000E+00  1.363149E+01 -5.531734E-01
218  2.81154706E-03 -1.100000E+01  0.000000E+00  1.426105E+01 -5.790073E-01
219  2.94598934E-03 -1.100000E+01  0.000000E+00  1.491837E+01 -6.060063E-01
220  3.08679667E-03 -1.100000E+01  0.000000E+00  1.560455E+01 -6.342197E-01
221  3.23426585E-03 -1.100000E+01  0.000000E+00  1.632071E+01 -6.636980E-01
222  3.38870718E-03 -1.100000E+01  0.000000E+00  1.706804E+01 -6.944940E-01
223  3.55044509E-03 -1.100000E+01  0.000000E+00  1.784772E+01 -7.266619E-01
224  3.71981871E-03 -1.100000E+01  0.000000E+00  1.866098E+01 -7.602578E-01
225  3.89718255E-03 -1.100000E+01  0.000000E+00  1.950908E+01 -7.953397E-01
226  4.08290716E-03 -1.100000E+01  0.000000E+00  2.039332E+01 -8.319675E-01
227  4.27737982E-03 -1.100000E+01  0.000000E+00  2.131500E+01 -8.702028E-01
228  4.48100528E-03 -1.100000E+01  0.000000E+00  2.227548E+01 -9.101092E-01
229  4.69420647E-03 -1.100000E+01  0.000000E+00  2.327610E+01 -9.517519E-01
230  4.91742535E-03 -1.100000E+01  0.000000E+00  2.431828E+01 -9.951983E-01
231  5.15112365E-03 -1.100000E+01  0.000000E+00  2.540341E+01 -1.040517E+00
232  5.39578380E-03 -1.100000E+01  0.000000E+00  2.653291E+01 -1.087780E+00
233  5.65190974E-03 -1.100000E+01  0.000000E+00  2.770824E+01 -1.137059E+00
234  5.92002787E-03 -1.100000E+01  0.000000E+00  2.893083E+01 -1.188428E+00
235  6.20068798E-03 -1.100000E+01  0.000000E+00  3.020214E+01 -1.241963E+00
236  6.49446426E-03 -1.100000E+01  0.000000E+00  3.152362E+01 -1.297741E+00
237  6.80195633E-03 -1.100000E+01  0.000000E+00  3.289672E+01 -1.355843E+00
238  7.12379027E-03 -1.100000E+01  0.000000E+00  3.432288E+01 -1.416347E+00
239  7.46061975E-03 -1.100000E+01  0.000000E+00  3.580351E+01 -1.479335E+00
240  7.81312720E-03 -1.100000E+01  0.000000E+00  3.734000E+01 -1.544889E+00
241  8.18202494E-03 -1.100000E+01  0.000000E+00  3.893370E+01 -1.613094E+00
242  8.56805648E-03 -1.100000E+01  0.000000E+00  4.058593E+01 -1.684032E+00
243  8.97199775E-03 -1.100000E+01  0.000000E+00  4.229794E+01 -1.757788E+00
244  9.39465848E-03 -1.100000E+01  0.000000E+00  4.407091E+01 -1.834447E+00
245  9.83688352E-03 -1.100000E+01  0.000000E+00  4.590595E+01 -1.914093E+00
246  1.02995543E-02 -1.100000E+01  0.000000E+00  4.780407E+01 -1.996810E+00
247  1.07835903E-02 -1.100000E+01  0.000000E+00  4.976616E+01 -2.082681E+00
248  1.12899506E-02 -1.100000E+01  0.000000E+00  5.179300E+01 -2.171788E+00
249  1.18196355E-02 -1.100000E+01  0.000000E+00  5.388522E+01 -2.264210E+00
250  1.23736880E-02 -1.100000E+01  0.000000E+00  5.604329E+01 -2.360027E+00
251  1.29531956E-02 -1.100000E+01  0.000000E+00  5.826748E+01 -2.459313E+00
252  1.35592922E-02 -1.100000E+01  0.000000E+00  6.055785E+01 -2.562139E+00
253  1.41931597E-02 -1.100000E+01  0.000000E+00  6.291425E+01 -2.668574E+00
254  1.48560300E-02 -1.100000E+01  0.000000E+00  6.533625E+01 -2.778682E+00
255  1.55491868E-02 -1.100000E+01  0.000000E+00  6.782313E+01 -2.892518E+00
256  1.62739677E-02 -1.100000E+01  0.000000E+00  7.037385E+01 -3.010135E+00
257  1.70317665E-02 -1.100000E+01  0.000000E+00  7.298702E+01 -3.131577E+00
258  1.78240349E-02 -1.100000E+01  0.000000E+00  7.566087E+01 -3.256880E+00
259  1.86522850E-02 -1.100000E+01  0.000000E+00  7.839319E+01 -3.386068E+00
260  1.95180914E-02 -1.100000E+01  0.000000E+00  8.118131E+01 -3.519160E+00
261  2.04230937E-02 -1.100000E+01  0.000000E+00  8.402206E+01 -3.656158E+00
262  2.13689990E-02 -1.100000E+01  0.000000E+00  8.691172E+01 -3.797053E+00
263  2.23575840E-02 -1.100000E+01  0.000000E+00  8.984597E+01 -3.941823E+00
264  2.33906980E-02 -1.100000E+01  0.000000E+00  9.281985E+01 -4.090428E+00
265  2.44702654E-02 -1.100000E+01  0.000000E+00  9.582771E+01 -4.242810E+00
266  2.55982883E-02 -1.100000E+01  0.000000E+00  9.886316E+01 -4.398894E+00
267  2.67768493E-02 -1.100000E+01  0.000000E+00  1.019190E+02 -4.558583E+00
268  2.80081147E-02 -1.100000E+01  0.000000E+00  1.049872E+02 -4.721756E+00
269  2.92943371E-02 -1.100000E+01  0.000000E+00  1.080589E+02 -4.888269E+00
270  3.06378585E-02 -1.100000E+01  0.000000E+00  1.111241E+02 -5.057949E+00
271  3.20411137E-02 -1.100000E+01  0.000000E+00  1.141719E+02 -5.230596E+00
272  3.35066331E-02 -1.100000E+01  0.000000E+00  1.171904E+02 -5.405979E+00
273  3.50370463E-02 -1.100000E+01  0.000000E+00  1.201665E+02 -5.583831E+00
274  3.66350854E-02 -1.100000E+01  0.000000E+00  1.230859E+02 -5.763853E+00
275  3.83035882E-02 -1.100000E+01  0.000000E+00  1.259331E+02 -5.945704E+00
276  4.00455022E-02 -1.100000E+01  0.000000E+00  1.286914E+02 -6.129006E+00
277  4.18638879E-02 -1.100000E+01  0.000000E+00  1.313427E+02 -6.313337E+00
278  4.37619225E-02 -1.100000E+01  0.000000E+00  1.338677E+02 -6.498229E+00
279  4.57429039E-02 -1.100000E+01  0.000000E+00  1.362457E+02 -6.683169E+00
280  4.78102544E-02 -1.100000E+01  0.000000E+00  1.384544E+02 -6.867591E+00
281  4.99675247E-02 -1.100000E+01  0.000000E+00  1.404706E+02 -7.050882E+00
282  5.22183981E-02 -1.100000E+01  0.000000E+00  1.422691E+02 -7.232371E+00
283  5.45666943E-02 -1.100000E+01  0.000000E+00  1.438239E+02 -7.411333E+00
284  5.70163739E-02 -1.100000E+01  0.000000E+00  1.451075E+02 -7.586989E+00
285  5.95715425E-02 -1.100000E+01  0.000000E+00  1.460909E+02 -7.758498E+00
286  6.22364551E-02 -1.100000E+01  0.000000E+00  1.467444E+02 -7.924961E+00
287  6.50155208E-02 -1.100000E+01  0.000000E+00  1.470368E+02 -8.085422E+00
288  6.79133069E-02 -1.100000E+01  0.000000E+00  1.469362E+02 -8.238863E+00
289  7.09345437E-02 -1.100000E+01  0.000000E+00  1.464098E+02 -8.384208E+00
290  7.40841292E-02 -1.100000E+01  0.000000E+00  1.454244E+02 -8.520324E+00
291  7.73671337E-02 -1.100000E+01  0.000000E+00  1.439462E+02 -8.646021E+00
292  8.07888046E-02 -1.100000E+01  0.000000E+00  1.419415E+02 -8.760057E+00
293  8.43545715E-02 -1.100000E+01  0.000000E+00  1.393767E+02 -8.861140E+00
294  8.80700508E-02 -1.100000E+01  0.000000E+00  1.362190E+02 -8.947935E+00
295  9.19410507E-02 -1.100000E+01  0.000000E+00  1.324363E+02 -9.019067E+00
296  9.59735766E-02 -1.100000E+01  0.000000E+00  1.279980E+02 -9.073126E+00
297  1.00173836E-01 -1.100000E+01  0.000000E+00  1.228755E+02 -9.108683E+00
298  1.04548242E-01 -1.100000E+01  0.000000E+00  1.170427E+02 -9.124290E+00
299  1.09103423E-01 -1.100000E+01  0.000000E+00  1.104764E+02 -9.118497E+00
300  1.13846221E-01 -1.100000E+01  0.000000E+00  1.031573E+02 -9.089863E+00
301  1.18783705E-01 -1.100000E+01  0.000000E+00  9.507027E+01 -9.036970E+00
302  1.23923168E-01 -1.100000E+01  0.000000E+00  8.620556E+01 -8.958437E+00
303  1.29272138E-01 -1.100000E+01  0.000000E+00  7.655922E+01 -8.852938E+00
304  1.34838382E-01 -1.100000E+01  0.000000E+00  6.613409E+01 -8.719222E+00
305  1.40629910E-01 -1.100000E+01  0.000000E+00  5.494056E+01 -8.556135E+00
306  1.46654981E-01 -1.100000E+01  0.000000E+00  4.299749E+01 -8.362635E+00
307  1.52922107E-01 -1.100000E+01  0.000000E+00  3.033306E+01 -8.137825E+00
308  1.59440064E-01 -1.100000E+01  0.000000E+00  1.698561E+01 -7.880971E+00
309  1.66217887E-01 -1.100000E+01  0.000000E+00  3.004472E+00 -7.591530E+00
310  1.73264886E-01 -1.100000E+01  0.000000E+00 -1.154921E+01 -7.269178E+00
311  1.80590644E-01 -1.100000E+01  0.000000E+00 -2.660179E+01 -6.913837E+00
312  1.88205024E-01 -1.100000E+01  0.000000E+00 -4.206648E+01 -6.525702E+00
313  1.96118176E-01 -1.100000E+01  0.000000E+00 -5.784283E+01 -6.105270E+00
314  2.04340540E-01 -1.100000E+01  0.000000E+00 -7.381640E+01 -5.653368E+00
315  2.12882852E-01 -1.100000E+01  0.000000E+00 -8.985850E+01 -5.171175E+00
316  2.21756147E-01 -1.100000E+01  0.000000E+00 -1.058263E+02 -4.660250E+00
317  2.30971769E-01 -1.100000E+01  0.000000E+00 -1.215631E+02 -4.122554E+00
318  2.40541367E-01 -1.100000E+01  0.000000E+00 -1.368989E+02 -3.560466E+00
319  2.50476910E-01 -1.100000E+01  0.000000E+00 -1.516510E+02 -2.976800E+00
320  2.60790683E-01 -1.100000E+01  0.000000E+00 -1.656259E+02 -2.374813E+00
321  2.71495295E-01 -1.100000E+01  0.000000E+00 -1.786201E+02 -1.758209E+00
322  2.82603686E-01 -1.100000E+01  0.000000E+00 -1.904228E+02 -1.131138E+00
323  2.94129124E-01 -1.100000E+01  0.000000E+00 -2.008181E+02 -4.981849E-01
324  3.06085218E-01 -1.100000E+01  0.000000E+00 -2.095879E+02  1.356494E-01
325  3.18485914E-01 -1.100000E+01  0.000000E+00 -2.165153E+02  7.649757E-01
326  3.31345503E-01 -1.100000E+01  0.000000E+00 -2.213885E+02  1.384055E+00
327  3.44678624E-01 -1.100000E+01  0.000000E+00 -2.240054E+02  1.986845E+00
328  3.58500267E-01 -1.100000E+01  0.000000E+00 -2.241775E+02  2.567062E+00
329  3.72825777E-01 -1.100000E+01  0.000000E+00 -2.217360E+02  3.118252E+00
330  3.87670854E-01 -1.100000E+01  0.000000E+00 -2.165365E+02  3.633871E+00
331  4.03051561E-01 -1.100000E+01  0.000000E+00 -2.084647E+02  4.107381E+00
332  4.18984323E-01 -1.100000E+01  0.000000E+00 -1.974424E+02  4.532353E+00
333  4.35485929E-01 -1.100000E+01  0.000000E+00 -1.834331E+02  4.902582E+00
334  4.52573538E-01 -1.100000E+01  0.000000E+00 -1.664475E+02  5.212213E+00
335  4.70264677E-01 -1.100000E+01  0.000000E+00 -1.465487E+02  5.455863E+00
336  4.88577244E-01 -1.100000E+01  0.000000E+00 -1.238574E+02  5.628763E+00
337  5.07529512E-01 -1.100000E+01  0.000000E+00 -9.855500E+01  5.726892E+00
338  5.27140127E-01 -1.100000E+01  0.000000E+00 -7.088764E+01  5.747112E+00
339  5.47428109E-01 -1.100000E+01  0.000000E+00 -4.116757E+01  5.687303E+00
340  5.68412857E-01 -1.100000E+01  0.000000E+00 -9.773830E+00  5.546481E+00
341  5.90114145E-01 -1.100000E+01  0.000000E+00  2.284876E+01  5.324916E+00
342  6.12552124E-01 -1.100000E+01  0.000000E+00  5.619253E+01  5.024222E+00
343  6.35747322E-01 -1.100000E+01  0.000000E+00  8.969175E+01  4.647437E+00
344  6.59720645E-01 -1.100000E+01  0.000000E+00  1.227296E+02  4.199068E+00
345  6.84493375E-01 -1.100000E+01  0.000000E+00  1.546476E+02  3.685112E+00
346  7.10087169E-01 -1.100000E+01  0.000000E+00  1.847564E+02  3.113044E+00
347  7.36524058E-01 -1.100000E+01  0.000000E+00  2.123505E+02  2.491766E+00
348  7.63826449E-01 -1.100000E+01  0.000000E+00  2.367229E+02  1.831518E+00
349  7.92017118E-01 -1.100000E+01  0.000000E+00  2.571836E+02  1.143746E+00
350  8.21119212E-01 -1.100000E+01  0.000000E+00  2.730787E+02  4.409296E-01
351  8.51156247E-01 -1.100000E+01  0.000000E+00  2.838107E+02 -2.636311E-01
352  8.82152102E-01 -1.100000E+01  0.000000E+00  2.888596E+02 -9.560718E-01
353  9.14131020E-01 -1.100000E+01  0.000000E+00  2.878046E+02 -1.622253E+00
354  9.47117605E-01 -1.100000E+01  0.000000E+00  2.803446E+02 -2.248080E+00
355  9.81136816E-01 -1.100000E+01  0.000000E+00  2.663172E+02 -2.819852E+00
356  1.01621397E+00 -1.100000E+01  0.000000E+00  2.457163E+02 -3.324618E+00
357  1.05237472E+00 -1.100000E+01  0.000000E+00  2.187061E+02 -3.750551E+00
358  1.08964508E+00 -1.100000E+01  0.000000E+00  1.856309E+02 -4.087305E+00
359  1.12805140E+00 -1.100000E+01  0.000000E+00  1.470213E+02 -4.326364E+00
360  1.16762037E+00 -1.100000E+01  0.000000E+00  1.035940E+02 -4.461359E+00
361  1.20837900E+00 -1.100000E+01  0.000000E+00  5.624590E+01 -4.488341E+00
362  1.25035464E+00 -1.100000E+01  0.000000E+00  6.041695E+00 -4.405998E+00
363  1.29357497E+00 -1.100000E+01  0.000000E+00 -4.580507E+01 -4.215812E+00
364  1.33806796E+00 -1.100000E+01  0.000000E+00 -9.795799E+01 -3.922132E+00
365  1.38386191E+00 -1.100000E+01  0.000000E+00 -1.489901E+02 -3.532165E+00
366  1.43098542E+00 -1.100000E+01  0.000000E+00 -1.974222E+02 -3.055873E+00
367  1.47946740E+00 -1.100000E+01  0.000000E+00 -2.417662E+02 -2.505782E+00
368  1.52933704E+00 -1.100000E+01  0.000000E+00 -2.805722E+02 -1.896691E+00
369  1.58062383E+00 -1.100000E+01  0.000000E+00 -3.124784E+02 -1.245299E+00
370  1.63335752E+00 -1.100000E+01  0.000000E+00 -3.362619E+02 -5.697469E-01
371  1.68756815E+00 -1.100000E+01  0.000000E+00 -3.508874E+02  1.109078E-01
372  1.74328602E+00 -1.100000E+01  0.000000E+00 -3.555540E+02  7.772654E-01
373  1.80054170E+00 -1.100000E+01  0.000000E+00 -3.497361E+02  1.410195E+00
374  1.85936601E+00 -1.100000E+01  0.000000E+00 -3.332170E+02  1.991458E+00
375  1.91979000E+00 -1.100000E+01  0.000000E+00 -3.061139E+02  2.504314E+00
376  1.98184497E+00 -1.100000E+01  0.000000E+00 -2.688910E+02  2.934098E+00
377  2.04556245E+00 -1.100000E+01  0.000000E+00 -2.223620E+02  3.268736E+00
378  2.11097420E+00 -1.100000E+01  0.000000E+00 -1.676780E+02  3.499176E+00
379  2.17811217E+00 -1.100000E+01  0.000000E+00 -1.063034E+02  3.619717E+00
380  2.24700856E+00 -1.100000E+01  0.000000E+00 -3.997803E+01  3.628224E+00
381  2.31769572E+00 -1.100000E+01  0.000000E+00  2.933315E+01  3.526209E+00
382  2.39020623E+00 -1.100000E+01  0.000000E+00  9.950052E+01  3.318773E+00
383  2.46457284E+00 -1.100000E+01  0.000000E+00  1.682996E+02  3.014421E+00
384  2.54082846E+00 -1.100000E+01  0.000000E+00  2.334870E+02  2.624731E+00
385  2.61900620E+00 -1.100000E+01  0.000000E+00  2.928795E+02  2.163920E+00
386  2.69913930E+00 -1.100000E+01  0.000000E+00  3.444332E+02  1.648292E+00
387  2.78126117E+00 -1.100000E+01  0.000000E+00  3.863195E+02  1.095622E+00
388  2.86540535E+00 -1.100000E+01  0.000000E+00  4.169947E+02  5.244782E-01
389  2.95160552E+00 -1.100000E+01  0.000000E+00  4.352587E+02 -4.647882E-02
390  3.03989549E+00 -1.100000E+01  0.000000E+00  4.403022E+02 -5.991834E-01
391  3.13030918E+00 -1.100000E+01  0.000000E+00  4.317386E+02 -1.116820E+00
392  3.22288064E+00 -1.100000E+01  0.000000E+00  4.096191E+02 -1.584410E+00
393  3.31764400E+00 -1.100000E+01  0.000000E+00  3.744313E+02 -1.989310E+00
394  3.41463349E+00 -1.100000E+01  0.000000E+00  3.270794E+02 -2.321595E+00
395  3.51388344E+00 -1.100000E+01  0.000000E+00  2.688492E+02 -2.574320E+00
396  3.61542824E+00 -1.100000E+01  0.000000E+00  2.013569E+02 -2.743646E+00
397  3.71930236E+00 -1.100000E+01  0.000000E+00  1.264866E+02 -2.828833E+00
398  3.82554034E+00 -1.100000E+01  0.000000E+00  4.631710E+01 -2.832332E+00
399  3.93417676E+00 -1.100000E+01  0.000000E+00 -1.032167E+02 -7.702723E+00
