#      n =  7
#  kappa = -1
# energy = -2.25203709E+01
#     vc = -1.05681760E+07


0    1.11111111E-07 -2.478871E-02  0.000000E+00  0.000000E+00 -1.071100E+00
1    1.16527505E-07 -2.599710E-02  0.000000E+00 -1.157293E-05 -1.071100E+00
2    1.22207920E-07 -2.726439E-02  0.000000E+00 -2.370997E-05 -1.021314E+00
3    1.28165224E-07 -2.859345E-02  0.000000E+00 -3.643863E-05 -9.738414E-01
4    1.34412913E-07 -2.998729E-02  0.000000E+00 -4.978773E-05 -9.285760E-01
5    1.40965140E-07 -3.144908E-02  0.000000E+00 -6.378753E-05 -8.854146E-01
6    1.47836748E-07 -3.298212E-02  0.000000E+00 -7.846973E-05 -8.442596E-01
7    1.55043304E-07 -3.458988E-02  0.000000E+00 -9.386759E-05 -8.050177E-01
8    1.62601133E-07 -3.627601E-02  0.000000E+00 -1.100160E-04 -7.675998E-01
9    1.70527355E-07 -3.804432E-02  0.000000E+00 -1.269515E-04 -7.319212E-01
10   1.78839925E-07 -3.989883E-02  0.000000E+00 -1.447125E-04 -6.979012E-01
11   1.87557672E-07 -4.184373E-02  0.000000E+00 -1.633393E-04 -6.654625E-01
12   1.96700345E-07 -4.388343E-02  0.000000E+00 -1.828739E-04 -6.345316E-01
13   2.06288652E-07 -4.602254E-02  0.000000E+00 -2.033607E-04 -6.050385E-01
14   2.16344313E-07 -4.826592E-02  0.000000E+00 -2.248461E-04 -5.769164E-01
15   2.26890105E-07 -5.061864E-02  0.000000E+00 -2.473787E-04 -5.501015E-01
16   2.37949914E-07 -5.308603E-02  0.000000E+00 -2.710096E-04 -5.245330E-01
17   2.49548792E-07 -5.567369E-02  0.000000E+00 -2.957922E-04 -5.001530E-01
18   2.61713010E-07 -5.838746E-02  0.000000E+00 -3.217828E-04 -4.769062E-01
19   2.74470120E-07 -6.123350E-02  0.000000E+00 -3.490402E-04 -4.547401E-01
20   2.87849015E-07 -6.421825E-02  0.000000E+00 -3.776261E-04 -4.336043E-01
21   3.01879999E-07 -6.734847E-02  0.000000E+00 -4.076053E-04 -4.134509E-01
22   3.16594850E-07 -7.063124E-02  0.000000E+00 -4.390456E-04 -3.942343E-01
23   3.32026893E-07 -7.407401E-02  0.000000E+00 -4.720183E-04 -3.759109E-01
24   3.48211080E-07 -7.768457E-02  0.000000E+00 -5.065981E-04 -3.584393E-01
25   3.65184065E-07 -8.147109E-02  0.000000E+00 -5.428632E-04 -3.417798E-01
26   3.82984286E-07 -8.544214E-02  0.000000E+00 -5.808958E-04 -3.258946E-01
27   4.01652055E-07 -8.960672E-02  0.000000E+00 -6.207821E-04 -3.107478E-01
28   4.21229648E-07 -9.397425E-02  0.000000E+00 -6.626123E-04 -2.963051E-01
29   4.41761402E-07 -9.855463E-02  0.000000E+00 -7.064812E-04 -2.825337E-01
30   4.63293810E-07 -1.033582E-01  0.000000E+00 -7.524881E-04 -2.694024E-01
31   4.85875635E-07 -1.083959E-01  0.000000E+00 -8.007372E-04 -2.568815E-01
32   5.09558011E-07 -1.136790E-01  0.000000E+00 -8.513377E-04 -2.449425E-01
33   5.34394567E-07 -1.192196E-01  0.000000E+00 -9.044043E-04 -2.335585E-01
34   5.60441541E-07 -1.250302E-01  0.000000E+00 -9.600571E-04 -2.227036E-01
35   5.87757913E-07 -1.311239E-01  0.000000E+00 -1.018422E-03 -2.123533E-01
36   6.16405535E-07 -1.375145E-01  0.000000E+00 -1.079631E-03 -2.024841E-01
37   6.46449272E-07 -1.442165E-01  0.000000E+00 -1.143824E-03 -1.930736E-01
38   6.77957149E-07 -1.512450E-01  0.000000E+00 -1.211144E-03 -1.841005E-01
39   7.11000503E-07 -1.586160E-01  0.000000E+00 -1.281745E-03 -1.755444E-01
40   7.45654149E-07 -1.663460E-01  0.000000E+00 -1.355787E-03 -1.673861E-01
41   7.81996542E-07 -1.744527E-01  0.000000E+00 -1.433437E-03 -1.596069E-01
42   8.20109962E-07 -1.829542E-01  0.000000E+00 -1.514871E-03 -1.521893E-01
43   8.60080692E-07 -1.918699E-01  0.000000E+00 -1.600273E-03 -1.451165E-01
44   9.01999222E-07 -2.012199E-01  0.000000E+00 -1.689837E-03 -1.383724E-01
45   9.45960446E-07 -2.110253E-01  0.000000E+00 -1.783765E-03 -1.319417E-01
46   9.92063882E-07 -2.213083E-01  0.000000E+00 -1.882271E-03 -1.258099E-01
47   1.04041389E-06 -2.320921E-01  0.000000E+00 -1.985576E-03 -1.199632E-01
48   1.09111992E-06 -2.434010E-01  0.000000E+00 -2.093915E-03 -1.143881E-01
49   1.14429674E-06 -2.552606E-01  0.000000E+00 -2.207533E-03 -1.090722E-01
50   1.20006472E-06 -2.676977E-01  0.000000E+00 -2.326687E-03 -1.040033E-01
51   1.25855009E-06 -2.807404E-01  0.000000E+00 -2.451647E-03 -9.916997E-02
52   1.31988521E-06 -2.944179E-01  0.000000E+00 -2.582696E-03 -9.456129E-02
53   1.38420891E-06 -3.087613E-01  0.000000E+00 -2.720129E-03 -9.016678E-02
54   1.45166675E-06 -3.238028E-01  0.000000E+00 -2.864259E-03 -8.597649E-02
55   1.52241141E-06 -3.395763E-01  0.000000E+00 -3.015412E-03 -8.198092E-02
56   1.59660298E-06 -3.561173E-01  0.000000E+00 -3.173929E-03 -7.817103E-02
57   1.67440935E-06 -3.734631E-01  0.000000E+00 -3.340168E-03 -7.453817E-02
58   1.75600660E-06 -3.916528E-01  0.000000E+00 -3.514507E-03 -7.107411E-02
59   1.84157934E-06 -4.107270E-01  0.000000E+00 -3.697340E-03 -6.777101E-02
60   1.93132122E-06 -4.307289E-01  0.000000E+00 -3.889080E-03 -6.462137E-02
61   2.02543528E-06 -4.517031E-01  0.000000E+00 -4.090161E-03 -6.161806E-02
62   2.12413446E-06 -4.736969E-01  0.000000E+00 -4.301038E-03 -5.875428E-02
63   2.22764205E-06 -4.967595E-01  0.000000E+00 -4.522188E-03 -5.602352E-02
64   2.33619223E-06 -5.209424E-01  0.000000E+00 -4.754111E-03 -5.341960E-02
65   2.45003056E-06 -5.462999E-01  0.000000E+00 -4.997332E-03 -5.093662E-02
66   2.56941455E-06 -5.728884E-01  0.000000E+00 -5.252401E-03 -4.856894E-02
67   2.69461427E-06 -6.007675E-01  0.000000E+00 -5.519894E-03 -4.631121E-02
68   2.82591290E-06 -6.299991E-01  0.000000E+00 -5.800417E-03 -4.415829E-02
69   2.96360742E-06 -6.606482E-01  0.000000E+00 -6.094604E-03 -4.210530E-02
70   3.10800925E-06 -6.927830E-01  0.000000E+00 -6.403120E-03 -4.014760E-02
71   3.25944497E-06 -7.264745E-01  0.000000E+00 -6.726663E-03 -3.828073E-02
72   3.41825706E-06 -7.617974E-01  0.000000E+00 -7.065964E-03 -3.650046E-02
73   3.58480464E-06 -7.988295E-01  0.000000E+00 -7.421790E-03 -3.480274E-02
74   3.75946432E-06 -8.376523E-01  0.000000E+00 -7.794946E-03 -3.318374E-02
75   3.94263104E-06 -8.783510E-01  0.000000E+00 -8.186275E-03 -3.163975E-02
76   4.13471893E-06 -9.210146E-01  0.000000E+00 -8.596662E-03 -3.016729E-02
77   4.33616228E-06 -9.657362E-01  0.000000E+00 -9.027033E-03 -2.876299E-02
78   4.54741649E-06 -1.012613E+00  0.000000E+00 -9.478362E-03 -2.742367E-02
79   4.76895915E-06 -1.061746E+00  0.000000E+00 -9.951668E-03 -2.614627E-02
80   5.00129102E-06 -1.113241E+00  0.000000E+00 -1.044802E-02 -2.492789E-02
81   5.24493727E-06 -1.167208E+00  0.000000E+00 -1.096854E-02 -2.376575E-02
82   5.50044857E-06 -1.223763E+00  0.000000E+00 -1.151441E-02 -2.265720E-02
83   5.76840240E-06 -1.283025E+00  0.000000E+00 -1.208685E-02 -2.159970E-02
84   6.04940429E-06 -1.345118E+00  0.000000E+00 -1.268716E-02 -2.059084E-02
85   6.34408923E-06 -1.410172E+00  0.000000E+00 -1.331669E-02 -1.962831E-02
86   6.65312309E-06 -1.478322E+00  0.000000E+00 -1.397688E-02 -1.870989E-02
87   6.97720410E-06 -1.549707E+00  0.000000E+00 -1.466919E-02 -1.783349E-02
88   7.31706443E-06 -1.624471E+00  0.000000E+00 -1.539521E-02 -1.699706E-02
89   7.67347185E-06 -1.702765E+00  0.000000E+00 -1.615657E-02 -1.619870E-02
90   8.04723146E-06 -1.784743E+00  0.000000E+00 -1.695498E-02 -1.543654E-02
91   8.43918745E-06 -1.870565E+00  0.000000E+00 -1.779225E-02 -1.470882E-02
92   8.85022509E-06 -1.960395E+00  0.000000E+00 -1.867026E-02 -1.401384E-02
93   9.28127263E-06 -2.054402E+00  0.000000E+00 -1.959100E-02 -1.334997E-02
94   9.73330344E-06 -2.152759E+00  0.000000E+00 -2.055655E-02 -1.271565E-02
95   1.02073382E-05 -2.255644E+00  0.000000E+00 -2.156907E-02 -1.210938E-02
96   1.07044471E-05 -2.363237E+00  0.000000E+00 -2.263085E-02 -1.152972E-02
97   1.12257525E-05 -2.475720E+00  0.000000E+00 -2.374429E-02 -1.097527E-02
98   1.17724311E-05 -2.593278E+00  0.000000E+00 -2.491189E-02 -1.044470E-02
99   1.23457168E-05 -2.716096E+00  0.000000E+00 -2.613628E-02 -9.936711E-03
100  1.29469034E-05 -2.844361E+00  0.000000E+00 -2.742021E-02 -9.450058E-03
101  1.35773477E-05 -2.978255E+00  0.000000E+00 -2.876659E-02 -8.983526E-03
102  1.42384721E-05 -3.117958E+00  0.000000E+00 -3.017844E-02 -8.535943E-03
103  1.49317684E-05 -3.263644E+00  0.000000E+00 -3.165893E-02 -8.106164E-03
104  1.56588006E-05 -3.415478E+00  0.000000E+00 -3.321139E-02 -7.693076E-03
105  1.64212086E-05 -3.573617E+00  0.000000E+00 -3.483931E-02 -7.295593E-03
106  1.72207119E-05 -3.738200E+00  0.000000E+00 -3.654636E-02 -6.912649E-03
107  1.80591138E-05 -3.909348E+00  0.000000E+00 -3.833636E-02 -6.543198E-03
108  1.89383046E-05 -4.087159E+00  0.000000E+00 -4.021334E-02 -6.186212E-03
109  1.98602666E-05 -4.271704E+00  0.000000E+00 -4.218150E-02 -5.840676E-03
110  2.08270782E-05 -4.463014E+00  0.000000E+00 -4.424527E-02 -5.505584E-03
111  2.18409188E-05 -4.661080E+00  0.000000E+00 -4.640925E-02 -5.179940E-03
112  2.29040733E-05 -4.865840E+00  0.000000E+00 -4.867832E-02 -4.862752E-03
113  2.40189375E-05 -5.077167E+00  0.000000E+00 -5.105754E-02 -4.553032E-03
114  2.51880234E-05 -5.294862E+00  0.000000E+00 -5.355223E-02 -4.249792E-03
115  2.64139647E-05 -5.518635E+00  0.000000E+00 -5.616799E-02 -3.952047E-03
116  2.76995230E-05 -5.748089E+00  0.000000E+00 -5.891065E-02 -3.658807E-03
117  2.90475935E-05 -5.982705E+00  0.000000E+00 -6.178634E-02 -3.369083E-03
118  3.04612120E-05 -6.221814E+00  0.000000E+00 -6.480148E-02 -3.081888E-03
119  3.19435612E-05 -6.464575E+00  0.000000E+00 -6.796279E-02 -2.796233E-03
120  3.34979782E-05 -6.709944E+00  0.000000E+00 -7.127731E-02 -2.511137E-03
121  3.51279615E-05 -6.956640E+00  0.000000E+00 -7.475244E-02 -2.225629E-03
122  3.68371794E-05 -7.203103E+00  0.000000E+00 -7.839590E-02 -1.938759E-03
123  3.86294776E-05 -7.447450E+00  0.000000E+00 -8.221579E-02 -1.649603E-03
124  4.05088883E-05 -7.687419E+00  0.000000E+00 -8.622060E-02 -1.357286E-03
125  4.24796387E-05 -7.920309E+00  0.000000E+00 -9.041924E-02 -1.060994E-03
126  4.45461606E-05 -8.142906E+00  0.000000E+00 -9.482103E-02 -7.600064E-04
127  4.67131005E-05 -8.351402E+00  0.000000E+00 -9.943573E-02 -4.542322E-04
128  4.89853297E-05 -8.541299E+00  0.000000E+00 -1.042736E-01 -1.393311E-04
129  5.13679552E-05 -8.707295E+00  0.000000E+00 -1.093453E-01  2.542506E-04
130  5.38663309E-05 -8.843160E+00  0.000000E+00 -1.146622E-01  2.237668E-04
131  5.64860698E-05 -8.941587E+00  0.000000E+00 -1.202391E-01 -1.433817E-03
132  5.92330563E-05 -8.994018E+00  0.000000E+00 -1.260906E-01  4.574731E-03
133  6.21134594E-05 -9.000000E+00  0.000000E+00 -1.321888E-01  3.498845E-03
134  6.51337460E-05 -9.000000E+00  0.000000E+00 -1.386249E-01 -1.305535E-03
135  6.83006958E-05 -9.000000E+00  0.000000E+00 -1.453599E-01  2.105636E-03
136  7.16214160E-05 -9.000000E+00  0.000000E+00 -1.524172E-01  2.656513E-03
137  7.51033571E-05 -9.000000E+00  0.000000E+00 -1.598156E-01  2.921360E-03
138  7.87543295E-05 -9.000000E+00  0.000000E+00 -1.675716E-01  3.283009E-03
139  8.25825207E-05 -9.000000E+00  0.000000E+00 -1.757023E-01  3.653822E-03
140  8.65965134E-05 -9.000000E+00  0.000000E+00 -1.842259E-01  4.032194E-03
141  9.08053046E-05 -9.000000E+00  0.000000E+00 -1.931613E-01  4.419573E-03
142  9.52183254E-05 -9.000000E+00  0.000000E+00 -2.025282E-01  4.816823E-03
143  9.98454618E-05 -9.000000E+00  0.000000E+00 -2.123475E-01  5.224830E-03
144  1.04697077E-04 -9.000000E+00  0.000000E+00 -2.226410E-01  5.644503E-03
145  1.09784032E-04 -9.000000E+00  0.000000E+00 -2.334315E-01  6.076777E-03
146  1.15117715E-04 -9.000000E+00  0.000000E+00 -2.447429E-01  6.522614E-03
147  1.20710060E-04 -9.000000E+00  0.000000E+00 -2.566002E-01  6.983006E-03
148  1.26573575E-04 -9.000000E+00  0.000000E+00 -2.690297E-01  7.458976E-03
149  1.32721375E-04 -9.000000E+00  0.000000E+00 -2.820589E-01  7.951582E-03
150  1.39167201E-04 -9.000000E+00  0.000000E+00 -2.957165E-01  8.461918E-03
151  1.45925459E-04 -9.000000E+00  0.000000E+00 -3.100328E-01  8.991114E-03
152  1.53011248E-04 -9.000000E+00  0.000000E+00 -3.250393E-01  9.540346E-03
153  1.60440391E-04 -9.000000E+00  0.000000E+00 -3.407691E-01  1.011083E-02
154  1.68229474E-04 -9.000000E+00  0.000000E+00 -3.572569E-01  1.070383E-02
155  1.76395880E-04 -9.000000E+00  0.000000E+00 -3.745390E-01  1.132065E-02
156  1.84957826E-04 -9.000000E+00  0.000000E+00 -3.926534E-01  1.196267E-02
157  1.93934407E-04 -9.000000E+00  0.000000E+00 -4.116399E-01  1.263129E-02
158  2.03345631E-04 -9.000000E+00  0.000000E+00 -4.315403E-01  1.332800E-02
159  2.13212469E-04 -9.000000E+00  0.000000E+00 -4.523982E-01  1.405433E-02
160  2.23556900E-04 -9.000000E+00  0.000000E+00 -4.742594E-01  1.481188E-02
161  2.34401952E-04 -9.000000E+00  0.000000E+00 -4.971716E-01  1.560232E-02
162  2.45771763E-04 -9.000000E+00  0.000000E+00 -5.211852E-01  1.642739E-02
163  2.57691625E-04 -9.000000E+00  0.000000E+00 -5.463525E-01  1.728890E-02
164  2.70188040E-04 -9.000000E+00  0.000000E+00 -5.727285E-01  1.818874E-02
165  2.83288784E-04 -9.000000E+00  0.000000E+00 -6.003707E-01  1.912888E-02
166  2.97022959E-04 -9.000000E+00  0.000000E+00 -6.293393E-01  2.011140E-02
167  3.11421061E-04 -9.000000E+00  0.000000E+00 -6.596974E-01  2.113843E-02
168  3.26515043E-04 -9.000000E+00  0.000000E+00 -6.915109E-01  2.221222E-02
169  3.42338387E-04 -9.000000E+00  0.000000E+00 -7.248489E-01  2.333512E-02
170  3.58926176E-04 -9.000000E+00  0.000000E+00 -7.597835E-01  2.450958E-02
171  3.76315165E-04 -9.000000E+00  0.000000E+00 -7.963905E-01  2.573816E-02
172  3.94543868E-04 -9.000000E+00  0.000000E+00 -8.347488E-01  2.702353E-02
173  4.13652633E-04 -9.000000E+00  0.000000E+00 -8.749413E-01  2.836848E-02
174  4.33683735E-04 -9.000000E+00  0.000000E+00 -9.170545E-01  2.977594E-02
175  4.54681461E-04 -9.000000E+00  0.000000E+00 -9.611789E-01  3.124896E-02
176  4.76692210E-04 -9.000000E+00  0.000000E+00 -1.007409E+00  3.279072E-02
177  4.99764590E-04 -9.000000E+00  0.000000E+00 -1.055845E+00  3.440457E-02
178  5.23949521E-04 -9.000000E+00  0.000000E+00 -1.106589E+00  3.609397E-02
179  5.49300346E-04 -9.000000E+00  0.000000E+00 -1.159750E+00  3.786258E-02
180  5.75872941E-04 -9.000000E+00  0.000000E+00 -1.215441E+00  3.971420E-02
181  6.03725839E-04 -9.000000E+00  0.000000E+00 -1.273780E+00  4.165280E-02
182  6.32920350E-04 -9.000000E+00  0.000000E+00 -1.334891E+00  4.368256E-02
183  6.63520693E-04 -9.000000E+00  0.000000E+00 -1.398904E+00  4.580780E-02
184  6.95594131E-04 -9.000000E+00  0.000000E+00 -1.465954E+00  4.803307E-02
185  7.29211114E-04 -9.000000E+00  0.000000E+00 -1.536181E+00  5.036312E-02
186  7.64445429E-04 -9.000000E+00  0.000000E+00 -1.609734E+00  5.280290E-02
187  8.01374351E-04 -9.000000E+00  0.000000E+00 -1.686765E+00  5.535760E-02
188  8.40078811E-04 -9.000000E+00  0.000000E+00 -1.767436E+00  5.803263E-02
189  8.80643564E-04 -9.000000E+00  0.000000E+00 -1.851916E+00  6.083364E-02
190  9.23157364E-04 -9.000000E+00  0.000000E+00 -1.940378E+00  6.376655E-02
191  9.67713153E-04 -9.000000E+00  0.000000E+00 -2.033006E+00  6.683753E-02
192  1.01440825E-03 -9.000000E+00  0.000000E+00 -2.129992E+00  7.005301E-02
193  1.06334457E-03 -9.000000E+00  0.000000E+00 -2.231533E+00  7.341974E-02
194  1.11462881E-03 -9.000000E+00  0.000000E+00 -2.337838E+00  7.694474E-02
195  1.16837269E-03 -9.000000E+00  0.000000E+00 -2.449124E+00  8.063534E-02
196  1.22469317E-03 -9.000000E+00  0.000000E+00 -2.565617E+00  8.449920E-02
197  1.28371271E-03 -9.000000E+00  0.000000E+00 -2.687551E+00  8.854433E-02
198  1.34555953E-03 -9.000000E+00  0.000000E+00 -2.815172E+00  9.277905E-02
199  1.41036781E-03 -9.000000E+00  0.000000E+00 -2.948737E+00  9.721207E-02
200  1.47827805E-03 -9.000000E+00  0.000000E+00 -3.088510E+00  1.018525E-01
201  1.54943730E-03 -9.000000E+00  0.000000E+00 -3.234769E+00  1.067097E-01
202  1.62399951E-03 -9.000000E+00  0.000000E+00 -3.387803E+00  1.117937E-01
203  1.70212576E-03 -9.000000E+00  0.000000E+00 -3.547911E+00  1.171146E-01
204  1.78398470E-03 -9.000000E+00  0.000000E+00 -3.715406E+00  1.226833E-01
205  1.86975279E-03 -9.000000E+00  0.000000E+00 -3.890613E+00  1.285109E-01
206  1.95961473E-03 -9.000000E+00  0.000000E+00 -4.073868E+00  1.346091E-01
207  2.05376376E-03 -9.000000E+00  0.000000E+00 -4.265521E+00  1.409899E-01
208  2.15240215E-03 -9.000000E+00  0.000000E+00 -4.465938E+00  1.476660E-01
209  2.25574149E-03 -9.000000E+00  0.000000E+00 -4.675495E+00  1.546505E-01
210  2.36400319E-03 -9.000000E+00  0.000000E+00 -4.894584E+00  1.619571E-01
211  2.47741893E-03 -9.000000E+00  0.000000E+00 -5.123611E+00  1.696000E-01
212  2.59623103E-03 -9.000000E+00  0.000000E+00 -5.362998E+00  1.775941E-01
213  2.72069305E-03 -9.000000E+00  0.000000E+00 -5.613180E+00  1.859545E-01
214  2.85107019E-03 -9.000000E+00  0.000000E+00 -5.874608E+00  1.946974E-01
215  2.98763987E-03 -9.000000E+00  0.000000E+00 -6.147749E+00  2.038393E-01
216  3.13069226E-03 -9.000000E+00  0.000000E+00 -6.433085E+00  2.133974E-01
217  3.28053083E-03 -9.000000E+00  0.000000E+00 -6.731116E+00  2.233896E-01
218  3.43747296E-03 -9.000000E+00  0.000000E+00 -7.042355E+00  2.338343E-01
219  3.60185056E-03 -9.000000E+00  0.000000E+00 -7.367332E+00  2.447509E-01
220  3.77401070E-03 -9.000000E+00  0.000000E+00 -7.706594E+00  2.561591E-01
221  3.95431626E-03 -9.000000E+00  0.000000E+00 -8.060704E+00  2.680796E-01
222  4.14314668E-03 -9.000000E+00  0.000000E+00 -8.430239E+00  2.805337E-01
223  4.34089861E-03 -9.000000E+00  0.000000E+00 -8.815795E+00  2.935434E-01
224  4.54798675E-03 -9.000000E+00  0.000000E+00 -9.217980E+00  3.071316E-01
225  4.76484456E-03 -9.000000E+00  0.000000E+00 -9.637418E+00  3.213217E-01
226  4.99192513E-03 -9.000000E+00  0.000000E+00 -1.007475E+01  3.361380E-01
227  5.22970198E-03 -9.000000E+00  0.000000E+00 -1.053063E+01  3.516055E-01
228  5.47867002E-03 -9.000000E+00  0.000000E+00 -1.100572E+01  3.677502E-01
229  5.73934640E-03 -9.000000E+00  0.000000E+00 -1.150070E+01  3.845984E-01
230  6.01227149E-03 -9.000000E+00  0.000000E+00 -1.201626E+01  4.021775E-01
231  6.29800990E-03 -9.000000E+00  0.000000E+00 -1.255309E+01  4.205155E-01
232  6.59715148E-03 -9.000000E+00  0.000000E+00 -1.311192E+01  4.396413E-01
233  6.91031243E-03 -9.000000E+00  0.000000E+00 -1.369344E+01  4.595843E-01
234  7.23813639E-03 -9.000000E+00  0.000000E+00 -1.429839E+01  4.803746E-01
235  7.58129563E-03 -9.000000E+00  0.000000E+00 -1.492748E+01  5.020432E-01
236  7.94049223E-03 -9.000000E+00  0.000000E+00 -1.558143E+01  5.246214E-01
237  8.31645936E-03 -9.000000E+00  0.000000E+00 -1.626096E+01  5.481415E-01
238  8.70996256E-03 -9.000000E+00  0.000000E+00 -1.696680E+01  5.726359E-01
239  9.12180111E-03 -9.000000E+00  0.000000E+00 -1.769963E+01  5.981379E-01
240  9.55280943E-03 -9.000000E+00  0.000000E+00 -1.846015E+01  6.246810E-01
241  1.00038585E-02 -9.000000E+00  0.000000E+00 -1.924904E+01  6.522990E-01
242  1.04758575E-02 -9.000000E+00  0.000000E+00 -2.006695E+01  6.810262E-01
243  1.09697551E-02 -9.000000E+00  0.000000E+00 -2.091450E+01  7.108969E-01
244  1.14865414E-02 -9.000000E+00  0.000000E+00 -2.179228E+01  7.419456E-01
245  1.20272495E-02 -9.000000E+00  0.000000E+00 -2.270084E+01  7.742066E-01
246  1.25929572E-02 -9.000000E+00  0.000000E+00 -2.364069E+01  8.077143E-01
247  1.31847887E-02 -9.000000E+00  0.000000E+00 -2.461227E+01  8.425024E-01
248  1.38039168E-02 -9.000000E+00  0.000000E+00 -2.561598E+01  8.786045E-01
249  1.44515644E-02 -9.000000E+00  0.000000E+00 -2.665213E+01  9.160532E-01
250  1.51290071E-02 -9.000000E+00  0.000000E+00 -2.772094E+01  9.548805E-01
251  1.58375745E-02 -9.000000E+00  0.000000E+00 -2.882258E+01  9.951170E-01
252  1.65786531E-02 -9.000000E+00  0.000000E+00 -2.995706E+01  1.036792E+00
253  1.73536881E-02 -9.000000E+00  0.000000E+00 -3.112432E+01  1.079934E+00
254  1.81641856E-02 -9.000000E+00  0.000000E+00 -3.232414E+01  1.124569E+00
255  1.90117155E-02 -9.000000E+00  0.000000E+00 -3.355618E+01  1.170719E+00
256  1.98979134E-02 -9.000000E+00  0.000000E+00 -3.481993E+01  1.218407E+00
257  2.08244832E-02 -9.000000E+00  0.000000E+00 -3.611470E+01  1.267651E+00
258  2.17932002E-02 -9.000000E+00  0.000000E+00 -3.743962E+01  1.318465E+00
259  2.28059133E-02 -9.000000E+00  0.000000E+00 -3.879359E+01  1.370860E+00
260  2.38645479E-02 -9.000000E+00  0.000000E+00 -4.017531E+01  1.424845E+00
261  2.49711087E-02 -9.000000E+00  0.000000E+00 -4.158319E+01  1.480420E+00
262  2.61276831E-02 -9.000000E+00  0.000000E+00 -4.301540E+01  1.537582E+00
263  2.73364436E-02 -9.000000E+00  0.000000E+00 -4.446981E+01  1.596323E+00
264  2.85996514E-02 -9.000000E+00  0.000000E+00 -4.594395E+01  1.656627E+00
265  2.99196594E-02 -9.000000E+00  0.000000E+00 -4.743503E+01  1.718472E+00
266  3.12989158E-02 -9.000000E+00  0.000000E+00 -4.893989E+01  1.781827E+00
267  3.27399672E-02 -9.000000E+00  0.000000E+00 -5.045495E+01  1.846653E+00
268  3.42454622E-02 -9.000000E+00  0.000000E+00 -5.197625E+01  1.912903E+00
269  3.58181553E-02 -9.000000E+00  0.000000E+00 -5.349934E+01  1.980518E+00
270  3.74609102E-02 -9.000000E+00  0.000000E+00 -5.501932E+01  2.049429E+00
271  3.91767039E-02 -9.000000E+00  0.000000E+00 -5.653079E+01  2.119555E+00
272  4.09686305E-02 -9.000000E+00  0.000000E+00 -5.802779E+01  2.190802E+00
273  4.28399052E-02 -9.000000E+00  0.000000E+00 -5.950384E+01  2.263065E+00
274  4.47938688E-02 -9.000000E+00  0.000000E+00 -6.095185E+01  2.336220E+00
275  4.68339912E-02 -9.000000E+00  0.000000E+00 -6.236415E+01  2.410131E+00
276  4.89638763E-02 -9.000000E+00  0.000000E+00 -6.373241E+01  2.484645E+00
277  5.11872664E-02 -9.000000E+00  0.000000E+00 -6.504768E+01  2.559591E+00
278  5.35080463E-02 -9.000000E+00  0.000000E+00 -6.630033E+01  2.634779E+00
279  5.59302486E-02 -9.000000E+00  0.000000E+00 -6.748006E+01  2.710001E+00
280  5.84580576E-02 -9.000000E+00  0.000000E+00 -6.857589E+01  2.785028E+00
281  6.10958152E-02 -9.000000E+00  0.000000E+00 -6.957613E+01  2.859611E+00
282  6.38480247E-02 -9.000000E+00  0.000000E+00 -7.046843E+01  2.933478E+00
283  6.67193569E-02 -9.000000E+00  0.000000E+00 -7.123974E+01  3.006333E+00
284  6.97146543E-02 -9.000000E+00  0.000000E+00 -7.187639E+01  3.077861E+00
285  7.28389371E-02 -9.000000E+00  0.000000E+00 -7.236406E+01  3.147719E+00
286  7.60974080E-02 -9.000000E+00  0.000000E+00 -7.268785E+01  3.215542E+00
287  7.94954580E-02 -9.000000E+00  0.000000E+00 -7.283231E+01  3.280940E+00
288  8.30386716E-02 -9.000000E+00  0.000000E+00 -7.278156E+01  3.343499E+00
289  8.67328328E-02 -9.000000E+00  0.000000E+00 -7.251929E+01  3.402780E+00
290  9.05839304E-02 -9.000000E+00  0.000000E+00 -7.202892E+01  3.458321E+00
291  9.45981639E-02 -9.000000E+00  0.000000E+00 -7.129369E+01  3.509637E+00
292  9.87819496E-02 -9.000000E+00  0.000000E+00 -7.029679E+01  3.556220E+00
293  1.03141926E-01 -9.000000E+00  0.000000E+00 -6.902153E+01  3.597543E+00
294  1.07684961E-01 -9.000000E+00  0.000000E+00 -6.745151E+01  3.633059E+00
295  1.12418155E-01 -9.000000E+00  0.000000E+00 -6.557079E+01  3.662206E+00
296  1.17348852E-01 -9.000000E+00  0.000000E+00 -6.336417E+01  3.684408E+00
297  1.22484642E-01 -9.000000E+00  0.000000E+00 -6.081740E+01  3.699077E+00
298  1.27833366E-01 -9.000000E+00  0.000000E+00 -5.791745E+01  3.705622E+00
299  1.33403128E-01 -9.000000E+00  0.000000E+00 -5.465283E+01  3.703446E+00
300  1.39202295E-01 -9.000000E+00  0.000000E+00 -5.101391E+01  3.691958E+00
301  1.45239509E-01 -9.000000E+00  0.000000E+00 -4.699325E+01  3.670574E+00
302  1.51523688E-01 -9.000000E+00  0.000000E+00 -4.258600E+01  3.638726E+00
303  1.58064036E-01 -9.000000E+00  0.000000E+00 -3.779028E+01  3.595867E+00
304  1.64870049E-01 -9.000000E+00  0.000000E+00 -3.260757E+01  3.541480E+00
305  1.71951521E-01 -9.000000E+00  0.000000E+00 -2.704317E+01  3.475088E+00
306  1.79318551E-01 -9.000000E+00  0.000000E+00 -2.110662E+01  3.396259E+00
307  1.86981547E-01 -9.000000E+00  0.000000E+00 -1.481210E+01  3.304620E+00
308  1.94951236E-01 -9.000000E+00  0.000000E+00 -8.178933E+00  3.199864E+00
309  2.03238669E-01 -9.000000E+00  0.000000E+00 -1.231944E+00  3.081761E+00
310  2.11855226E-01 -9.000000E+00  0.000000E+00  5.998114E+00  2.950173E+00
311  2.20812624E-01 -9.000000E+00  0.000000E+00  1.347420E+01  2.805061E+00
312  2.30122925E-01 -9.000000E+00  0.000000E+00  2.115268E+01  2.646499E+00
313  2.39798536E-01 -9.000000E+00  0.000000E+00  2.898304E+01  2.474684E+00
314  2.49852223E-01 -9.000000E+00  0.000000E+00  3.690773E+01  2.289950E+00
315  2.60297112E-01 -9.000000E+00  0.000000E+00  4.486205E+01  2.092775E+00
316  2.71146696E-01 -9.000000E+00  0.000000E+00  5.277418E+01  1.883798E+00
317  2.82414842E-01 -9.000000E+00  0.000000E+00  6.056531E+01  1.663818E+00
318  2.94115796E-01 -9.000000E+00  0.000000E+00  6.814995E+01  1.433814E+00
319  3.06264189E-01 -9.000000E+00  0.000000E+00  7.543633E+01  1.194940E+00
320  3.18875042E-01 -9.000000E+00  0.000000E+00  8.232707E+01  9.485389E-01
321  3.31963773E-01 -9.000000E+00  0.000000E+00  8.872000E+01  6.961384E-01
322  3.45546200E-01 -9.000000E+00  0.000000E+00  9.450919E+01  4.394529E-01
323  3.59638547E-01 -9.000000E+00  0.000000E+00  9.958620E+01  1.803789E-01
324  3.74257451E-01 -9.000000E+00  0.000000E+00  1.038416E+02 -7.901189E-02
325  3.89419964E-01 -9.000000E+00  0.000000E+00  1.071668E+02 -3.364842E-01
326  4.05143558E-01 -9.000000E+00  0.000000E+00  1.094558E+02 -5.896542E-01
327  4.21446131E-01 -9.000000E+00  0.000000E+00  1.106074E+02 -8.360099E-01
328  4.38346009E-01 -9.000000E+00  0.000000E+00  1.105281E+02 -1.072935E+00
329  4.55861953E-01 -9.000000E+00  0.000000E+00  1.091341E+02 -1.297741E+00
330  4.74013160E-01 -9.000000E+00  0.000000E+00  1.063543E+02 -1.507696E+00
331  4.92819266E-01 -9.000000E+00  0.000000E+00  1.021333E+02 -1.700070E+00
332  5.12300352E-01 -9.000000E+00  0.000000E+00  9.643423E+01 -1.872177E+00
333  5.32476946E-01 -9.000000E+00  0.000000E+00  8.924168E+01 -2.021423E+00
334  5.53370024E-01 -9.000000E+00  0.000000E+00  8.056466E+01 -2.145355E+00
335  5.75001016E-01 -9.000000E+00  0.000000E+00  7.043919E+01 -2.241724E+00
336  5.97391804E-01 -9.000000E+00  0.000000E+00  5.893078E+01 -2.308533E+00
337  6.20564726E-01 -9.000000E+00  0.000000E+00  4.613649E+01 -2.344106E+00
338  6.44542579E-01 -9.000000E+00  0.000000E+00  3.218644E+01 -2.347136E+00
339  6.69348616E-01 -9.000000E+00  0.000000E+00  1.724480E+01 -2.316752E+00
340  6.95006554E-01 -9.000000E+00  0.000000E+00  1.509966E+00 -2.252566E+00
341  7.21540566E-01 -9.000000E+00  0.000000E+00 -1.478602E+01 -2.154724E+00
342  7.48975289E-01 -9.000000E+00  0.000000E+00 -3.137909E+01 -2.023952E+00
343  7.77335820E-01 -9.000000E+00  0.000000E+00 -4.797582E+01 -1.861581E+00
344  8.06647717E-01 -9.000000E+00  0.000000E+00 -6.425715E+01 -1.669581E+00
345  8.36936996E-01 -9.000000E+00  0.000000E+00 -7.988341E+01 -1.450560E+00
346  8.68230135E-01 -9.000000E+00  0.000000E+00 -9.450045E+01 -1.207766E+00
347  9.00554068E-01 -9.000000E+00  0.000000E+00 -1.077470E+02 -9.450649E-01
348  9.33936187E-01 -9.000000E+00  0.000000E+00 -1.192633E+02 -6.669019E-01
349  9.68404335E-01 -9.000000E+00  0.000000E+00 -1.287003E+02 -3.782451E-01
350  1.00398681E+00 -9.000000E+00  0.000000E+00 -1.357304E+02 -8.451003E-02
351  1.04071236E+00 -9.000000E+00  0.000000E+00 -1.400582E+02  2.085345E-01
352  1.07861018E+00 -9.000000E+00  0.000000E+00 -1.414318E+02  4.948789E-01
353  1.11770991E+00 -9.000000E+00  0.000000E+00 -1.396544E+02  7.684016E-01
354  1.15804162E+00 -9.000000E+00  0.000000E+00 -1.345952E+02  1.023013E+00
355  1.19963582E+00 -9.000000E+00  0.000000E+00 -1.261994E+02  1.252812E+00
356  1.24252347E+00 -9.000000E+00  0.000000E+00 -1.144976E+02  1.452246E+00
357  1.28673593E+00 -9.000000E+00  0.000000E+00 -9.961249E+01  1.616281E+00
358  1.33230499E+00 -9.000000E+00  0.000000E+00 -8.176417E+01  1.740567E+00
359  1.37926287E+00 -9.000000E+00  0.000000E+00 -6.127235E+01  1.821594E+00
360  1.42764219E+00 -9.000000E+00  0.000000E+00 -3.855556E+01  1.856838E+00
361  1.47747598E+00 -9.000000E+00  0.000000E+00 -1.412687E+01  1.844891E+00
362  1.52879768E+00 -9.000000E+00  0.000000E+00  1.141405E+01  1.785555E+00
363  1.58164109E+00 -9.000000E+00  0.000000E+00  3.739275E+01  1.679918E+00
364  1.63604045E+00 -9.000000E+00  0.000000E+00  6.307573E+01  1.530385E+00
365  1.69203032E+00 -9.000000E+00  0.000000E+00  8.768975E+01  1.340671E+00
366  1.74964569E+00 -9.000000E+00  0.000000E+00  1.104446E+02  1.115751E+00
367  1.80892187E+00 -9.000000E+00  0.000000E+00  1.305586E+02  8.617642E-01
368  1.86989457E+00 -9.000000E+00  0.000000E+00  1.472864E+02  5.858696E-01
369  1.93259981E+00 -9.000000E+00  0.000000E+00  1.599475E+02  2.960645E-01
370  1.99707398E+00 -9.000000E+00  0.000000E+00  1.679558E+02  9.558147E-04
371  2.06335379E+00 -9.000000E+00  0.000000E+00  1.708473E+02 -2.904983E-01
372  2.13147630E+00 -9.000000E+00  0.000000E+00  1.683056E+02 -5.692755E-01
373  2.20147885E+00 -9.000000E+00  0.000000E+00  1.601848E+02 -8.265935E-01
374  2.27339912E+00 -9.000000E+00  0.000000E+00  1.465262E+02 -1.054219E+00
375  2.34727508E+00 -9.000000E+00  0.000000E+00  1.275697E+02 -1.244775E+00
376  2.42314498E+00 -9.000000E+00  0.000000E+00  1.037579E+02 -1.392021E+00
377  2.50104737E+00 -9.000000E+00  0.000000E+00  7.573276E+01 -1.491117E+00
378  2.58102106E+00 -9.000000E+00  0.000000E+00  4.432279E+01 -1.538828E+00
379  2.66310513E+00 -9.000000E+00  0.000000E+00  1.052284E+01 -1.533681E+00
380  2.74733889E+00 -9.000000E+00  0.000000E+00 -2.453516E+01 -1.476066E+00
381  2.83376194E+00 -9.000000E+00  0.000000E+00 -5.961894E+01 -1.368250E+00
382  2.92241407E+00 -9.000000E+00  0.000000E+00 -9.343924E+01 -1.214330E+00
383  3.01333532E+00 -9.000000E+00  0.000000E+00 -1.246984E+02 -1.020104E+00
384  3.10656593E+00 -9.000000E+00  0.000000E+00 -1.521420E+02 -7.928705E-01
385  3.20214635E+00 -9.000000E+00  0.000000E+00 -1.746118E+02 -5.411601E-01
386  3.30011722E+00 -9.000000E+00  0.000000E+00 -1.910978E+02 -2.744137E-01
387  3.40051939E+00 -9.000000E+00  0.000000E+00 -2.007855E+02 -2.613323E-03
388  3.50339384E+00 -9.000000E+00  0.000000E+00 -2.030981E+02  2.641146E-01
389  3.60878174E+00 -9.000000E+00  0.000000E+00 -1.977300E+02  5.159060E-01
390  3.71672443E+00 -9.000000E+00  0.000000E+00 -1.846696E+02  7.435592E-01
391  3.82726337E+00 -9.000000E+00  0.000000E+00 -1.642099E+02  9.389089E-01
392  3.94044016E+00 -9.000000E+00  0.000000E+00 -1.369468E+02  1.095156E+00
393  4.05629654E+00 -9.000000E+00  0.000000E+00 -1.037635E+02  1.207135E+00
394  4.17487434E+00 -9.000000E+00  0.000000E+00 -6.580119E+01  1.271518E+00
395  4.29621551E+00 -9.000000E+00  0.000000E+00 -2.441821E+01  1.286919E+00
396  4.42036211E+00 -9.000000E+00  0.000000E+00  1.886187E+01  1.253928E+00
397  4.54735626E+00 -9.000000E+00  0.000000E+00  6.241073E+01  1.175045E+00
398  4.67724016E+00 -9.000000E+00  0.000000E+00  1.045614E+02  1.054690E+00
399  4.81005611E+00 -9.000000E+00  0.000000E+00  3.780856E+02  2.362743E+00
