#      n = 10
#  kappa = -1
# energy = -7.22015035E+01
#     vc = -6.80671433E+08


0    4.34782609E-08 -1.783674E-02  0.000000E+00 -0.000000E+00  8.382938E+00
1    4.55977500E-08 -1.870625E-02  0.000000E+00  6.089030E-05  8.382938E+00
2    4.78205546E-08 -1.961815E-02  0.000000E+00  1.247487E-04  7.993276E+00
3    5.01517104E-08 -2.057449E-02  0.000000E+00  1.917200E-04  7.621732E+00
4    5.25964984E-08 -2.157745E-02  0.000000E+00  2.619557E-04  7.267459E+00
5    5.51604573E-08 -2.262931E-02  0.000000E+00  3.356151E-04  6.929654E+00
6    5.78493953E-08 -2.373243E-02  0.000000E+00  4.128649E-04  6.607552E+00
7    6.06694041E-08 -2.488932E-02  0.000000E+00  4.938803E-04  6.300423E+00
8    6.36268719E-08 -2.610261E-02  0.000000E+00  5.788447E-04  6.007570E+00
9    6.67284983E-08 -2.737504E-02  0.000000E+00  6.679506E-04  5.728330E+00
10   6.99813096E-08 -2.870948E-02  0.000000E+00  7.613998E-04  5.462071E+00
11   7.33926743E-08 -3.010898E-02  0.000000E+00  8.594041E-04  5.208188E+00
12   7.69703199E-08 -3.157669E-02  0.000000E+00  9.621854E-04  4.966107E+00
13   8.07223506E-08 -3.311594E-02  0.000000E+00  1.069977E-03  4.735279E+00
14   8.46572656E-08 -3.473022E-02  0.000000E+00  1.183022E-03  4.515181E+00
15   8.87839781E-08 -3.642318E-02  0.000000E+00  1.301577E-03  4.305313E+00
16   9.31118355E-08 -3.819866E-02  0.000000E+00  1.425911E-03  4.105201E+00
17   9.76506411E-08 -4.006068E-02  0.000000E+00  1.556305E-03  3.914391E+00
18   1.02410676E-07 -4.201346E-02  0.000000E+00  1.693055E-03  3.732451E+00
19   1.07402720E-07 -4.406142E-02  0.000000E+00  1.836471E-03  3.558968E+00
20   1.12638083E-07 -4.620920E-02  0.000000E+00  1.986876E-03  3.393549E+00
21   1.18128621E-07 -4.846166E-02  0.000000E+00  2.144612E-03  3.235819E+00
22   1.23886770E-07 -5.082391E-02  0.000000E+00  2.310037E-03  3.085420E+00
23   1.29925572E-07 -5.330129E-02  0.000000E+00  2.483524E-03  2.942013E+00
24   1.36258704E-07 -5.589942E-02  0.000000E+00  2.665467E-03  2.805272E+00
25   1.42900509E-07 -5.862418E-02  0.000000E+00  2.856278E-03  2.674887E+00
26   1.49866031E-07 -6.148174E-02  0.000000E+00  3.056388E-03  2.550563E+00
27   1.57171043E-07 -6.447858E-02  0.000000E+00  3.266252E-03  2.432017E+00
28   1.64832089E-07 -6.762148E-02  0.000000E+00  3.486345E-03  2.318982E+00
29   1.72866521E-07 -7.091755E-02  0.000000E+00  3.717164E-03  2.211201E+00
30   1.81292531E-07 -7.437426E-02  0.000000E+00  3.959233E-03  2.108430E+00
31   1.90129203E-07 -7.799945E-02  0.000000E+00  4.213099E-03  2.010436E+00
32   1.99396546E-07 -8.180131E-02  0.000000E+00  4.479338E-03  1.916997E+00
33   2.09115547E-07 -8.578846E-02  0.000000E+00  4.758553E-03  1.827901E+00
34   2.19308214E-07 -8.996992E-02  0.000000E+00  5.051375E-03  1.742946E+00
35   2.29997628E-07 -9.435517E-02  0.000000E+00  5.358469E-03  1.661941E+00
36   2.41207992E-07 -9.895413E-02  0.000000E+00  5.680528E-03  1.584700E+00
37   2.52964690E-07 -1.037772E-01  0.000000E+00  6.018283E-03  1.511050E+00
38   2.65294343E-07 -1.088354E-01  0.000000E+00  6.372499E-03  1.440823E+00
39   2.78224868E-07 -1.141400E-01  0.000000E+00  6.743976E-03  1.373860E+00
40   2.91785541E-07 -1.197031E-01  0.000000E+00  7.133557E-03  1.310010E+00
41   3.06007064E-07 -1.255374E-01  0.000000E+00  7.542124E-03  1.249128E+00
42   3.20921636E-07 -1.316559E-01  0.000000E+00  7.970600E-03  1.191075E+00
43   3.36563023E-07 -1.380726E-01  0.000000E+00  8.419957E-03  1.135721E+00
44   3.52966636E-07 -1.448020E-01  0.000000E+00  8.891212E-03  1.082939E+00
45   3.70169610E-07 -1.518593E-01  0.000000E+00  9.385431E-03  1.032611E+00
46   3.88210890E-07 -1.592605E-01  0.000000E+00  9.903734E-03  9.846221E-01
47   4.07131316E-07 -1.670223E-01  0.000000E+00  1.044729E-02  9.388635E-01
48   4.26973717E-07 -1.751624E-01  0.000000E+00  1.101734E-02  8.952318E-01
49   4.47783009E-07 -1.836991E-01  0.000000E+00  1.161516E-02  8.536280E-01
50   4.69606295E-07 -1.926517E-01  0.000000E+00  1.224212E-02  8.139578E-01
51   4.92492971E-07 -2.020405E-01  0.000000E+00  1.289962E-02  7.761314E-01
52   5.16494838E-07 -2.118868E-01  0.000000E+00  1.358916E-02  7.400631E-01
53   5.41666221E-07 -2.222129E-01  0.000000E+00  1.431231E-02  7.056710E-01
54   5.68064088E-07 -2.330420E-01  0.000000E+00  1.507068E-02  6.728774E-01
55   5.95748183E-07 -2.443987E-01  0.000000E+00  1.586601E-02  6.416078E-01
56   6.24781156E-07 -2.563087E-01  0.000000E+00  1.670009E-02  6.117915E-01
57   6.55228711E-07 -2.687989E-01  0.000000E+00  1.757480E-02  5.833608E-01
58   6.87159748E-07 -2.818977E-01  0.000000E+00  1.849214E-02  5.562514E-01
59   7.20646522E-07 -2.956345E-01  0.000000E+00  1.945417E-02  5.304017E-01
60   7.55764805E-07 -3.100405E-01  0.000000E+00  2.046307E-02  5.057533E-01
61   7.92594059E-07 -3.251482E-01  0.000000E+00  2.152112E-02  4.822503E-01
62   8.31217613E-07 -3.409919E-01  0.000000E+00  2.263072E-02  4.598394E-01
63   8.71722853E-07 -3.576072E-01  0.000000E+00  2.379438E-02  4.384698E-01
64   9.14201417E-07 -3.750319E-01  0.000000E+00  2.501473E-02  4.180931E-01
65   9.58749404E-07 -3.933052E-01  0.000000E+00  2.629453E-02  3.986631E-01
66   1.00546759E-06 -4.124685E-01  0.000000E+00  2.763667E-02  3.801358E-01
67   1.05446166E-06 -4.325651E-01  0.000000E+00  2.904420E-02  3.624692E-01
68   1.10584243E-06 -4.536403E-01  0.000000E+00  3.052029E-02  3.456232E-01
69   1.15972613E-06 -4.757418E-01  0.000000E+00  3.206829E-02  3.295597E-01
70   1.21623462E-06 -4.989195E-01  0.000000E+00  3.369169E-02  3.142423E-01
71   1.27549572E-06 -5.232258E-01  0.000000E+00  3.539417E-02  2.996362E-01
72   1.33764343E-06 -5.487154E-01  0.000000E+00  3.717957E-02  2.857082E-01
73   1.40281831E-06 -5.754460E-01  0.000000E+00  3.905194E-02  2.724269E-01
74   1.47116774E-06 -6.034778E-01  0.000000E+00  4.101551E-02  2.597621E-01
75   1.54284626E-06 -6.328742E-01  0.000000E+00  4.307471E-02  2.476850E-01
76   1.61801595E-06 -6.637013E-01  0.000000E+00  4.523421E-02  2.361683E-01
77   1.69684676E-06 -6.960287E-01  0.000000E+00  4.749887E-02  2.251858E-01
78   1.77951691E-06 -7.299292E-01  0.000000E+00  4.987384E-02  2.147126E-01
79   1.86621330E-06 -7.654792E-01  0.000000E+00  5.236446E-02  2.047249E-01
80   1.95713190E-06 -8.027589E-01  0.000000E+00  5.497638E-02  1.952001E-01
81   2.05247822E-06 -8.418520E-01  0.000000E+00  5.771549E-02  1.861164E-01
82   2.15246778E-06 -8.828466E-01  0.000000E+00  6.058798E-02  1.774533E-01
83   2.25732655E-06 -9.258348E-01  0.000000E+00  6.360035E-02  1.691910E-01
84   2.36729151E-06 -9.709133E-01  0.000000E+00  6.675940E-02  1.613108E-01
85   2.48261117E-06 -1.018183E+00  0.000000E+00  7.007227E-02  1.537946E-01
86   2.60354609E-06 -1.067751E+00  0.000000E+00  7.354645E-02  1.466254E-01
87   2.73036954E-06 -1.119727E+00  0.000000E+00  7.718977E-02  1.397867E-01
88   2.86336804E-06 -1.174229E+00  0.000000E+00  8.101047E-02  1.332631E-01
89   3.00284205E-06 -1.231378E+00  0.000000E+00  8.501718E-02  1.270394E-01
90   3.14910664E-06 -1.291302E+00  0.000000E+00  8.921894E-02  1.211016E-01
91   3.30249218E-06 -1.354135E+00  0.000000E+00  9.362525E-02  1.154359E-01
92   3.46334512E-06 -1.420017E+00  0.000000E+00  9.824605E-02  1.100294E-01
93   3.63202873E-06 -1.489096E+00  0.000000E+00  1.030918E-01  1.048695E-01
94   3.80892393E-06 -1.561524E+00  0.000000E+00  1.081733E-01  9.994448E-02
95   3.99443014E-06 -1.637463E+00  0.000000E+00  1.135022E-01  9.524277E-02
96   4.18896621E-06 -1.717082E+00  0.000000E+00  1.190905E-01  9.075350E-02
97   4.39297133E-06 -1.800556E+00  0.000000E+00  1.249507E-01  8.646619E-02
98   4.60690602E-06 -1.888070E+00  0.000000E+00  1.310961E-01  8.237079E-02
99   4.83125316E-06 -1.979818E+00  0.000000E+00  1.375405E-01  7.845766E-02
100  5.06651910E-06 -2.076000E+00  0.000000E+00  1.442985E-01  7.471752E-02
101  5.31323476E-06 -2.176828E+00  0.000000E+00  1.513852E-01  7.114146E-02
102  5.57195687E-06 -2.282523E+00  0.000000E+00  1.588168E-01  6.772089E-02
103  5.84326917E-06 -2.393315E+00  0.000000E+00  1.666099E-01  6.444751E-02
104  6.12778373E-06 -2.509444E+00  0.000000E+00  1.747820E-01  6.131333E-02
105  6.42614237E-06 -2.631162E+00  0.000000E+00  1.833517E-01  5.831058E-02
106  6.73901803E-06 -2.758732E+00  0.000000E+00  1.923381E-01  5.543175E-02
107  7.06711632E-06 -2.892425E+00  0.000000E+00  2.017616E-01  5.266954E-02
108  7.41117710E-06 -3.032528E+00  0.000000E+00  2.116433E-01  5.001682E-02
109  7.77197613E-06 -3.179338E+00  0.000000E+00  2.220054E-01  4.746664E-02
110  8.15032679E-06 -3.333163E+00  0.000000E+00  2.328713E-01  4.501216E-02
111  8.54708196E-06 -3.494326E+00  0.000000E+00  2.442654E-01  4.264670E-02
112  8.96313584E-06 -3.663159E+00  0.000000E+00  2.562133E-01  4.036364E-02
113  9.39942604E-06 -3.840011E+00  0.000000E+00  2.687419E-01  3.815642E-02
114  9.85693562E-06 -4.025242E+00  0.000000E+00  2.818792E-01  3.601853E-02
115  1.03366953E-05 -4.219223E+00  0.000000E+00  2.956548E-01  3.394348E-02
116  1.08397858E-05 -4.422341E+00  0.000000E+00  3.100996E-01  3.192474E-02
117  1.13673402E-05 -4.634994E+00  0.000000E+00  3.252459E-01  2.995574E-02
118  1.19205466E-05 -4.857593E+00  0.000000E+00  3.411278E-01  2.802983E-02
119  1.25006504E-05 -5.090559E+00  0.000000E+00  3.577808E-01  2.614027E-02
120  1.31089577E-05 -5.334327E+00  0.000000E+00  3.752421E-01  2.428014E-02
121  1.37468376E-05 -5.589341E+00  0.000000E+00  3.935507E-01  2.244237E-02
122  1.44157258E-05 -5.856054E+00  0.000000E+00  4.127478E-01  2.061964E-02
123  1.51171272E-05 -6.134928E+00  0.000000E+00  4.328760E-01  1.880440E-02
124  1.58526199E-05 -6.426428E+00  0.000000E+00  4.539802E-01  1.698879E-02
125  1.66238581E-05 -6.731026E+00  0.000000E+00  4.761076E-01  1.516458E-02
126  1.74325764E-05 -7.049193E+00  0.000000E+00  4.993074E-01  1.332318E-02
127  1.82805930E-05 -7.381399E+00  0.000000E+00  5.236312E-01  1.145555E-02
128  1.91698145E-05 -7.728108E+00  0.000000E+00  5.491329E-01  9.552133E-03
129  2.01022394E-05 -8.089772E+00  0.000000E+00  5.758692E-01  7.602850E-03
130  2.10799631E-05 -8.466826E+00  0.000000E+00  6.038993E-01  5.597002E-03
131  2.21051821E-05 -8.859684E+00  0.000000E+00  6.332851E-01  3.523230E-03
132  2.31801995E-05 -9.268727E+00  0.000000E+00  6.640916E-01  1.369446E-03
133  2.43074294E-05 -9.694297E+00  0.000000E+00  6.963867E-01 -8.772231E-04
134  2.54894027E-05 -1.013668E+01  0.000000E+00  7.302413E-01 -3.230501E-03
135  2.67287727E-05 -1.059611E+01  0.000000E+00  7.657299E-01 -5.705024E-03
136  2.80283208E-05 -1.107272E+01  0.000000E+00  8.029301E-01 -8.316403E-03
137  2.93909629E-05 -1.156658E+01  0.000000E+00  8.419233E-01 -1.108128E-02
138  3.08197556E-05 -1.207760E+01  0.000000E+00  8.827944E-01 -1.401737E-02
139  3.23179031E-05 -1.260558E+01  0.000000E+00  9.256324E-01 -1.714355E-02
140  3.38887642E-05 -1.315015E+01  0.000000E+00  9.705301E-01 -2.047981E-02
141  3.55358602E-05 -1.371071E+01  0.000000E+00  1.017585E+00 -2.404736E-02
142  3.72628818E-05 -1.428645E+01  0.000000E+00  1.066897E+00 -2.786857E-02
143  3.90736980E-05 -1.487628E+01  0.000000E+00  1.118574E+00 -3.196697E-02
144  4.09723645E-05 -1.547874E+01  0.000000E+00  1.172726E+00 -3.636715E-02
145  4.29631323E-05 -1.609200E+01  0.000000E+00  1.229468E+00 -4.109470E-02
146  4.50504575E-05 -1.671379E+01  0.000000E+00  1.288922E+00 -4.617600E-02
147  4.72390108E-05 -1.734125E+01  0.000000E+00  1.351213E+00 -5.163801E-02
148  4.95336880E-05 -1.797093E+01  0.000000E+00  1.416473E+00 -5.750789E-02
149  5.19396206E-05 -1.859861E+01  0.000000E+00  1.484840E+00 -6.381260E-02
150  5.44621874E-05 -1.921924E+01  0.000000E+00  1.556457E+00 -7.057830E-02
151  5.71070257E-05 -1.982674E+01  0.000000E+00  1.631475E+00 -7.782956E-02
152  5.98800446E-05 -2.041388E+01  0.000000E+00  1.710051E+00 -8.558835E-02
153  6.27874369E-05 -2.097206E+01  0.000000E+00  1.792349E+00 -9.387281E-02
154  6.58356936E-05 -2.149111E+01  0.000000E+00  1.878543E+00 -1.026854E-01
155  6.90316175E-05 -2.195904E+01  0.000000E+00  1.968812E+00 -1.121447E-01
156  7.23823385E-05 -2.236172E+01  0.000000E+00  2.063347E+00 -1.232141E-01
157  7.58953288E-05 -2.268259E+01  0.000000E+00  2.162351E+00 -1.231741E-01
158  7.95784197E-05 -2.290222E+01  0.000000E+00  2.266165E+00 -1.341021E-01
159  8.34398182E-05 -2.299790E+01  0.000000E+00  2.374708E+00 -1.889502E-01
160  8.74881253E-05 -2.300000E+01  0.000000E+00  2.488012E+00 -1.697725E-01
161  9.17323544E-05 -2.300000E+01  0.000000E+00  2.607452E+00 -1.528779E-01
162  9.61819514E-05 -2.300000E+01  0.000000E+00  2.732203E+00 -1.938772E-01
163  1.00846815E-04 -2.300000E+01  0.000000E+00  2.862846E+00 -2.043400E-01
164  1.05737317E-04 -2.300000E+01  0.000000E+00  2.999675E+00 -2.173203E-01
165  1.10864328E-04 -2.300000E+01  0.000000E+00  3.142977E+00 -2.311328E-01
166  1.16239237E-04 -2.300000E+01  0.000000E+00  3.293057E+00 -2.454194E-01
167  1.21873979E-04 -2.300000E+01  0.000000E+00  3.450233E+00 -2.602351E-01
168  1.27781060E-04 -2.300000E+01  0.000000E+00  3.614839E+00 -2.756122E-01
169  1.33973584E-04 -2.300000E+01  0.000000E+00  3.787223E+00 -2.915836E-01
170  1.40465279E-04 -2.300000E+01  0.000000E+00  3.967749E+00 -3.081834E-01
171  1.47270532E-04 -2.300000E+01  0.000000E+00  4.156798E+00 -3.254469E-01
172  1.54404415E-04 -2.300000E+01  0.000000E+00  4.354769E+00 -3.434109E-01
173  1.61882719E-04 -2.300000E+01  0.000000E+00  4.562078E+00 -3.621134E-01
174  1.69721988E-04 -2.300000E+01  0.000000E+00  4.779161E+00 -3.815943E-01
175  1.77939556E-04 -2.300000E+01  0.000000E+00  5.006472E+00 -4.018947E-01
176  1.86553581E-04 -2.300000E+01  0.000000E+00  5.244488E+00 -4.230576E-01
177  1.95583087E-04 -2.300000E+01  0.000000E+00  5.493705E+00 -4.451277E-01
178  2.05048001E-04 -2.300000E+01  0.000000E+00  5.754644E+00 -4.681515E-01
179  2.14969201E-04 -2.300000E+01  0.000000E+00  6.027847E+00 -4.921775E-01
180  2.25368556E-04 -2.300000E+01  0.000000E+00  6.313881E+00 -5.172561E-01
181  2.36268971E-04 -2.300000E+01  0.000000E+00  6.613339E+00 -5.434401E-01
182  2.47694443E-04 -2.300000E+01  0.000000E+00  6.926841E+00 -5.707842E-01
183  2.59670104E-04 -2.300000E+01  0.000000E+00  7.255032E+00 -5.993455E-01
184  2.72222279E-04 -2.300000E+01  0.000000E+00  7.598588E+00 -6.291837E-01
185  2.85378540E-04 -2.300000E+01  0.000000E+00  7.958213E+00 -6.603608E-01
186  2.99167764E-04 -2.300000E+01  0.000000E+00  8.334644E+00 -6.929416E-01
187  3.13620195E-04 -2.300000E+01  0.000000E+00  8.728648E+00 -7.269937E-01
188  3.28767507E-04 -2.300000E+01  0.000000E+00  9.141026E+00 -7.625875E-01
189  3.44642869E-04 -2.300000E+01  0.000000E+00  9.572616E+00 -7.997963E-01
190  3.61281017E-04 -2.300000E+01  0.000000E+00  1.002429E+01 -8.386968E-01
191  3.78718327E-04 -2.300000E+01  0.000000E+00  1.049696E+01 -8.793689E-01
192  3.96992886E-04 -2.300000E+01  0.000000E+00  1.099156E+01 -9.218958E-01
193  4.16144578E-04 -2.300000E+01  0.000000E+00  1.150910E+01 -9.663643E-01
194  4.36215163E-04 -2.300000E+01  0.000000E+00  1.205061E+01 -1.012865E+00
195  4.57248365E-04 -2.300000E+01  0.000000E+00  1.261715E+01 -1.061492E+00
196  4.79289960E-04 -2.300000E+01  0.000000E+00  1.320984E+01 -1.112345E+00
197  5.02387875E-04 -2.300000E+01  0.000000E+00  1.382986E+01 -1.165525E+00
198  5.26592283E-04 -2.300000E+01  0.000000E+00  1.447842E+01 -1.221139E+00
199  5.51955710E-04 -2.300000E+01  0.000000E+00  1.515678E+01 -1.279299E+00
200  5.78533138E-04 -2.300000E+01  0.000000E+00  1.586626E+01 -1.340121E+00
201  6.06382121E-04 -2.300000E+01  0.000000E+00  1.660822E+01 -1.403727E+00
202  6.35562903E-04 -2.300000E+01  0.000000E+00  1.738408E+01 -1.470241E+00
203  6.66138537E-04 -2.300000E+01  0.000000E+00  1.819534E+01 -1.539795E+00
204  6.98175018E-04 -2.300000E+01  0.000000E+00  1.904353E+01 -1.612526E+00
205  7.31741414E-04 -2.300000E+01  0.000000E+00  1.993023E+01 -1.688576E+00
206  7.66910004E-04 -2.300000E+01  0.000000E+00  2.085713E+01 -1.768093E+00
207  8.03756428E-04 -2.300000E+01  0.000000E+00  2.182592E+01 -1.851230E+00
208  8.42359836E-04 -2.300000E+01  0.000000E+00  2.283841E+01 -1.938149E+00
209  8.82803048E-04 -2.300000E+01  0.000000E+00  2.389645E+01 -2.029015E+00
210  9.25172718E-04 -2.300000E+01  0.000000E+00  2.500194E+01 -2.124003E+00
211  9.69559509E-04 -2.300000E+01  0.000000E+00  2.615690E+01 -2.223290E+00
212  1.01605827E-03 -2.300000E+01  0.000000E+00  2.736337E+01 -2.327066E+00
213  1.06476823E-03 -2.300000E+01  0.000000E+00  2.862349E+01 -2.435523E+00
214  1.11579319E-03 -2.300000E+01  0.000000E+00  2.993945E+01 -2.548863E+00
215  1.16924171E-03 -2.300000E+01  0.000000E+00  3.131355E+01 -2.667295E+00
216  1.22522737E-03 -2.300000E+01  0.000000E+00  3.274813E+01 -2.791037E+00
217  1.28386893E-03 -2.300000E+01  0.000000E+00  3.424561E+01 -2.920313E+00
218  1.34529061E-03 -2.300000E+01  0.000000E+00  3.580851E+01 -3.055355E+00
219  1.40962230E-03 -2.300000E+01  0.000000E+00  3.743939E+01 -3.196406E+00
220  1.47699985E-03 -2.300000E+01  0.000000E+00  3.914091E+01 -3.343715E+00
221  1.54756528E-03 -2.300000E+01  0.000000E+00  4.091580E+01 -3.497540E+00
222  1.62146708E-03 -2.300000E+01  0.000000E+00  4.276686E+01 -3.658149E+00
223  1.69886050E-03 -2.300000E+01  0.000000E+00  4.469696E+01 -3.825817E+00
224  1.77990784E-03 -2.300000E+01  0.000000E+00  4.670904E+01 -4.000830E+00
225  1.86477874E-03 -2.300000E+01  0.000000E+00  4.880612E+01 -4.183482E+00
226  1.95365054E-03 -2.300000E+01  0.000000E+00  5.099127E+01 -4.374075E+00
227  2.04670855E-03 -2.300000E+01  0.000000E+00  5.326764E+01 -4.572923E+00
228  2.14414648E-03 -2.300000E+01  0.000000E+00  5.563841E+01 -4.780346E+00
229  2.24616671E-03 -2.300000E+01  0.000000E+00  5.810685E+01 -4.996675E+00
230  2.35298075E-03 -2.300000E+01  0.000000E+00  6.067624E+01 -5.222250E+00
231  2.46480956E-03 -2.300000E+01  0.000000E+00  6.334994E+01 -5.457418E+00
232  2.58188400E-03 -2.300000E+01  0.000000E+00  6.613130E+01 -5.702536E+00
233  2.70444523E-03 -2.300000E+01  0.000000E+00  6.902372E+01 -5.957971E+00
234  2.83274516E-03 -2.300000E+01  0.000000E+00  7.203061E+01 -6.224095E+00
235  2.96704689E-03 -2.300000E+01  0.000000E+00  7.515539E+01 -6.501290E+00
236  3.10762521E-03 -2.300000E+01  0.000000E+00  7.840145E+01 -6.789944E+00
237  3.25476707E-03 -2.300000E+01  0.000000E+00  8.177217E+01 -7.090453E+00
238  3.40877206E-03 -2.300000E+01  0.000000E+00  8.527090E+01 -7.403217E+00
239  3.56995302E-03 -2.300000E+01  0.000000E+00  8.890090E+01 -7.728645E+00
240  3.73863652E-03 -2.300000E+01  0.000000E+00  9.266539E+01 -8.067146E+00
241  3.91516344E-03 -2.300000E+01  0.000000E+00  9.656746E+01 -8.419137E+00
242  4.09988958E-03 -2.300000E+01  0.000000E+00  1.006101E+02 -8.785035E+00
243  4.29318629E-03 -2.300000E+01  0.000000E+00  1.047961E+02 -9.165258E+00
244  4.49544104E-03 -2.300000E+01  0.000000E+00  1.091282E+02 -9.560226E+00
245  4.70705816E-03 -2.300000E+01  0.000000E+00  1.136088E+02 -9.970356E+00
246  4.92845945E-03 -2.300000E+01  0.000000E+00  1.182400E+02 -1.039606E+01
247  5.16008494E-03 -2.300000E+01  0.000000E+00  1.230238E+02 -1.083775E+01
248  5.40239359E-03 -2.300000E+01  0.000000E+00  1.279618E+02 -1.129583E+01
249  5.65586409E-03 -2.300000E+01  0.000000E+00  1.330552E+02 -1.177068E+01
250  5.92099559E-03 -2.300000E+01  0.000000E+00  1.383048E+02 -1.226269E+01
251  6.19830854E-03 -2.300000E+01  0.000000E+00  1.437109E+02 -1.277222E+01
252  6.48834554E-03 -2.300000E+01  0.000000E+00  1.492732E+02 -1.329962E+01
253  6.79167220E-03 -2.300000E+01  0.000000E+00  1.549911E+02 -1.384521E+01
254  7.10887804E-03 -2.300000E+01  0.000000E+00  1.608631E+02 -1.440929E+01
255  7.44057740E-03 -2.300000E+01  0.000000E+00  1.668870E+02 -1.499213E+01
256  7.78741044E-03 -2.300000E+01  0.000000E+00  1.730598E+02 -1.559396E+01
257  8.15004409E-03 -2.300000E+01  0.000000E+00  1.793776E+02 -1.621499E+01
258  8.52917309E-03 -2.300000E+01  0.000000E+00  1.858357E+02 -1.685536E+01
259  8.92552106E-03 -2.300000E+01  0.000000E+00  1.924283E+02 -1.751518E+01
260  9.33984157E-03 -2.300000E+01  0.000000E+00  1.991482E+02 -1.819451E+01
261  9.77291926E-03 -2.300000E+01  0.000000E+00  2.059872E+02 -1.889332E+01
262  1.02255710E-02 -2.300000E+01  0.000000E+00  2.129357E+02 -1.961155E+01
263  1.06986471E-02 -2.300000E+01  0.000000E+00  2.199827E+02 -2.034903E+01
264  1.11930326E-02 -2.300000E+01  0.000000E+00  2.271154E+02 -2.110553E+01
265  1.17096483E-02 -2.300000E+01  0.000000E+00  2.343196E+02 -2.188072E+01
266  1.22494524E-02 -2.300000E+01  0.000000E+00  2.415790E+02 -2.267417E+01
267  1.28134416E-02 -2.300000E+01  0.000000E+00  2.488755E+02 -2.348534E+01
268  1.34026524E-02 -2.300000E+01  0.000000E+00  2.561890E+02 -2.431359E+01
269  1.40181629E-02 -2.300000E+01  0.000000E+00  2.634971E+02 -2.515813E+01
270  1.46610940E-02 -2.300000E+01  0.000000E+00  2.707751E+02 -2.601804E+01
271  1.53326106E-02 -2.300000E+01  0.000000E+00  2.779958E+02 -2.689224E+01
272  1.60339238E-02 -2.300000E+01  0.000000E+00  2.851295E+02 -2.777952E+01
273  1.67662920E-02 -2.300000E+01  0.000000E+00  2.921437E+02 -2.867846E+01
274  1.75310226E-02 -2.300000E+01  0.000000E+00  2.990031E+02 -2.958750E+01
275  1.83294737E-02 -2.300000E+01  0.000000E+00  3.056696E+02 -3.050484E+01
276  1.91630558E-02 -2.300000E+01  0.000000E+00  3.121019E+02 -3.142850E+01
277  2.00332334E-02 -2.300000E+01  0.000000E+00  3.182556E+02 -3.235629E+01
278  2.09415271E-02 -2.300000E+01  0.000000E+00  3.240831E+02 -3.328577E+01
279  2.18895151E-02 -2.300000E+01  0.000000E+00  3.295336E+02 -3.421425E+01
280  2.28788350E-02 -2.300000E+01  0.000000E+00  3.345531E+02 -3.513883E+01
281  2.39111860E-02 -2.300000E+01  0.000000E+00  3.390841E+02 -3.605630E+01
282  2.49883309E-02 -2.300000E+01  0.000000E+00  3.430662E+02 -3.696320E+01
283  2.61120974E-02 -2.300000E+01  0.000000E+00  3.464354E+02 -3.785579E+01
284  2.72843809E-02 -2.300000E+01  0.000000E+00  3.491249E+02 -3.873003E+01
285  2.85071461E-02 -2.300000E+01  0.000000E+00  3.510651E+02 -3.958160E+01
286  2.97824293E-02 -2.300000E+01  0.000000E+00  3.521834E+02 -4.040586E+01
287  3.11123403E-02 -2.300000E+01  0.000000E+00  3.524050E+02 -4.119788E+01
288  3.24990648E-02 -2.300000E+01  0.000000E+00  3.516529E+02 -4.195244E+01
289  3.39448664E-02 -2.300000E+01  0.000000E+00  3.498486E+02 -4.266401E+01
290  3.54520891E-02 -2.300000E+01  0.000000E+00  3.469122E+02 -4.332677E+01
291  3.70231591E-02 -2.300000E+01  0.000000E+00  3.427635E+02 -4.393461E+01
292  3.86605876E-02 -2.300000E+01  0.000000E+00  3.373220E+02 -4.448118E+01
293  4.03669728E-02 -2.300000E+01  0.000000E+00  3.305086E+02 -4.495985E+01
294  4.21450023E-02 -2.300000E+01  0.000000E+00  3.222454E+02 -4.536380E+01
295  4.39974557E-02 -2.300000E+01  0.000000E+00  3.124578E+02 -4.568599E+01
296  4.59272065E-02 -2.300000E+01  0.000000E+00  3.010745E+02 -4.591923E+01
297  4.79372252E-02 -2.300000E+01  0.000000E+00  2.880298E+02 -4.605622E+01
298  5.00305813E-02 -2.300000E+01  0.000000E+00  2.732643E+02 -4.608960E+01
299  5.22104457E-02 -2.300000E+01  0.000000E+00  2.567266E+02 -4.601198E+01
300  5.44800935E-02 -2.300000E+01  0.000000E+00  2.383747E+02 -4.581604E+01
301  5.68429063E-02 -2.300000E+01  0.000000E+00  2.181781E+02 -4.549458E+01
302  5.93023748E-02 -2.300000E+01  0.000000E+00  1.961194E+02 -4.504062E+01
303  6.18621013E-02 -2.300000E+01  0.000000E+00  1.721961E+02 -4.444748E+01
304  6.45258021E-02 -2.300000E+01  0.000000E+00  1.464229E+02 -4.370886E+01
305  6.72973101E-02 -2.300000E+01  0.000000E+00  1.188336E+02 -4.281898E+01
306  7.01805776E-02 -2.300000E+01  0.000000E+00  8.948310E+01 -4.177268E+01
307  7.31796784E-02 -2.300000E+01  0.000000E+00  5.844985E+01 -4.056554E+01
308  7.62988105E-02 -2.300000E+01  0.000000E+00  2.583761E+01 -3.919401E+01
309  7.95422987E-02 -2.300000E+01  0.000000E+00 -8.222437E+00 -3.765556E+01
310  8.29145970E-02 -2.300000E+01  0.000000E+00 -4.356975E+01 -3.594881E+01
311  8.64202913E-02 -2.300000E+01  0.000000E+00 -8.001277E+01 -3.407369E+01
312  9.00641013E-02 -2.300000E+01  0.000000E+00 -1.173275E+02 -3.203155E+01
313  9.38508837E-02 -2.300000E+01  0.000000E+00 -1.552562E+02 -2.982536E+01
314  9.77856342E-02 -2.300000E+01  0.000000E+00 -1.935067E+02 -2.745981E+01
315  1.01873490E-01 -2.300000E+01  0.000000E+00 -2.317524E+02 -2.494147E+01
316  1.06119731E-01 -2.300000E+01  0.000000E+00 -2.696320E+02 -2.227893E+01
317  1.10529785E-01 -2.300000E+01  0.000000E+00 -3.067507E+02 -1.948289E+01
318  1.15109228E-01 -2.300000E+01  0.000000E+00 -3.426818E+02 -1.656627E+01
319  1.19863785E-01 -2.300000E+01  0.000000E+00 -3.769693E+02 -1.354429E+01
320  1.24799335E-01 -2.300000E+01  0.000000E+00 -4.091310E+02 -1.043454E+01
321  1.29921911E-01 -2.300000E+01  0.000000E+00 -4.386633E+02 -7.256965E+00
322  1.35237706E-01 -2.300000E+01  0.000000E+00 -4.650462E+02 -4.033894E+00
323  1.40753067E-01 -2.300000E+01  0.000000E+00 -4.877502E+02 -7.899518E-01
324  1.46474506E-01 -2.300000E+01  0.000000E+00 -5.062442E+02  2.448024E+00
325  1.52408697E-01 -2.300000E+01  0.000000E+00 -5.200040E+02  5.651138E+00
326  1.58562476E-01 -2.300000E+01  0.000000E+00 -5.285228E+02  8.788642E+00
327  1.64942850E-01 -2.300000E+01  0.000000E+00 -5.313225E+02  1.182820E+01
328  1.71556989E-01 -2.300000E+01  0.000000E+00 -5.279660E+02  1.473622E+01
329  1.78412237E-01 -2.300000E+01  0.000000E+00 -5.180704E+02  1.747823E+01
330  1.85516105E-01 -2.300000E+01  0.000000E+00 -5.013210E+02  2.001937E+01
331  1.92876279E-01 -2.300000E+01  0.000000E+00 -4.774860E+02  2.232486E+01
332  2.00500617E-01 -2.300000E+01  0.000000E+00 -4.464313E+02  2.436062E+01
333  2.08397153E-01 -2.300000E+01  0.000000E+00 -4.081351E+02  2.609393E+01
334  2.16574097E-01 -2.300000E+01  0.000000E+00 -3.627019E+02  2.749405E+01
335  2.25039835E-01 -2.300000E+01  0.000000E+00 -3.103761E+02  2.853304E+01
336  2.33802930E-01 -2.300000E+01  0.000000E+00 -2.515528E+02  2.918645E+01
337  2.42872124E-01 -2.300000E+01  0.000000E+00 -1.867885E+02  2.943417E+01
338  2.52256340E-01 -2.300000E+01  0.000000E+00 -1.168068E+02  2.926113E+01
339  2.61964677E-01 -2.300000E+01  0.000000E+00 -4.250261E+01  2.865813E+01
340  2.72006416E-01 -2.300000E+01  0.000000E+00  3.505847E+01  2.762252E+01
341  2.82391019E-01 -2.300000E+01  0.000000E+00  1.146453E+02  2.615885E+01
342  2.93128127E-01 -2.300000E+01  0.000000E+00  1.948712E+02  2.427942E+01
343  3.04227561E-01 -2.300000E+01  0.000000E+00  2.742100E+02  2.200476E+01
344  3.15699323E-01 -2.300000E+01  0.000000E+00  3.510178E+02  1.936382E+01
345  3.27553595E-01 -2.300000E+01  0.000000E+00  4.235612E+02  1.639417E+01
346  3.39800739E-01 -2.300000E+01  0.000000E+00  4.900517E+02  1.314187E+01
347  3.52451295E-01 -2.300000E+01  0.000000E+00  5.486870E+02  9.661129E+00
348  3.65515983E-01 -2.300000E+01  0.000000E+00  5.976969E+02  6.013779E+00
349  3.79005700E-01 -2.300000E+01  0.000000E+00  6.353960E+02  2.268421E+00
350  3.92931520E-01 -2.300000E+01  0.000000E+00  6.602390E+02 -1.500660E+00
351  4.07304692E-01 -2.300000E+01  0.000000E+00  6.708800E+02 -5.214852E+00
352  4.22136643E-01 -2.300000E+01  0.000000E+00  6.662325E+02 -8.792844E+00
353  4.37438969E-01 -2.300000E+01  0.000000E+00  6.455292E+02 -1.215248E+01
354  4.53223441E-01 -2.300000E+01  0.000000E+00  6.083782E+02 -1.521283E+01
355  4.69502001E-01 -2.300000E+01  0.000000E+00  5.548148E+02 -1.789643E+01
356  4.86286757E-01 -2.300000E+01  0.000000E+00  4.853441E+02 -2.013160E+01
357  5.03589988E-01 -2.300000E+01  0.000000E+00  4.009738E+02 -2.185490E+01
358  5.21424135E-01 -2.300000E+01  0.000000E+00  3.032327E+02 -2.301343E+01
359  5.39801804E-01 -2.300000E+01  0.000000E+00  1.941735E+02 -2.356712E+01
360  5.58735762E-01 -2.300000E+01  0.000000E+00  7.635690E+01 -2.349078E+01
361  5.78238934E-01 -2.300000E+01  0.000000E+00 -4.718503E+01 -2.277581E+01
362  5.98324403E-01 -2.300000E+01  0.000000E+00 -1.730068E+02 -2.143162E+01
363  6.19005404E-01 -2.300000E+01  0.000000E+00 -2.973300E+02 -1.948641E+01
364  6.40295327E-01 -2.300000E+01  0.000000E+00 -4.161457E+02 -1.698754E+01
365  6.62207707E-01 -2.300000E+01  0.000000E+00 -5.253376E+02 -1.400115E+01
366  6.84756226E-01 -2.300000E+01  0.000000E+00 -6.208230E+02 -1.061110E+01
367  7.07954712E-01 -2.300000E+01  0.000000E+00 -6.987080E+02 -6.917240E+00
368  7.31817130E-01 -2.300000E+01  0.000000E+00 -7.554526E+02 -3.032908E+00
369  7.56357583E-01 -2.300000E+01  0.000000E+00 -7.880386E+02  9.182543E-01
370  7.81590308E-01 -2.300000E+01  0.000000E+00 -7.941337E+02  4.806112E+00
371  8.07529675E-01 -2.300000E+01  0.000000E+00 -7.722445E+02  8.498391E+00
372  8.34190179E-01 -2.300000E+01  0.000000E+00 -7.218487E+02  1.186543E+01
373  8.61586439E-01 -2.300000E+01  0.000000E+00 -6.434996E+02  1.478516E+01
374  8.89733197E-01 -2.300000E+01  0.000000E+00 -5.388931E+02  1.714815E+01
375  9.18645312E-01 -2.300000E+01  0.000000E+00 -4.108904E+02  1.886248E+01
376  9.48337754E-01 -2.300000E+01  0.000000E+00 -2.634913E+02  1.985818E+01
377  9.78825606E-01 -2.300000E+01  0.000000E+00 -1.017515E+02  2.009108E+01
378  1.01012406E+00 -2.300000E+01  0.000000E+00  6.835612E+01  1.954578E+01
379  1.04224840E+00 -2.300000E+01  0.000000E+00  2.401367E+02  1.823758E+01
380  1.07521402E+00 -2.300000E+01  0.000000E+00  4.064204E+02  1.621315E+01
381  1.10903640E+00 -2.300000E+01  0.000000E+00  5.598559E+02  1.354984E+01
382  1.14373114E+00 -2.300000E+01  0.000000E+00  6.932372E+02  1.035362E+01
383  1.17931388E+00 -2.300000E+01  0.000000E+00  7.998538E+02  6.755532E+00
384  1.21580037E+00 -2.300000E+01  0.000000E+00  8.738453E+02  2.906817E+00
385  1.25320646E+00 -2.300000E+01  0.000000E+00  9.105438E+02 -1.027185E+00
386  1.29154803E+00 -2.300000E+01  0.000000E+00  9.067837E+02 -4.874088E+00
387  1.33084108E+00 -2.300000E+01  0.000000E+00  8.611599E+02 -8.462224E+00
388  1.37110164E+00 -2.300000E+01  0.000000E+00  7.742150E+02 -1.162873E+01
389  1.41234582E+00 -2.300000E+01  0.000000E+00  6.485391E+02 -1.422759E+01
390  1.45458980E+00 -2.300000E+01  0.000000E+00  4.887682E+02 -1.613715E+01
391  1.49784981E+00 -2.300000E+01  0.000000E+00  3.014734E+02 -1.726678E+01
392  1.54214211E+00 -2.300000E+01  0.000000E+00  9.493758E+01 -1.756221E+01
393  1.58748305E+00 -2.300000E+01  0.000000E+00 -1.211779E+02 -1.700912E+01
394  1.63388900E+00 -2.300000E+01  0.000000E+00 -3.362654E+02 -1.563492E+01
395  1.68137636E+00 -2.300000E+01  0.000000E+00 -5.392846E+02 -1.350826E+01
396  1.72996160E+00 -2.300000E+01  0.000000E+00 -7.193358E+02 -1.073641E+01
397  1.77966121E+00 -2.300000E+01  0.000000E+00 -8.662613E+02 -7.460474E+00
398  1.83049169E+00 -2.300000E+01  0.000000E+00 -9.712432E+02 -3.851411E+00
399  1.88246959E+00 -2.300000E+01  0.000000E+00 -3.544052E+03 -2.800153E-01
