#      n =  1
#  kappa = -1
# energy = -2.17737274E+02
#     vc = -4.35567300E+02


0    2.50000000E-07 -3.179953E-02  0.000000E+00  0.000000E+00  1.278894E-02
1    2.62190703E-07 -3.335014E-02  0.000000E+00  1.965737E-07  1.278894E-02
2    2.74975831E-07 -3.497634E-02  0.000000E+00  4.027323E-07  1.219431E-02
3    2.88384368E-07 -3.668184E-02  0.000000E+00  6.189431E-07  1.162733E-02
4    3.02446708E-07 -3.847049E-02  0.000000E+00  8.456963E-07  1.108671E-02
5    3.17194729E-07 -4.034635E-02  0.000000E+00  1.083506E-06  1.057123E-02
6    3.32661863E-07 -4.231366E-02  0.000000E+00  1.332910E-06  1.007972E-02
7    3.48883169E-07 -4.437690E-02  0.000000E+00  1.594476E-06  9.611067E-03
8    3.65895419E-07 -4.654072E-02  0.000000E+00  1.868795E-06  9.164202E-03
9    3.83737176E-07 -4.881003E-02  0.000000E+00  2.156489E-06  8.738114E-03
10   4.02448883E-07 -5.118998E-02  0.000000E+00  2.458211E-06  8.331839E-03
11   4.22072953E-07 -5.368596E-02  0.000000E+00  2.774644E-06  7.944454E-03
12   4.42653870E-07 -5.630362E-02  0.000000E+00  3.106506E-06  7.575081E-03
13   4.64238283E-07 -5.904889E-02  0.000000E+00  3.454548E-06  7.222884E-03
14   4.86875118E-07 -6.192799E-02  0.000000E+00  3.819560E-06  6.887062E-03
15   5.10615683E-07 -6.494743E-02  0.000000E+00  4.202368E-06  6.566854E-03
16   5.35513791E-07 -6.811407E-02  0.000000E+00  4.603841E-06  6.261536E-03
17   5.61625874E-07 -7.143506E-02  0.000000E+00  5.024888E-06  5.970413E-03
18   5.89011117E-07 -7.491792E-02  0.000000E+00  5.466464E-06  5.692827E-03
19   6.17731590E-07 -7.857055E-02  0.000000E+00  5.929569E-06  5.428148E-03
20   6.47852389E-07 -8.240121E-02  0.000000E+00  6.415253E-06  5.175775E-03
21   6.79441782E-07 -8.641856E-02  0.000000E+00  6.924616E-06  4.935137E-03
22   7.12571364E-07 -9.063170E-02  0.000000E+00  7.458814E-06  4.705687E-03
23   7.47316223E-07 -9.505017E-02  0.000000E+00  8.019055E-06  4.486906E-03
24   7.83755104E-07 -9.968395E-02  0.000000E+00  8.606610E-06  4.278297E-03
25   8.21970590E-07 -1.045435E-01  0.000000E+00  9.222811E-06  4.079388E-03
26   8.62049292E-07 -1.096399E-01  0.000000E+00  9.869054E-06  3.889727E-03
27   9.04082039E-07 -1.149845E-01  0.000000E+00  1.054680E-05  3.708885E-03
28   9.48164090E-07 -1.205896E-01  0.000000E+00  1.125759E-05  3.536451E-03
29   9.94395346E-07 -1.264677E-01  0.000000E+00  1.200304E-05  3.372034E-03
30   1.04288058E-06 -1.326321E-01  0.000000E+00  1.278482E-05  3.215262E-03
31   1.09372966E-06 -1.390967E-01  0.000000E+00  1.360472E-05  3.065779E-03
32   1.14705782E-06 -1.458762E-01  0.000000E+00  1.446458E-05  2.923246E-03
33   1.20298591E-06 -1.529858E-01  0.000000E+00  1.536637E-05  2.787341E-03
34   1.26164066E-06 -1.604416E-01  0.000000E+00  1.631212E-05  2.657754E-03
35   1.32315500E-06 -1.682603E-01  0.000000E+00  1.730397E-05  2.534192E-03
36   1.38766830E-06 -1.764596E-01  0.000000E+00  1.834417E-05  2.416375E-03
37   1.45532676E-06 -1.850578E-01  0.000000E+00  1.943508E-05  2.304036E-03
38   1.52628368E-06 -1.940745E-01  0.000000E+00  2.057917E-05  2.196920E-03
39   1.60069984E-06 -2.035298E-01  0.000000E+00  2.177903E-05  2.094784E-03
40   1.67874385E-06 -2.134449E-01  0.000000E+00  2.303738E-05  1.997397E-03
41   1.76059255E-06 -2.238422E-01  0.000000E+00  2.435707E-05  1.904538E-03
42   1.84643138E-06 -2.347449E-01  0.000000E+00  2.574108E-05  1.815995E-03
43   1.93645483E-06 -2.461774E-01  0.000000E+00  2.719256E-05  1.731570E-03
44   2.03086686E-06 -2.581653E-01  0.000000E+00  2.871479E-05  1.651069E-03
45   2.12988136E-06 -2.707354E-01  0.000000E+00  3.031122E-05  1.574311E-03
46   2.23372266E-06 -2.839156E-01  0.000000E+00  3.198546E-05  1.501121E-03
47   2.34262602E-06 -2.977355E-01  0.000000E+00  3.374130E-05  1.431334E-03
48   2.45683814E-06 -3.122256E-01  0.000000E+00  3.558272E-05  1.364792E-03
49   2.57661775E-06 -3.274181E-01  0.000000E+00  3.751390E-05  1.301342E-03
50   2.70223621E-06 -3.433466E-01  0.000000E+00  3.953920E-05  1.240842E-03
51   2.83397807E-06 -3.600464E-01  0.000000E+00  4.166320E-05  1.183155E-03
52   2.97214176E-06 -3.775541E-01  0.000000E+00  4.389073E-05  1.128149E-03
53   3.11704024E-06 -3.959083E-01  0.000000E+00  4.622681E-05  1.075700E-03
54   3.26900171E-06 -4.151491E-01  0.000000E+00  4.867675E-05  1.025689E-03
55   3.42837039E-06 -4.353185E-01  0.000000E+00  5.124607E-05  9.780021E-04
56   3.59550723E-06 -4.564604E-01  0.000000E+00  5.394061E-05  9.325317E-04
57   3.77079079E-06 -4.786203E-01  0.000000E+00  5.676646E-05  8.891745E-04
58   3.95461806E-06 -5.018462E-01  0.000000E+00  5.973002E-05  8.478321E-04
59   4.14740536E-06 -5.261877E-01  0.000000E+00  6.283798E-05  8.084108E-04
60   4.34958931E-06 -5.516967E-01  0.000000E+00  6.609739E-05  7.708212E-04
61   4.56162778E-06 -5.784272E-01  0.000000E+00  6.951563E-05  7.349779E-04
62   4.78400094E-06 -6.064353E-01  0.000000E+00  7.310041E-05  7.007998E-04
63   5.01721237E-06 -6.357794E-01  0.000000E+00  7.685987E-05  6.682091E-04
64   5.26179014E-06 -6.665201E-01  0.000000E+00  8.080249E-05  6.371320E-04
65   5.51828807E-06 -6.987204E-01  0.000000E+00  8.493720E-05  6.074978E-04
66   5.78728693E-06 -7.324454E-01  0.000000E+00  8.927335E-05  5.792395E-04
67   6.06939579E-06 -7.677625E-01  0.000000E+00  9.382075E-05  5.522927E-04
68   6.36525337E-06 -8.047415E-01  0.000000E+00  9.858968E-05  5.265963E-04
69   6.67552950E-06 -8.434541E-01  0.000000E+00  1.035909E-04  5.020919E-04
70   7.00092662E-06 -8.839744E-01  0.000000E+00  1.088358E-04  4.787239E-04
71   7.34218137E-06 -9.263782E-01  0.000000E+00  1.143361E-04  4.564390E-04
72   7.70006627E-06 -9.707434E-01  0.000000E+00  1.201044E-04  4.351867E-04
73   8.07539144E-06 -1.017149E+00  0.000000E+00  1.261536E-04  4.149186E-04
74   8.46900646E-06 -1.065677E+00  0.000000E+00  1.324974E-04  3.955886E-04
75   8.88180225E-06 -1.116408E+00  0.000000E+00  1.391502E-04  3.771526E-04
76   9.31471313E-06 -1.169425E+00  0.000000E+00  1.461270E-04  3.595686E-04
77   9.76871886E-06 -1.224810E+00  0.000000E+00  1.534435E-04  3.427965E-04
78   1.02448470E-05 -1.282647E+00  0.000000E+00  1.611163E-04  3.267981E-04
79   1.07441749E-05 -1.343017E+00  0.000000E+00  1.691627E-04  3.115367E-04
80   1.12678326E-05 -1.405999E+00  0.000000E+00  1.776008E-04  2.969774E-04
81   1.18170050E-05 -1.471670E+00  0.000000E+00  1.864498E-04  2.830870E-04
82   1.23929348E-05 -1.540103E+00  0.000000E+00  1.957295E-04  2.698335E-04
83   1.29969250E-05 -1.611364E+00  0.000000E+00  2.054609E-04  2.571865E-04
84   1.36303422E-05 -1.685514E+00  0.000000E+00  2.156661E-04  2.451169E-04
85   1.42946193E-05 -1.762605E+00  0.000000E+00  2.263679E-04  2.335968E-04
86   1.49912590E-05 -1.842677E+00  0.000000E+00  2.375905E-04  2.225996E-04
87   1.57218372E-05 -1.925754E+00  0.000000E+00  2.493593E-04  2.120998E-04
88   1.64880065E-05 -2.011848E+00  0.000000E+00  2.617007E-04  2.020731E-04
89   1.72914998E-05 -2.100946E+00  0.000000E+00  2.746426E-04  1.924960E-04
90   1.81341342E-05 -2.193012E+00  0.000000E+00  2.882140E-04  1.833463E-04
91   1.90178154E-05 -2.287981E+00  0.000000E+00  3.024457E-04  1.746023E-04
92   1.99445419E-05 -2.385749E+00  0.000000E+00  3.173695E-04  1.662436E-04
93   2.09164090E-05 -2.486175E+00  0.000000E+00  3.330192E-04  1.582504E-04
94   2.19356142E-05 -2.589064E+00  0.000000E+00  3.494298E-04  1.506037E-04
95   2.30044619E-05 -2.694163E+00  0.000000E+00  3.666384E-04  1.432853E-04
96   2.41253685E-05 -2.801151E+00  0.000000E+00  3.846836E-04  1.362778E-04
97   2.53008679E-05 -2.909624E+00  0.000000E+00  4.036059E-04  1.295645E-04
98   2.65336171E-05 -3.019083E+00  0.000000E+00  4.234478E-04  1.231292E-04
99   2.78264025E-05 -3.128916E+00  0.000000E+00  4.442540E-04  1.169565E-04
100  2.91821459E-05 -3.238381E+00  0.000000E+00  4.660710E-04  1.110317E-04
101  3.06039110E-05 -3.346585E+00  0.000000E+00  4.889480E-04  1.053406E-04
102  3.20949107E-05 -3.452453E+00  0.000000E+00  5.129361E-04  9.987001E-05
103  3.36585138E-05 -3.554707E+00  0.000000E+00  5.380891E-04  9.460712E-05
104  3.52982529E-05 -3.651825E+00  0.000000E+00  5.644634E-04  8.954009E-05
105  3.70178325E-05 -3.742006E+00  0.000000E+00  5.921182E-04  8.467235E-05
106  3.88211369E-05 -3.823124E+00  0.000000E+00  6.211152E-04  7.983030E-05
107  4.07122391E-05 -3.892674E+00  0.000000E+00  6.515192E-04  7.373520E-05
108  4.26954103E-05 -3.947714E+00  0.000000E+00  6.833993E-04  8.430092E-05
109  4.47751288E-05 -3.984795E+00  0.000000E+00  7.168648E-04  7.286344E-05
110  4.69560907E-05 -3.999877E+00  0.000000E+00  7.518844E-04  2.409499E-05
111  4.92432202E-05 -4.000000E+00  0.000000E+00  7.885451E-04  5.925918E-05
112  5.16416807E-05 -4.000000E+00  0.000000E+00  8.271534E-04  8.074709E-05
113  5.41568862E-05 -4.000000E+00  0.000000E+00  8.675532E-04  4.789888E-05
114  5.67945137E-05 -4.000000E+00  0.000000E+00  9.099117E-04  4.721583E-05
115  5.95605159E-05 -4.000000E+00  0.000000E+00  9.543267E-04  4.403641E-05
116  6.24611344E-05 -4.000000E+00  0.000000E+00  1.000897E-03  4.063985E-05
117  6.55029138E-05 -4.000000E+00  0.000000E+00  1.049729E-03  3.736415E-05
118  6.86927164E-05 -4.000000E+00  0.000000E+00  1.100930E-03  3.417316E-05
119  7.20377376E-05 -4.000000E+00  0.000000E+00  1.154617E-03  3.105940E-05
120  7.55455220E-05 -4.000000E+00  0.000000E+00  1.210911E-03  2.801582E-05
121  7.92239802E-05 -4.000000E+00  0.000000E+00  1.269938E-03  2.503556E-05
122  8.30814065E-05 -4.000000E+00  0.000000E+00  1.331830E-03  2.211187E-05
123  8.71264977E-05 -4.000000E+00  0.000000E+00  1.396728E-03  1.923814E-05
124  9.13683726E-05 -4.000000E+00  0.000000E+00  1.464776E-03  1.640790E-05
125  9.58165918E-05 -4.000000E+00  0.000000E+00  1.536128E-03  1.361474E-05
126  1.00481180E-04 -4.000000E+00  0.000000E+00  1.610944E-03  1.085236E-05
127  1.05372647E-04 -4.000000E+00  0.000000E+00  1.689392E-03  8.114533E-06
128  1.10502014E-04 -4.000000E+00  0.000000E+00  1.771648E-03  5.395072E-06
129  1.15880835E-04 -4.000000E+00  0.000000E+00  1.857897E-03  2.687847E-06
130  1.21521223E-04 -4.000000E+00  0.000000E+00  1.948332E-03 -1.324518E-08
131  1.27435880E-04 -4.000000E+00  0.000000E+00  2.043157E-03 -2.714293E-06
132  1.33638123E-04 -4.000000E+00  0.000000E+00  2.142583E-03 -5.421382E-06
133  1.40141913E-04 -4.000000E+00  0.000000E+00  2.246835E-03 -8.140608E-06
134  1.46961887E-04 -4.000000E+00  0.000000E+00  2.356145E-03 -1.087809E-05
135  1.54113394E-04 -4.000000E+00  0.000000E+00  2.470758E-03 -1.363999E-05
136  1.61612521E-04 -4.000000E+00  0.000000E+00  2.590932E-03 -1.643252E-05
137  1.69476139E-04 -4.000000E+00  0.000000E+00  2.716935E-03 -1.926196E-05
138  1.77721932E-04 -4.000000E+00  0.000000E+00  2.849049E-03 -2.213465E-05
139  1.86368441E-04 -4.000000E+00  0.000000E+00  2.987570E-03 -2.505706E-05
140  1.95435103E-04 -4.000000E+00  0.000000E+00  3.132808E-03 -2.803574E-05
141  2.04942298E-04 -4.000000E+00  0.000000E+00  3.285086E-03 -3.107738E-05
142  2.14911390E-04 -4.000000E+00  0.000000E+00  3.444747E-03 -3.418878E-05
143  2.25364774E-04 -4.000000E+00  0.000000E+00  3.612145E-03 -3.737693E-05
144  2.36325931E-04 -4.000000E+00  0.000000E+00  3.787655E-03 -4.064895E-05
145  2.47819476E-04 -4.000000E+00  0.000000E+00  3.971669E-03 -4.401218E-05
146  2.59871212E-04 -4.000000E+00  0.000000E+00  4.164596E-03 -4.747413E-05
147  2.72508190E-04 -4.000000E+00  0.000000E+00  4.366867E-03 -5.104254E-05
148  2.85758769E-04 -4.000000E+00  0.000000E+00  4.578932E-03 -5.472537E-05
149  2.99652674E-04 -4.000000E+00  0.000000E+00  4.801263E-03 -5.853085E-05
150  3.14221068E-04 -4.000000E+00  0.000000E+00  5.034356E-03 -6.246747E-05
151  3.29496617E-04 -4.000000E+00  0.000000E+00  5.278729E-03 -6.654399E-05
152  3.45513565E-04 -4.000000E+00  0.000000E+00  5.534924E-03 -7.076949E-05
153  3.62307805E-04 -4.000000E+00  0.000000E+00  5.803510E-03 -7.515338E-05
154  3.79916964E-04 -4.000000E+00  0.000000E+00  6.085085E-03 -7.970540E-05
155  3.98380482E-04 -4.000000E+00  0.000000E+00  6.380271E-03 -8.443566E-05
156  4.17739701E-04 -4.000000E+00  0.000000E+00  6.689724E-03 -8.935467E-05
157  4.38037955E-04 -4.000000E+00  0.000000E+00  7.014129E-03 -9.447334E-05
158  4.59320666E-04 -4.000000E+00  0.000000E+00  7.354203E-03 -9.980300E-05
159  4.81635444E-04 -4.000000E+00  0.000000E+00  7.710699E-03 -1.053555E-04
160  5.05032192E-04 -4.000000E+00  0.000000E+00  8.084403E-03 -1.111430E-04
161  5.29563212E-04 -4.000000E+00  0.000000E+00  8.476141E-03 -1.171784E-04
162  5.55283328E-04 -4.000000E+00  0.000000E+00  8.886776E-03 -1.234750E-04
163  5.82249997E-04 -4.000000E+00  0.000000E+00  9.317213E-03 -1.300466E-04
164  6.10523441E-04 -4.000000E+00  0.000000E+00  9.768399E-03 -1.369078E-04
165  6.40166778E-04 -4.000000E+00  0.000000E+00  1.024133E-02 -1.440737E-04
166  6.71246158E-04 -4.000000E+00  0.000000E+00  1.073703E-02 -1.515600E-04
167  7.03830909E-04 -4.000000E+00  0.000000E+00  1.125661E-02 -1.593831E-04
168  7.37993689E-04 -4.000000E+00  0.000000E+00  1.180119E-02 -1.675601E-04
169  7.73810643E-04 -4.000000E+00  0.000000E+00  1.237196E-02 -1.761091E-04
170  8.11361571E-04 -4.000000E+00  0.000000E+00  1.297018E-02 -1.850487E-04
171  8.50730102E-04 -4.000000E+00  0.000000E+00  1.359715E-02 -1.943984E-04
172  8.92003873E-04 -4.000000E+00  0.000000E+00  1.425424E-02 -2.041786E-04
173  9.35274722E-04 -4.000000E+00  0.000000E+00  1.494287E-02 -2.144105E-04
174  9.80638888E-04 -4.000000E+00  0.000000E+00  1.566455E-02 -2.251166E-04
175  1.02819722E-03 -4.000000E+00  0.000000E+00  1.642083E-02 -2.363199E-04
176  1.07805539E-03 -4.000000E+00  0.000000E+00  1.721336E-02 -2.480448E-04
177  1.13032413E-03 -4.000000E+00  0.000000E+00  1.804385E-02 -2.603167E-04
178  1.18511948E-03 -4.000000E+00  0.000000E+00  1.891410E-02 -2.731620E-04
179  1.24256299E-03 -4.000000E+00  0.000000E+00  1.982597E-02 -2.866084E-04
180  1.30278207E-03 -4.000000E+00  0.000000E+00  2.078143E-02 -3.006849E-04
181  1.36591017E-03 -4.000000E+00  0.000000E+00  2.178254E-02 -3.154217E-04
182  1.43208713E-03 -4.000000E+00  0.000000E+00  2.283142E-02 -3.308504E-04
183  1.50145946E-03 -4.000000E+00  0.000000E+00  2.393034E-02 -3.470039E-04
184  1.57418067E-03 -4.000000E+00  0.000000E+00  2.508162E-02 -3.639167E-04
185  1.65041156E-03 -4.000000E+00  0.000000E+00  2.628772E-02 -3.816247E-04
186  1.73032060E-03 -4.000000E+00  0.000000E+00  2.755119E-02 -4.001657E-04
187  1.81408429E-03 -4.000000E+00  0.000000E+00  2.887472E-02 -4.195788E-04
188  1.90188752E-03 -4.000000E+00  0.000000E+00  3.026109E-02 -4.399050E-04
189  1.99392397E-03 -4.000000E+00  0.000000E+00  3.171322E-02 -4.611871E-04
190  2.09039653E-03 -4.000000E+00  0.000000E+00  3.323416E-02 -4.834698E-04
191  2.19151772E-03 -4.000000E+00  0.000000E+00  3.482710E-02 -5.067996E-04
192  2.29751015E-03 -4.000000E+00  0.000000E+00  3.649534E-02 -5.312254E-04
193  2.40860699E-03 -4.000000E+00  0.000000E+00  3.824237E-02 -5.567977E-04
194  2.52505247E-03 -4.000000E+00  0.000000E+00  4.007179E-02 -5.835697E-04
195  2.64710236E-03 -4.000000E+00  0.000000E+00  4.198738E-02 -6.115965E-04
196  2.77502457E-03 -4.000000E+00  0.000000E+00  4.399308E-02 -6.409357E-04
197  2.90909968E-03 -4.000000E+00  0.000000E+00  4.609300E-02 -6.716475E-04
198  3.04962151E-03 -4.000000E+00  0.000000E+00  4.829141E-02 -7.037945E-04
199  3.19689777E-03 -4.000000E+00  0.000000E+00  5.059278E-02 -7.374418E-04
200  3.35125071E-03 -4.000000E+00  0.000000E+00  5.300176E-02 -7.726575E-04
201  3.51301775E-03 -4.000000E+00  0.000000E+00  5.552318E-02 -8.095124E-04
202  3.68255223E-03 -4.000000E+00  0.000000E+00  5.816209E-02 -8.480802E-04
203  3.86022412E-03 -4.000000E+00  0.000000E+00  6.092375E-02 -8.884376E-04
204  4.04642079E-03 -4.000000E+00  0.000000E+00  6.381361E-02 -9.306646E-04
205  4.24154783E-03 -4.000000E+00  0.000000E+00  6.683735E-02 -9.748440E-04
206  4.44602986E-03 -4.000000E+00  0.000000E+00  7.000090E-02 -1.021062E-03
207  4.66031145E-03 -4.000000E+00  0.000000E+00  7.331039E-02 -1.069410E-03
208  4.88485798E-03 -4.000000E+00  0.000000E+00  7.677220E-02 -1.119979E-03
209  5.12015666E-03 -4.000000E+00  0.000000E+00  8.039298E-02 -1.172867E-03
210  5.36671747E-03 -4.000000E+00  0.000000E+00  8.417959E-02 -1.228174E-03
211  5.62507424E-03 -4.000000E+00  0.000000E+00  8.813919E-02 -1.286005E-03
212  5.89578572E-03 -4.000000E+00  0.000000E+00  9.227919E-02 -1.346468E-03
213  6.17943673E-03 -4.000000E+00  0.000000E+00  9.660725E-02 -1.409675E-03
214  6.47663935E-03 -4.000000E+00  0.000000E+00  1.011313E-01 -1.475743E-03
215  6.78803413E-03 -4.000000E+00  0.000000E+00  1.058597E-01 -1.544791E-03
216  7.11429143E-03 -4.000000E+00  0.000000E+00  1.108008E-01 -1.616944E-03
217  7.45611273E-03 -4.000000E+00  0.000000E+00  1.159636E-01 -1.692330E-03
218  7.81423205E-03 -4.000000E+00  0.000000E+00  1.213570E-01 -1.771084E-03
219  8.18941743E-03 -4.000000E+00  0.000000E+00  1.269905E-01 -1.853341E-03
220  8.58247246E-03 -4.000000E+00  0.000000E+00  1.328738E-01 -1.939243E-03
221  8.99423784E-03 -4.000000E+00  0.000000E+00  1.390168E-01 -2.028936E-03
222  9.42559314E-03 -4.000000E+00  0.000000E+00  1.454299E-01 -2.122571E-03
223  9.87745842E-03 -4.000000E+00  0.000000E+00  1.521237E-01 -2.220302E-03
224  1.03507961E-02 -4.000000E+00  0.000000E+00  1.591089E-01 -2.322287E-03
225  1.08466130E-02 -4.000000E+00  0.000000E+00  1.663969E-01 -2.428690E-03
226  1.13659620E-02 -4.000000E+00  0.000000E+00  1.739989E-01 -2.539677E-03
227  1.19099442E-02 -4.000000E+00  0.000000E+00  1.819267E-01 -2.655420E-03
228  1.24797113E-02 -4.000000E+00  0.000000E+00  1.901923E-01 -2.776092E-03
229  1.30764676E-02 -4.000000E+00  0.000000E+00  1.988079E-01 -2.901874E-03
230  1.37014724E-02 -4.000000E+00  0.000000E+00  2.077859E-01 -3.032945E-03
231  1.43560422E-02 -4.000000E+00  0.000000E+00  2.171391E-01 -3.169492E-03
232  1.50415536E-02 -4.000000E+00  0.000000E+00  2.268802E-01 -3.311701E-03
233  1.57594456E-02 -4.000000E+00  0.000000E+00  2.370223E-01 -3.459764E-03
234  1.65112227E-02 -4.000000E+00  0.000000E+00  2.475785E-01 -3.613871E-03
235  1.72984573E-02 -4.000000E+00  0.000000E+00  2.585622E-01 -3.774218E-03
236  1.81227929E-02 -4.000000E+00  0.000000E+00  2.699866E-01 -3.940998E-03
237  1.89859471E-02 -4.000000E+00  0.000000E+00  2.818651E-01 -4.114407E-03
238  1.98897150E-02 -4.000000E+00  0.000000E+00  2.942111E-01 -4.294640E-03
239  2.08359724E-02 -4.000000E+00  0.000000E+00  3.070379E-01 -4.481890E-03
240  2.18266789E-02 -4.000000E+00  0.000000E+00  3.203585E-01 -4.676350E-03
241  2.28638823E-02 -4.000000E+00  0.000000E+00  3.341860E-01 -4.878207E-03
242  2.39497216E-02 -4.000000E+00  0.000000E+00  3.485330E-01 -5.087649E-03
243  2.50864314E-02 -4.000000E+00  0.000000E+00  3.634119E-01 -5.304855E-03
244  2.62763455E-02 -4.000000E+00  0.000000E+00  3.788346E-01 -5.529998E-03
245  2.75219016E-02 -4.000000E+00  0.000000E+00  3.948124E-01 -5.763245E-03
246  2.88256451E-02 -4.000000E+00  0.000000E+00  4.113562E-01 -6.004754E-03
247  3.01902342E-02 -4.000000E+00  0.000000E+00  4.284760E-01 -6.254670E-03
248  3.16184442E-02 -4.000000E+00  0.000000E+00  4.461809E-01 -6.513127E-03
249  3.31131726E-02 -4.000000E+00  0.000000E+00  4.644791E-01 -6.780246E-03
250  3.46774441E-02 -4.000000E+00  0.000000E+00  4.833776E-01 -7.056127E-03
251  3.63144156E-02 -4.000000E+00  0.000000E+00  5.028822E-01 -7.340857E-03
252  3.80273823E-02 -4.000000E+00  0.000000E+00  5.229973E-01 -7.634497E-03
253  3.98197828E-02 -4.000000E+00  0.000000E+00  5.437255E-01 -7.937088E-03
254  4.16952049E-02 -4.000000E+00  0.000000E+00  5.650677E-01 -8.248641E-03
255  4.36573923E-02 -4.000000E+00  0.000000E+00  5.870229E-01 -8.569143E-03
256  4.57102501E-02 -4.000000E+00  0.000000E+00  6.095877E-01 -8.898543E-03
257  4.78578520E-02 -4.000000E+00  0.000000E+00  6.327565E-01 -9.236760E-03
258  5.01044466E-02 -4.000000E+00  0.000000E+00  6.565208E-01 -9.583670E-03
259  5.24544647E-02 -4.000000E+00  0.000000E+00  6.808694E-01 -9.939110E-03
260  5.49125263E-02 -4.000000E+00  0.000000E+00  7.057880E-01 -1.030287E-02
261  5.74834480E-02 -4.000000E+00  0.000000E+00  7.312587E-01 -1.067469E-02
262  6.01722512E-02 -4.000000E+00  0.000000E+00  7.572602E-01 -1.105426E-02
263  6.29841697E-02 -4.000000E+00  0.000000E+00  7.837672E-01 -1.144121E-02
264  6.59246581E-02 -4.000000E+00  0.000000E+00  8.107501E-01 -1.183510E-02
265  6.89994001E-02 -4.000000E+00  0.000000E+00  8.381749E-01 -1.223544E-02
266  7.22143180E-02 -4.000000E+00  0.000000E+00  8.660029E-01 -1.264168E-02
267  7.55755808E-02 -4.000000E+00  0.000000E+00  8.941905E-01 -1.305316E-02
268  7.90896148E-02 -4.000000E+00  0.000000E+00  9.226885E-01 -1.346917E-02
269  8.27631122E-02 -4.000000E+00  0.000000E+00  9.514426E-01 -1.388892E-02
270  8.66030417E-02 -4.000000E+00  0.000000E+00  9.803923E-01 -1.431152E-02
271  9.06166588E-02 -4.000000E+00  0.000000E+00  1.009472E+00 -1.473602E-02
272  9.48115163E-02 -4.000000E+00  0.000000E+00  1.038608E+00 -1.516135E-02
273  9.91954754E-02 -4.000000E+00  0.000000E+00  1.067722E+00 -1.558636E-02
274  1.03776717E-01 -4.000000E+00  0.000000E+00  1.096730E+00 -1.600981E-02
275  1.08563752E-01 -4.000000E+00  0.000000E+00  1.125538E+00 -1.643035E-02
276  1.13565436E-01 -4.000000E+00  0.000000E+00  1.154050E+00 -1.684656E-02
277  1.18790980E-01 -4.000000E+00  0.000000E+00  1.182159E+00 -1.725689E-02
278  1.24249962E-01 -4.000000E+00  0.000000E+00  1.209754E+00 -1.765973E-02
279  1.29952342E-01 -4.000000E+00  0.000000E+00  1.236718E+00 -1.805334E-02
280  1.35908473E-01 -4.000000E+00  0.000000E+00  1.262926E+00 -1.843593E-02
281  1.42129119E-01 -4.000000E+00  0.000000E+00  1.288249E+00 -1.880559E-02
282  1.48625462E-01 -4.000000E+00  0.000000E+00  1.312551E+00 -1.916036E-02
283  1.55409124E-01 -4.000000E+00  0.000000E+00  1.335694E+00 -1.949819E-02
284  1.62492176E-01 -4.000000E+00  0.000000E+00  1.357532E+00 -1.981698E-02
285  1.69887158E-01 -4.000000E+00  0.000000E+00  1.377919E+00 -2.011459E-02
286  1.77607089E-01 -4.000000E+00  0.000000E+00  1.396704E+00 -2.038881E-02
287  1.85665488E-01 -4.000000E+00  0.000000E+00  1.413735E+00 -2.063743E-02
288  1.94076386E-01 -4.000000E+00  0.000000E+00  1.428862E+00 -2.085825E-02
289  2.02854346E-01 -4.000000E+00  0.000000E+00  1.441932E+00 -2.104905E-02
290  2.12014479E-01 -4.000000E+00  0.000000E+00  1.452798E+00 -2.120766E-02
291  2.21572459E-01 -4.000000E+00  0.000000E+00  1.461313E+00 -2.133197E-02
292  2.31544543E-01 -4.000000E+00  0.000000E+00  1.467340E+00 -2.141995E-02
293  2.41947589E-01 -4.000000E+00  0.000000E+00  1.470745E+00 -2.146966E-02
294  2.52799074E-01 -4.000000E+00  0.000000E+00  1.471406E+00 -2.147931E-02
295  2.64117110E-01 -4.000000E+00  0.000000E+00  1.469211E+00 -2.144726E-02
296  2.75920470E-01 -4.000000E+00  0.000000E+00  1.464060E+00 -2.137207E-02
297  2.88228597E-01 -4.000000E+00  0.000000E+00  1.455870E+00 -2.125251E-02
298  3.01061635E-01 -4.000000E+00  0.000000E+00  1.444573E+00 -2.108761E-02
299  3.14440439E-01 -4.000000E+00  0.000000E+00  1.430122E+00 -2.087665E-02
300  3.28386602E-01 -4.000000E+00  0.000000E+00  1.412489E+00 -2.061925E-02
301  3.42922472E-01 -4.000000E+00  0.000000E+00  1.391670E+00 -2.031534E-02
302  3.58071175E-01 -4.000000E+00  0.000000E+00  1.367684E+00 -1.996519E-02
303  3.73856634E-01 -4.000000E+00  0.000000E+00  1.340576E+00 -1.956947E-02
304  3.90303591E-01 -4.000000E+00  0.000000E+00  1.310417E+00 -1.912922E-02
305  4.07437632E-01 -4.000000E+00  0.000000E+00  1.277307E+00 -1.864588E-02
306  4.25285201E-01 -4.000000E+00  0.000000E+00  1.241373E+00 -1.812131E-02
307  4.43873630E-01 -4.000000E+00  0.000000E+00  1.202768E+00 -1.755777E-02
308  4.63231156E-01 -4.000000E+00  0.000000E+00  1.161676E+00 -1.695791E-02
309  4.83386945E-01 -4.000000E+00  0.000000E+00  1.118305E+00 -1.632478E-02
310  5.04371117E-01 -4.000000E+00  0.000000E+00  1.072888E+00 -1.566180E-02
311  5.26214763E-01 -4.000000E+00  0.000000E+00  1.025683E+00 -1.497270E-02
312  5.48949971E-01 -4.000000E+00  0.000000E+00  9.769671E-01 -1.426156E-02
313  5.72609850E-01 -4.000000E+00  0.000000E+00  9.270364E-01 -1.353268E-02
314  5.97228549E-01 -4.000000E+00  0.000000E+00  8.762009E-01 -1.279059E-02
315  6.22841284E-01 -4.000000E+00  0.000000E+00  8.247815E-01 -1.203998E-02
316  6.49484356E-01 -4.000000E+00  0.000000E+00  7.731054E-01 -1.128562E-02
317  6.77195179E-01 -4.000000E+00  0.000000E+00  7.215020E-01 -1.053233E-02
318  7.06012298E-01 -4.000000E+00  0.000000E+00  6.702978E-01 -9.784859E-03
319  7.35975414E-01 -4.000000E+00  0.000000E+00  6.198119E-01 -9.047877E-03
320  7.67125405E-01 -4.000000E+00  0.000000E+00  5.703511E-01 -8.325859E-03
321  7.99504352E-01 -4.000000E+00  0.000000E+00  5.222051E-01 -7.623036E-03
322  8.33155554E-01 -4.000000E+00  0.000000E+00  4.756425E-01 -6.943326E-03
323  8.68123557E-01 -4.000000E+00  0.000000E+00  4.309063E-01 -6.290279E-03
324  9.04454171E-01 -4.000000E+00  0.000000E+00  3.882108E-01 -5.667020E-03
325  9.42194494E-01 -4.000000E+00  0.000000E+00  3.477382E-01 -5.076212E-03
326  9.81392931E-01 -4.000000E+00  0.000000E+00  3.096368E-01 -4.520018E-03
327  1.02209922E+00 -4.000000E+00  0.000000E+00  2.740193E-01 -4.000083E-03
328  1.06436443E+00 -4.000000E+00  0.000000E+00  2.409622E-01 -3.517523E-03
329  1.10824102E+00 -4.000000E+00  0.000000E+00  2.105057E-01 -3.072927E-03
330  1.15378283E+00 -4.000000E+00  0.000000E+00  1.826552E-01 -2.666372E-03
331  1.20104510E+00 -4.000000E+00  0.000000E+00  1.573827E-01 -2.297450E-03
332  1.25008450E+00 -4.000000E+00  0.000000E+00  1.346293E-01 -1.965301E-03
333  1.30095913E+00 -4.000000E+00  0.000000E+00  1.143084E-01 -1.668661E-03
334  1.35372857E+00 -4.000000E+00  0.000000E+00  9.630947E-02 -1.405916E-03
335  1.40845387E+00 -4.000000E+00  0.000000E+00  8.050173E-02 -1.175158E-03
336  1.46519755E+00 -4.000000E+00  0.000000E+00  6.673870E-02 -9.742468E-04
337  1.52402366E+00 -4.000000E+00  0.000000E+00  5.486238E-02 -8.008779E-04
338  1.58499775E+00 -4.000000E+00  0.000000E+00  4.470763E-02 -6.526399E-04
339  1.64818693E+00 -4.000000E+00  0.000000E+00  3.610618E-02 -5.270765E-04
340  1.71365983E+00 -4.000000E+00  0.000000E+00  2.889047E-02 -4.217419E-04
341  1.78148665E+00 -4.000000E+00  0.000000E+00  2.289698E-02 -3.342491E-04
342  1.85173916E+00 -4.000000E+00  0.000000E+00  1.796915E-02 -2.623124E-04
343  1.92449069E+00 -4.000000E+00  0.000000E+00  1.395964E-02 -2.037815E-04
344  1.99981619E+00 -4.000000E+00  0.000000E+00  1.073217E-02 -1.566668E-04
345  2.07779218E+00 -4.000000E+00  0.000000E+00  8.162714E-03 -1.191576E-04
346  2.15849678E+00 -4.000000E+00  0.000000E+00  6.140145E-03 -8.963205E-05
347  2.24200974E+00 -4.000000E+00  0.000000E+00  4.566473E-03 -6.665950E-05
348  2.32841239E+00 -4.000000E+00  0.000000E+00  3.356599E-03 -4.899773E-05
349  2.41778771E+00 -4.000000E+00  0.000000E+00  2.437753E-03 -3.558446E-05
350  2.51022029E+00 -4.000000E+00  0.000000E+00  1.748656E-03 -2.552510E-05
351  2.60579632E+00 -4.000000E+00  0.000000E+00  1.238491E-03 -1.807785E-05
352  2.70460364E+00 -4.000000E+00  0.000000E+00  8.657700E-04 -1.263702E-05
353  2.80673169E+00 -4.000000E+00  0.000000E+00  5.971414E-04 -8.715756E-06
354  2.91227154E+00 -4.000000E+00  0.000000E+00  4.062170E-04 -5.928826E-06
355  3.02131587E+00 -4.000000E+00  0.000000E+00  2.724482E-04 -3.976249E-06
356  3.13395898E+00 -4.000000E+00  0.000000E+00  1.800903E-04 -2.628177E-06
357  3.25029677E+00 -4.000000E+00  0.000000E+00  1.172762E-04 -1.711371E-06
358  3.37042674E+00 -4.000000E+00  0.000000E+00  7.520952E-05 -1.097416E-06
359  3.49444798E+00 -4.000000E+00  0.000000E+00  4.747952E-05 -6.927268E-07
360  3.62246118E+00 -4.000000E+00  0.000000E+00  2.949408E-05 -4.302691E-07
361  3.75456858E+00 -4.000000E+00  0.000000E+00  1.802105E-05 -2.628610E-07
362  3.89087401E+00 -4.000000E+00  0.000000E+00  1.082582E-05 -1.578837E-07
363  4.03148282E+00 -4.000000E+00  0.000000E+00  6.391360E-06 -9.319406E-08
364  4.17650192E+00 -4.000000E+00  0.000000E+00  3.706728E-06 -5.403693E-08
365  4.32603974E+00 -4.000000E+00  0.000000E+00  2.110881E-06 -3.076473E-08
366  4.48020621E+00 -4.000000E+00  0.000000E+00  1.179833E-06 -1.719021E-08
367  4.63911274E+00 -4.000000E+00  0.000000E+00  6.469423E-07 -9.422749E-09
368  4.80287225E+00 -4.000000E+00  0.000000E+00  3.478578E-07 -5.064561E-09
369  4.97159907E+00 -4.000000E+00  0.000000E+00  1.833279E-07 -2.667905E-09
370  5.14540899E+00 -4.000000E+00  0.000000E+00  9.465490E-08 -1.376754E-09
371  5.32441921E+00 -4.000000E+00  0.000000E+00  4.785634E-08 -6.956493E-10
372  5.50874831E+00 -4.000000E+00  0.000000E+00  2.368151E-08 -3.440004E-10
373  5.69851626E+00 -4.000000E+00  0.000000E+00  1.146414E-08 -1.663971E-10
374  5.89384434E+00 -4.000000E+00  0.000000E+00  5.426524E-09 -7.869211E-11
375  6.09485518E+00 -4.000000E+00  0.000000E+00  2.510347E-09 -3.636569E-11
376  6.30167269E+00 -4.000000E+00  0.000000E+00  1.134378E-09 -1.641348E-11
377  6.51442206E+00 -4.000000E+00  0.000000E+00  5.004627E-10 -7.231484E-12
378  6.73322970E+00 -4.000000E+00  0.000000E+00  2.154520E-10 -3.250744E-12
379  6.95822325E+00 -4.000000E+00  0.000000E+00  9.046199E-11 -9.572705E-13
