#      n =  9
#  kappa = -1
# energy = -2.42210075E+01
#     vc = -2.61627335E+07


0    8.33333333E-08 -2.293163E-02  0.000000E+00  0.000000E+00 -1.618898E+00
1    8.73957586E-08 -2.404953E-02  0.000000E+00 -1.574056E-05 -1.618898E+00
2    9.16562121E-08 -2.522192E-02  0.000000E+00 -3.224841E-05 -1.543646E+00
3    9.61243460E-08 -2.645146E-02  0.000000E+00 -4.956096E-05 -1.471893E+00
4    1.00810283E-07 -2.774093E-02  0.000000E+00 -6.771742E-05 -1.403475E+00
5    1.05724640E-07 -2.909326E-02  0.000000E+00 -8.675893E-05 -1.338238E+00
6    1.10878549E-07 -3.051150E-02  0.000000E+00 -1.067286E-04 -1.276034E+00
7    1.16283686E-07 -3.199888E-02  0.000000E+00 -1.276717E-04 -1.216720E+00
8    1.21952298E-07 -3.355877E-02  0.000000E+00 -1.496357E-04 -1.160165E+00
9    1.27897225E-07 -3.519468E-02  0.000000E+00 -1.726704E-04 -1.106238E+00
10   1.34131934E-07 -3.691034E-02  0.000000E+00 -1.968278E-04 -1.054818E+00
11   1.40670551E-07 -3.870963E-02  0.000000E+00 -2.221628E-04 -1.005788E+00
12   1.47527886E-07 -4.059662E-02  0.000000E+00 -2.487327E-04 -9.590372E-01
13   1.54719474E-07 -4.257559E-02  0.000000E+00 -2.765977E-04 -9.144597E-01
14   1.62261606E-07 -4.465102E-02  0.000000E+00 -3.058209E-04 -8.719544E-01
15   1.70171367E-07 -4.682761E-02  0.000000E+00 -3.364686E-04 -8.314250E-01
16   1.78466673E-07 -4.911029E-02  0.000000E+00 -3.686102E-04 -7.927795E-01
17   1.87166316E-07 -5.150424E-02  0.000000E+00 -4.023184E-04 -7.559304E-01
18   1.96290001E-07 -5.401487E-02  0.000000E+00 -4.376696E-04 -7.207943E-01
19   2.05858395E-07 -5.664788E-02  0.000000E+00 -4.747439E-04 -6.872914E-01
20   2.15893170E-07 -5.940922E-02  0.000000E+00 -5.136253E-04 -6.553459E-01
21   2.26417056E-07 -6.230514E-02  0.000000E+00 -5.544018E-04 -6.248853E-01
22   2.37453890E-07 -6.534222E-02  0.000000E+00 -5.971659E-04 -5.958407E-01
23   2.49028670E-07 -6.852732E-02  0.000000E+00 -6.420142E-04 -5.681462E-01
24   2.61167613E-07 -7.186766E-02  0.000000E+00 -6.890486E-04 -5.417390E-01
25   2.73898211E-07 -7.537080E-02  0.000000E+00 -7.383753E-04 -5.165593E-01
26   2.87249298E-07 -7.904469E-02  0.000000E+00 -7.901063E-04 -4.925501E-01
27   3.01251112E-07 -8.289762E-02  0.000000E+00 -8.443586E-04 -4.696568E-01
28   3.15935364E-07 -8.693834E-02  0.000000E+00 -9.012550E-04 -4.478278E-01
29   3.31335311E-07 -9.117599E-02  0.000000E+00 -9.609246E-04 -4.270134E-01
30   3.47485828E-07 -9.562017E-02  0.000000E+00 -1.023502E-03 -4.071666E-01
31   3.64423491E-07 -1.002809E-01  0.000000E+00 -1.089130E-03 -3.882422E-01
32   3.82186657E-07 -1.051688E-01  0.000000E+00 -1.157956E-03 -3.701976E-01
33   4.00815553E-07 -1.102949E-01  0.000000E+00 -1.230137E-03 -3.529917E-01
34   4.20352364E-07 -1.156709E-01  0.000000E+00 -1.305835E-03 -3.365855E-01
35   4.40841331E-07 -1.213088E-01  0.000000E+00 -1.385223E-03 -3.209420E-01
36   4.62328850E-07 -1.272214E-01  0.000000E+00 -1.468479E-03 -3.060256E-01
37   4.84863575E-07 -1.334222E-01  0.000000E+00 -1.555794E-03 -2.918025E-01
38   5.08496535E-07 -1.399251E-01  0.000000E+00 -1.647363E-03 -2.782406E-01
39   5.33281240E-07 -1.467450E-01  0.000000E+00 -1.743395E-03 -2.653090E-01
40   5.59273808E-07 -1.538971E-01  0.000000E+00 -1.844107E-03 -2.529785E-01
41   5.86533091E-07 -1.613977E-01  0.000000E+00 -1.949727E-03 -2.412212E-01
42   6.15120807E-07 -1.692638E-01  0.000000E+00 -2.060495E-03 -2.300103E-01
43   6.45101680E-07 -1.775132E-01  0.000000E+00 -2.176660E-03 -2.193205E-01
44   6.76543587E-07 -1.861645E-01  0.000000E+00 -2.298486E-03 -2.091276E-01
45   7.09517710E-07 -1.952373E-01  0.000000E+00 -2.426249E-03 -1.994084E-01
46   7.44098699E-07 -2.047521E-01  0.000000E+00 -2.560238E-03 -1.901410E-01
47   7.80364839E-07 -2.147304E-01  0.000000E+00 -2.700756E-03 -1.813043E-01
48   8.18398226E-07 -2.251949E-01  0.000000E+00 -2.848121E-03 -1.728784E-01
49   8.58284957E-07 -2.361691E-01  0.000000E+00 -3.002668E-03 -1.648440E-01
50   9.00115319E-07 -2.476779E-01  0.000000E+00 -3.164745E-03 -1.571831E-01
51   9.43983998E-07 -2.597473E-01  0.000000E+00 -3.334720E-03 -1.498782E-01
52   9.89990288E-07 -2.724045E-01  0.000000E+00 -3.512977E-03 -1.429128E-01
53   1.03823832E-06 -2.856782E-01  0.000000E+00 -3.699920E-03 -1.362711E-01
54   1.08883730E-06 -2.995983E-01  0.000000E+00 -3.895971E-03 -1.299381E-01
55   1.14190174E-06 -3.141963E-01  0.000000E+00 -4.101576E-03 -1.238995E-01
56   1.19755173E-06 -3.295052E-01  0.000000E+00 -4.317198E-03 -1.181414E-01
57   1.25591322E-06 -3.455594E-01  0.000000E+00 -4.543326E-03 -1.126509E-01
58   1.31711828E-06 -3.623953E-01  0.000000E+00 -4.780471E-03 -1.074156E-01
59   1.38130541E-06 -3.800508E-01  0.000000E+00 -5.029171E-03 -1.024235E-01
60   1.44861986E-06 -3.985657E-01  0.000000E+00 -5.289987E-03 -9.766341E-02
61   1.51921394E-06 -4.179818E-01  0.000000E+00 -5.563510E-03 -9.312447E-02
62   1.59324738E-06 -4.383427E-01  0.000000E+00 -5.850359E-03 -8.879641E-02
63   1.67088769E-06 -4.596945E-01  0.000000E+00 -6.151183E-03 -8.466943E-02
64   1.75231053E-06 -4.820850E-01  0.000000E+00 -6.466662E-03 -8.073416E-02
65   1.83770011E-06 -5.055648E-01  0.000000E+00 -6.797509E-03 -7.698168E-02
66   1.92724960E-06 -5.301866E-01  0.000000E+00 -7.144475E-03 -7.340350E-02
67   2.02116158E-06 -5.560058E-01  0.000000E+00 -7.508342E-03 -6.999149E-02
68   2.11964848E-06 -5.830802E-01  0.000000E+00 -7.889934E-03 -6.673792E-02
69   2.22293307E-06 -6.114707E-01  0.000000E+00 -8.290114E-03 -6.363541E-02
70   2.33124899E-06 -6.412409E-01  0.000000E+00 -8.709787E-03 -6.067692E-02
71   2.44484120E-06 -6.724575E-01  0.000000E+00 -9.149903E-03 -5.785575E-02
72   2.56396660E-06 -7.051904E-01  0.000000E+00 -9.611456E-03 -5.516549E-02
73   2.68889461E-06 -7.395126E-01  0.000000E+00 -1.009549E-02 -5.260003E-02
74   2.81990774E-06 -7.755008E-01  0.000000E+00 -1.060310E-02 -5.015356E-02
75   2.95730224E-06 -8.132353E-01  0.000000E+00 -1.113543E-02 -4.782051E-02
76   3.10138877E-06 -8.527999E-01  0.000000E+00 -1.169369E-02 -4.559559E-02
77   3.25249313E-06 -8.942827E-01  0.000000E+00 -1.227913E-02 -4.347375E-02
78   3.41095694E-06 -9.377756E-01  0.000000E+00 -1.289309E-02 -4.145015E-02
79   3.57713845E-06 -9.833748E-01  0.000000E+00 -1.353695E-02 -3.952021E-02
80   3.75141333E-06 -1.031181E+00  0.000000E+00 -1.421216E-02 -3.767951E-02
81   3.93417552E-06 -1.081300E+00  0.000000E+00 -1.492025E-02 -3.592388E-02
82   4.12583812E-06 -1.133842E+00  0.000000E+00 -1.566282E-02 -3.424931E-02
83   4.32683434E-06 -1.188921E+00  0.000000E+00 -1.644154E-02 -3.265197E-02
84   4.53761841E-06 -1.246658E+00  0.000000E+00 -1.725819E-02 -3.112823E-02
85   4.75866669E-06 -1.307179E+00  0.000000E+00 -1.811459E-02 -2.967460E-02
86   4.99047869E-06 -1.370614E+00  0.000000E+00 -1.901269E-02 -2.828775E-02
87   5.23357819E-06 -1.437102E+00  0.000000E+00 -1.995451E-02 -2.696450E-02
88   5.48851444E-06 -1.506784E+00  0.000000E+00 -2.094218E-02 -2.570181E-02
89   5.75586340E-06 -1.579809E+00  0.000000E+00 -2.197793E-02 -2.449676E-02
90   6.03622903E-06 -1.656333E+00  0.000000E+00 -2.306410E-02 -2.334659E-02
91   6.33024462E-06 -1.736517E+00  0.000000E+00 -2.420314E-02 -2.224863E-02
92   6.63857426E-06 -1.820529E+00  0.000000E+00 -2.539762E-02 -2.120032E-02
93   6.96191431E-06 -1.908544E+00  0.000000E+00 -2.665023E-02 -2.019923E-02
94   7.30099496E-06 -2.000743E+00  0.000000E+00 -2.796380E-02 -1.924300E-02
95   7.65658189E-06 -2.097314E+00  0.000000E+00 -2.934129E-02 -1.832941E-02
96   8.02947797E-06 -2.198452E+00  0.000000E+00 -3.078582E-02 -1.745627E-02
97   8.42052509E-06 -2.304358E+00  0.000000E+00 -3.230063E-02 -1.662152E-02
98   8.83060603E-06 -2.415242E+00  0.000000E+00 -3.388914E-02 -1.582315E-02
99   9.26064643E-06 -2.531317E+00  0.000000E+00 -3.555493E-02 -1.505924E-02
100  9.71161693E-06 -2.652804E+00  0.000000E+00 -3.730175E-02 -1.432793E-02
101  1.01845353E-05 -2.779931E+00  0.000000E+00 -3.913354E-02 -1.362741E-02
102  1.06804686E-05 -2.912930E+00  0.000000E+00 -4.105443E-02 -1.295595E-02
103  1.12005360E-05 -3.052038E+00  0.000000E+00 -4.306873E-02 -1.231184E-02
104  1.17459107E-05 -3.197496E+00  0.000000E+00 -4.518098E-02 -1.169345E-02
105  1.23178230E-05 -3.349549E+00  0.000000E+00 -4.739593E-02 -1.109916E-02
106  1.29175629E-05 -3.508443E+00  0.000000E+00 -4.971857E-02 -1.052740E-02
107  1.35464831E-05 -3.674426E+00  0.000000E+00 -5.215411E-02 -9.976644E-03
108  1.42060017E-05 -3.847743E+00  0.000000E+00 -5.470804E-02 -9.445362E-03
109  1.48976058E-05 -4.028638E+00  0.000000E+00 -5.738607E-02 -8.932063E-03
110  1.56228547E-05 -4.217348E+00  0.000000E+00 -6.019423E-02 -8.435268E-03
111  1.63833832E-05 -4.414101E+00  0.000000E+00 -6.313883E-02 -7.953505E-03
112  1.71809056E-05 -4.619115E+00  0.000000E+00 -6.622645E-02 -7.485309E-03
113  1.80172190E-05 -4.832589E+00  0.000000E+00 -6.946403E-02 -7.029213E-03
114  1.88942081E-05 -5.054703E+00  0.000000E+00 -7.285882E-02 -6.583742E-03
115  1.98138486E-05 -5.285611E+00  0.000000E+00 -7.641842E-02 -6.147413E-03
116  2.07782121E-05 -5.525431E+00  0.000000E+00 -8.015078E-02 -5.718722E-03
117  2.17894709E-05 -5.774241E+00  0.000000E+00 -8.406427E-02 -5.296148E-03
118  2.28499021E-05 -6.032069E+00  0.000000E+00 -8.816761E-02 -4.878140E-03
119  2.39618936E-05 -6.298879E+00  0.000000E+00 -9.246997E-02 -4.463117E-03
120  2.51279488E-05 -6.574566E+00  0.000000E+00 -9.698095E-02 -4.049465E-03
121  2.63506923E-05 -6.858931E+00  0.000000E+00 -1.017106E-01 -3.635529E-03
122  2.76328761E-05 -7.151672E+00  0.000000E+00 -1.066694E-01 -3.219615E-03
123  2.89773852E-05 -7.452362E+00  0.000000E+00 -1.118685E-01 -2.799988E-03
124  3.03872446E-05 -7.760425E+00  0.000000E+00 -1.173193E-01 -2.374869E-03
125  3.18656256E-05 -8.075109E+00  0.000000E+00 -1.230340E-01 -1.942442E-03
126  3.34158530E-05 -8.395457E+00  0.000000E+00 -1.290253E-01 -1.500855E-03
127  3.50414126E-05 -8.720269E+00  0.000000E+00 -1.353064E-01 -1.048231E-03
128  3.67459589E-05 -9.048062E+00  0.000000E+00 -1.418911E-01 -5.826786E-04
129  3.85333231E-05 -9.377020E+00  0.000000E+00 -1.487942E-01 -1.023101E-04
130  4.04075220E-05 -9.704940E+00  0.000000E+00 -1.560307E-01  3.947353E-04
131  4.23727664E-05 -1.002917E+01  0.000000E+00 -1.636168E-01  9.102580E-04
132  4.44334709E-05 -1.034652E+01  0.000000E+00 -1.715690E-01  1.445956E-03
133  4.65942635E-05 -1.065319E+01  0.000000E+00 -1.799049E-01  2.003369E-03
134  4.88599959E-05 -1.094469E+01  0.000000E+00 -1.886428E-01  2.583804E-03
135  5.12357542E-05 -1.121566E+01  0.000000E+00 -1.978021E-01  3.186283E-03
136  5.37268705E-05 -1.145981E+01  0.000000E+00 -2.074029E-01  3.833290E-03
137  5.63389343E-05 -1.166971E+01  0.000000E+00 -2.174661E-01  4.706673E-03
138  5.90778050E-05 -1.183667E+01  0.000000E+00 -2.280145E-01  3.364854E-03
139  6.19496251E-05 -1.195046E+01  0.000000E+00 -2.390847E-01  4.372097E-03
140  6.49608335E-05 -1.199915E+01  0.000000E+00 -2.506678E-01  1.275771E-02
141  6.81181800E-05 -1.200000E+01  0.000000E+00 -2.627754E-01  7.719898E-03
142  7.14287401E-05 -1.200000E+01  0.000000E+00 -2.755409E-01  3.567862E-03
143  7.48999305E-05 -1.200000E+01  0.000000E+00 -2.888877E-01  9.366547E-03
144  7.85395256E-05 -1.200000E+01  0.000000E+00 -3.028763E-01  9.706904E-03
145  8.23556747E-05 -1.200000E+01  0.000000E+00 -3.175392E-01  1.046189E-02
146  8.63569201E-05 -1.200000E+01  0.000000E+00 -3.329083E-01  1.130099E-02
147  9.05522155E-05 -1.200000E+01  0.000000E+00 -3.490176E-01  1.216061E-02
148  9.49509460E-05 -1.200000E+01  0.000000E+00 -3.659026E-01  1.304715E-02
149  9.95629489E-05 -1.200000E+01  0.000000E+00 -3.836005E-01  1.396268E-02
150  1.04398535E-04 -1.200000E+01  0.000000E+00 -4.021503E-01  1.490924E-02
151  1.09468511E-04 -1.200000E+01  0.000000E+00 -4.215928E-01  1.588891E-02
152  1.14784205E-04 -1.200000E+01  0.000000E+00 -4.419709E-01  1.690386E-02
153  1.20357488E-04 -1.200000E+01  0.000000E+00 -4.633292E-01  1.795634E-02
154  1.26200804E-04 -1.200000E+01  0.000000E+00 -4.857147E-01  1.904865E-02
155  1.32327193E-04 -1.200000E+01  0.000000E+00 -5.091766E-01  2.018323E-02
156  1.38750324E-04 -1.200000E+01  0.000000E+00 -5.337662E-01  2.136256E-02
157  1.45484520E-04 -1.200000E+01  0.000000E+00 -5.595374E-01  2.258924E-02
158  1.52544795E-04 -1.200000E+01  0.000000E+00 -5.865468E-01  2.386597E-02
159  1.59946882E-04 -1.200000E+01  0.000000E+00 -6.148532E-01  2.519556E-02
160  1.67707267E-04 -1.200000E+01  0.000000E+00 -6.445187E-01  2.658093E-02
161  1.75843231E-04 -1.200000E+01  0.000000E+00 -6.756079E-01  2.802512E-02
162  1.84372881E-04 -1.200000E+01  0.000000E+00 -7.081887E-01  2.953130E-02
163  1.93315192E-04 -1.200000E+01  0.000000E+00 -7.423319E-01  3.110276E-02
164  2.02690050E-04 -1.200000E+01  0.000000E+00 -7.781120E-01  3.274295E-02
165  2.12518290E-04 -1.200000E+01  0.000000E+00 -8.156066E-01  3.445546E-02
166  2.22821748E-04 -1.200000E+01  0.000000E+00 -8.548972E-01  3.624401E-02
167  2.33623303E-04 -1.200000E+01  0.000000E+00 -8.960690E-01  3.811253E-02
168  2.44946928E-04 -1.200000E+01  0.000000E+00 -9.392110E-01  4.006507E-02
169  2.56817744E-04 -1.200000E+01  0.000000E+00 -9.844167E-01  4.210589E-02
170  2.69262069E-04 -1.200000E+01  0.000000E+00 -1.031784E+00  4.423943E-02
171  2.82307482E-04 -1.200000E+01  0.000000E+00 -1.081414E+00  4.647033E-02
172  2.95982877E-04 -1.200000E+01  0.000000E+00 -1.133415E+00  4.880341E-02
173  3.10318525E-04 -1.200000E+01  0.000000E+00 -1.187897E+00  5.124375E-02
174  3.25346142E-04 -1.200000E+01  0.000000E+00 -1.244979E+00  5.379662E-02
175  3.41098958E-04 -1.200000E+01  0.000000E+00 -1.304782E+00  5.646754E-02
176  3.57611782E-04 -1.200000E+01  0.000000E+00 -1.367434E+00  5.926226E-02
177  3.74921082E-04 -1.200000E+01  0.000000E+00 -1.433069E+00  6.218683E-02
178  3.93065063E-04 -1.200000E+01  0.000000E+00 -1.501826E+00  6.524751E-02
179  4.12083746E-04 -1.200000E+01  0.000000E+00 -1.573853E+00  6.845090E-02
180  4.32019052E-04 -1.200000E+01  0.000000E+00 -1.649302E+00  7.180387E-02
181  4.52914896E-04 -1.200000E+01  0.000000E+00 -1.728333E+00  7.531358E-02
182  4.74817277E-04 -1.200000E+01  0.000000E+00 -1.811112E+00  7.898755E-02
183  4.97774376E-04 -1.200000E+01  0.000000E+00 -1.897815E+00  8.283361E-02
184  5.21836659E-04 -1.200000E+01  0.000000E+00 -1.988623E+00  8.685996E-02
185  5.47056982E-04 -1.200000E+01  0.000000E+00 -2.083727E+00  9.107515E-02
186  5.73490705E-04 -1.200000E+01  0.000000E+00 -2.183326E+00  9.548812E-02
187  6.01195806E-04 -1.200000E+01  0.000000E+00 -2.287628E+00  1.001082E-01
188  6.30233004E-04 -1.200000E+01  0.000000E+00 -2.396850E+00  1.049452E-01
189  6.60665887E-04 -1.200000E+01  0.000000E+00 -2.511218E+00  1.100093E-01
190  6.92561047E-04 -1.200000E+01  0.000000E+00 -2.630969E+00  1.153110E-01
191  7.25988215E-04 -1.200000E+01  0.000000E+00 -2.756349E+00  1.208617E-01
192  7.61020409E-04 -1.200000E+01  0.000000E+00 -2.887616E+00  1.266727E-01
193  7.97734088E-04 -1.200000E+01  0.000000E+00 -3.025038E+00  1.327564E-01
194  8.36209307E-04 -1.200000E+01  0.000000E+00 -3.168897E+00  1.391252E-01
195  8.76529885E-04 -1.200000E+01  0.000000E+00 -3.319483E+00  1.457926E-01
196  9.18783583E-04 -1.200000E+01  0.000000E+00 -3.477102E+00  1.527721E-01
197  9.63062275E-04 -1.200000E+01  0.000000E+00 -3.642070E+00  1.600783E-01
198  1.00946215E-03 -1.200000E+01  0.000000E+00 -3.814718E+00  1.677261E-01
199  1.05808390E-03 -1.200000E+01  0.000000E+00 -3.995392E+00  1.757312E-01
200  1.10903292E-03 -1.200000E+01  0.000000E+00 -4.184449E+00  1.841100E-01
201  1.16241957E-03 -1.200000E+01  0.000000E+00 -4.382263E+00  1.928794E-01
202  1.21835931E-03 -1.200000E+01  0.000000E+00 -4.589222E+00  2.020573E-01
203  1.27697304E-03 -1.200000E+01  0.000000E+00 -4.805732E+00  2.116621E-01
204  1.33838727E-03 -1.200000E+01  0.000000E+00 -5.032212E+00  2.217132E-01
205  1.40273440E-03 -1.200000E+01  0.000000E+00 -5.269099E+00  2.322306E-01
206  1.47015301E-03 -1.200000E+01  0.000000E+00 -5.516848E+00  2.432352E-01
207  1.54078809E-03 -1.200000E+01  0.000000E+00 -5.775930E+00  2.547490E-01
208  1.61479138E-03 -1.200000E+01  0.000000E+00 -6.046836E+00  2.667945E-01
209  1.69232166E-03 -1.200000E+01  0.000000E+00 -6.330074E+00  2.793955E-01
210  1.77354505E-03 -1.200000E+01  0.000000E+00 -6.626170E+00  2.925764E-01
211  1.85863534E-03 -1.200000E+01  0.000000E+00 -6.935672E+00  3.063628E-01
212  1.94777439E-03 -1.200000E+01  0.000000E+00 -7.259147E+00  3.207814E-01
213  2.04115241E-03 -1.200000E+01  0.000000E+00 -7.597180E+00  3.358596E-01
214  2.13896840E-03 -1.200000E+01  0.000000E+00 -7.950378E+00  3.516263E-01
215  2.24143048E-03 -1.200000E+01  0.000000E+00 -8.319371E+00  3.681112E-01
216  2.34875638E-03 -1.200000E+01  0.000000E+00 -8.704806E+00  3.853452E-01
217  2.46117379E-03 -1.200000E+01  0.000000E+00 -9.107353E+00  4.033605E-01
218  2.57892085E-03 -1.200000E+01  0.000000E+00 -9.527705E+00  4.221902E-01
219  2.70224656E-03 -1.200000E+01  0.000000E+00 -9.966575E+00  4.418690E-01
220  2.83141135E-03 -1.200000E+01  0.000000E+00 -1.042470E+01  4.624324E-01
221  2.96668747E-03 -1.200000E+01  0.000000E+00 -1.090282E+01  4.839176E-01
222  3.10835963E-03 -1.200000E+01  0.000000E+00 -1.140174E+01  5.063628E-01
223  3.25672543E-03 -1.200000E+01  0.000000E+00 -1.192223E+01  5.298076E-01
224  3.41209601E-03 -1.200000E+01  0.000000E+00 -1.246513E+01  5.542928E-01
225  3.57479660E-03 -1.200000E+01  0.000000E+00 -1.303127E+01  5.798608E-01
226  3.74516716E-03 -1.200000E+01  0.000000E+00 -1.362151E+01  6.065552E-01
227  3.92356296E-03 -1.200000E+01  0.000000E+00 -1.423672E+01  6.344207E-01
228  4.11035534E-03 -1.200000E+01  0.000000E+00 -1.487780E+01  6.635039E-01
229  4.30593231E-03 -1.200000E+01  0.000000E+00 -1.554565E+01  6.938523E-01
230  4.51069932E-03 -1.200000E+01  0.000000E+00 -1.624121E+01  7.255149E-01
231  4.72507998E-03 -1.200000E+01  0.000000E+00 -1.696542E+01  7.585420E-01
232  4.94951688E-03 -1.200000E+01  0.000000E+00 -1.771921E+01  7.929853E-01
233  5.18447235E-03 -1.200000E+01  0.000000E+00 -1.850354E+01  8.288976E-01
234  5.43042930E-03 -1.200000E+01  0.000000E+00 -1.931939E+01  8.663331E-01
235  5.68789215E-03 -1.200000E+01  0.000000E+00 -2.016771E+01  9.053472E-01
236  5.95738767E-03 -1.200000E+01  0.000000E+00 -2.104947E+01  9.459963E-01
237  6.23946596E-03 -1.200000E+01  0.000000E+00 -2.196564E+01  9.883378E-01
238  6.53470140E-03 -1.200000E+01  0.000000E+00 -2.291717E+01  1.032430E+00
239  6.84369371E-03 -1.200000E+01  0.000000E+00 -2.390499E+01  1.078333E+00
240  7.16706895E-03 -1.200000E+01  0.000000E+00 -2.493004E+01  1.126107E+00
241  7.50548063E-03 -1.200000E+01  0.000000E+00 -2.599320E+01  1.175811E+00
242  7.85961087E-03 -1.200000E+01  0.000000E+00 -2.709536E+01  1.227509E+00
243  8.23017154E-03 -1.200000E+01  0.000000E+00 -2.823732E+01  1.281260E+00
244  8.61790550E-03 -1.200000E+01  0.000000E+00 -2.941989E+01  1.337127E+00
245  9.02358786E-03 -1.200000E+01  0.000000E+00 -3.064379E+01  1.395172E+00
246  9.44802727E-03 -1.200000E+01  0.000000E+00 -3.190969E+01  1.455455E+00
247  9.89206730E-03 -1.200000E+01  0.000000E+00 -3.321818E+01  1.518038E+00
248  1.03565878E-02 -1.200000E+01  0.000000E+00 -3.456976E+01  1.582980E+00
249  1.08425065E-02 -1.200000E+01  0.000000E+00 -3.596485E+01  1.650340E+00
250  1.13507804E-02 -1.200000E+01  0.000000E+00 -3.740375E+01  1.720175E+00
251  1.18824070E-02 -1.200000E+01  0.000000E+00 -3.888662E+01  1.792539E+00
252  1.24384268E-02 -1.200000E+01  0.000000E+00 -4.041351E+01  1.867486E+00
253  1.30199240E-02 -1.200000E+01  0.000000E+00 -4.198428E+01  1.945065E+00
254  1.36280287E-02 -1.200000E+01  0.000000E+00 -4.359865E+01  2.025322E+00
255  1.42639188E-02 -1.200000E+01  0.000000E+00 -4.525611E+01  2.108300E+00
256  1.49288215E-02 -1.200000E+01  0.000000E+00 -4.695596E+01  2.194036E+00
257  1.56240152E-02 -1.200000E+01  0.000000E+00 -4.869725E+01  2.282562E+00
258  1.63508321E-02 -1.200000E+01  0.000000E+00 -5.047877E+01  2.373906E+00
259  1.71106592E-02 -1.200000E+01  0.000000E+00 -5.229905E+01  2.468087E+00
260  1.79049413E-02 -1.200000E+01  0.000000E+00 -5.415626E+01  2.565116E+00
261  1.87351825E-02 -1.200000E+01  0.000000E+00 -5.604827E+01  2.664996E+00
262  1.96029490E-02 -1.200000E+01  0.000000E+00 -5.797258E+01  2.767723E+00
263  2.05098708E-02 -1.200000E+01  0.000000E+00 -5.992627E+01  2.873279E+00
264  2.14576446E-02 -1.200000E+01  0.000000E+00 -6.190600E+01  2.981636E+00
265  2.24480357E-02 -1.200000E+01  0.000000E+00 -6.390797E+01  3.092753E+00
266  2.34828811E-02 -1.200000E+01  0.000000E+00 -6.592788E+01  3.206574E+00
267  2.45640914E-02 -1.200000E+01  0.000000E+00 -6.796090E+01  3.323030E+00
268  2.56936539E-02 -1.200000E+01  0.000000E+00 -7.000163E+01  3.442033E+00
269  2.68736354E-02 -1.200000E+01  0.000000E+00 -7.204405E+01  3.563477E+00
270  2.81061844E-02 -1.200000E+01  0.000000E+00 -7.408153E+01  3.687239E+00
271  2.93935347E-02 -1.200000E+01  0.000000E+00 -7.610673E+01  3.813172E+00
272  3.07380078E-02 -1.200000E+01  0.000000E+00 -7.811161E+01  3.941107E+00
273  3.21420162E-02 -1.200000E+01  0.000000E+00 -8.008739E+01  4.070851E+00
274  3.36080662E-02 -1.200000E+01  0.000000E+00 -8.202447E+01  4.202184E+00
275  3.51387614E-02 -1.200000E+01  0.000000E+00 -8.391248E+01  4.334860E+00
276  3.67368060E-02 -1.200000E+01  0.000000E+00 -8.574017E+01  4.468600E+00
277  3.84050076E-02 -1.200000E+01  0.000000E+00 -8.749542E+01  4.603098E+00
278  4.01462812E-02 -1.200000E+01  0.000000E+00 -8.916524E+01  4.738011E+00
279  4.19636522E-02 -1.200000E+01  0.000000E+00 -9.073570E+01  4.872964E+00
280  4.38602604E-02 -1.200000E+01  0.000000E+00 -9.219198E+01  5.007543E+00
281  4.58393632E-02 -1.200000E+01  0.000000E+00 -9.351829E+01  5.141299E+00
282  4.79043398E-02 -1.200000E+01  0.000000E+00 -9.469796E+01  5.273741E+00
283  5.00586943E-02 -1.200000E+01  0.000000E+00 -9.571340E+01  5.404339E+00
284  5.23060602E-02 -1.200000E+01  0.000000E+00 -9.654615E+01  5.532519E+00
285  5.46502042E-02 -1.200000E+01  0.000000E+00 -9.717690E+01  5.657665E+00
286  5.70950297E-02 -1.200000E+01  0.000000E+00 -9.758556E+01  5.779119E+00
287  5.96445817E-02 -1.200000E+01  0.000000E+00 -9.775133E+01  5.896175E+00
288  6.23030502E-02 -1.200000E+01  0.000000E+00 -9.765280E+01  6.008087E+00
289  6.50747748E-02 -1.200000E+01  0.000000E+00 -9.726802E+01  6.114064E+00
290  6.79642489E-02 -1.200000E+01  0.000000E+00 -9.657468E+01  6.213270E+00
291  7.09761239E-02 -1.200000E+01  0.000000E+00 -9.555024E+01  6.304829E+00
292  7.41152138E-02 -1.200000E+01  0.000000E+00 -9.417211E+01  6.387825E+00
293  7.73864997E-02 -1.200000E+01  0.000000E+00 -9.241788E+01  6.461306E+00
294  8.07951338E-02 -1.200000E+01  0.000000E+00 -9.026554E+01  6.524284E+00
295  8.43464447E-02 -1.200000E+01  0.000000E+00 -8.769375E+01  6.575743E+00
296  8.80459414E-02 -1.200000E+01  0.000000E+00 -8.468218E+01  6.614641E+00
297  9.18993183E-02 -1.200000E+01  0.000000E+00 -8.121179E+01  6.639918E+00
298  9.59124598E-02 -1.200000E+01  0.000000E+00 -7.726526E+01  6.650501E+00
299  1.00091445E-01 -1.200000E+01  0.000000E+00 -7.282736E+01  6.645313E+00
300  1.04442552E-01 -1.200000E+01  0.000000E+00 -6.788541E+01  6.623285E+00
301  1.08972264E-01 -1.200000E+01  0.000000E+00 -6.242973E+01  6.583359E+00
302  1.13687272E-01 -1.200000E+01  0.000000E+00 -5.645421E+01  6.524507E+00
303  1.18594483E-01 -1.200000E+01  0.000000E+00 -4.995674E+01  6.445740E+00
304  1.23701020E-01 -1.200000E+01  0.000000E+00 -4.293987E+01  6.346122E+00
305  1.29014232E-01 -1.200000E+01  0.000000E+00 -3.541133E+01  6.224788E+00
306  1.34541695E-01 -1.200000E+01  0.000000E+00 -2.738463E+01  6.080958E+00
307  1.40291220E-01 -1.200000E+01  0.000000E+00 -1.887967E+01  5.913953E+00
308  1.46270853E-01 -1.200000E+01  0.000000E+00 -9.923306E+00  5.723221E+00
309  1.52488885E-01 -1.200000E+01  0.000000E+00 -5.499271E-01  5.508346E+00
310  1.58953856E-01 -1.200000E+01  0.000000E+00  9.197998E+00  5.269080E+00
311  1.65674556E-01 -1.200000E+01  0.000000E+00  1.926944E+01  5.005356E+00
312  1.72660033E-01 -1.200000E+01  0.000000E+00  2.960435E+01  4.717310E+00
313  1.79919597E-01 -1.200000E+01  0.000000E+00  4.013337E+01  4.405308E+00
314  1.87462826E-01 -1.200000E+01  0.000000E+00  5.077751E+01  4.069962E+00
315  1.95299567E-01 -1.200000E+01  0.000000E+00  6.144812E+01  3.712151E+00
316  2.03439943E-01 -1.200000E+01  0.000000E+00  7.204682E+01  3.333042E+00
317  2.11894359E-01 -1.200000E+01  0.000000E+00  8.246582E+01  2.934105E+00
318  2.20673502E-01 -1.200000E+01  0.000000E+00  9.258820E+01  2.517132E+00
319  2.29788349E-01 -1.200000E+01  0.000000E+00  1.022887E+02  2.084244E+00
320  2.39250170E-01 -1.200000E+01  0.000000E+00  1.114344E+02  1.637902E+00
321  2.49070532E-01 -1.200000E+01  0.000000E+00  1.198860E+02  1.180914E+00
322  2.59261301E-01 -1.200000E+01  0.000000E+00  1.274994E+02  7.164286E-01
323  2.69834651E-01 -1.200000E+01  0.000000E+00  1.341273E+02  2.479321E-01
324  2.80803062E-01 -1.200000E+01  0.000000E+00  1.396211E+02 -2.207651E-01
325  2.92179328E-01 -1.200000E+01  0.000000E+00  1.438338E+02 -6.855498E-01
326  3.03976556E-01 -1.200000E+01  0.000000E+00  1.466224E+02 -1.142033E+00
327  3.16208174E-01 -1.200000E+01  0.000000E+00  1.478510E+02 -1.585588E+00
328  3.28887932E-01 -1.200000E+01  0.000000E+00  1.473945E+02 -2.011395E+00
329  3.42029903E-01 -1.200000E+01  0.000000E+00  1.451416E+02 -2.414495E+00
330  3.55648489E-01 -1.200000E+01  0.000000E+00  1.409994E+02 -2.789855E+00
331  3.69758423E-01 -1.200000E+01  0.000000E+00  1.348970E+02 -3.132443E+00
332  3.84374769E-01 -1.200000E+01  0.000000E+00  1.267895E+02 -3.437306E+00
333  3.99512928E-01 -1.200000E+01  0.000000E+00  1.166624E+02 -3.699665E+00
334  4.15188636E-01 -1.200000E+01  0.000000E+00  1.045355E+02 -3.915013E+00
335  4.31417969E-01 -1.200000E+01  0.000000E+00  9.046646E+01 -4.079215E+00
336  4.48217345E-01 -1.200000E+01  0.000000E+00  7.455431E+01 -4.188623E+00
337  4.65603520E-01 -1.200000E+01  0.000000E+00  5.694212E+01 -4.240186E+00
338  4.83593598E-01 -1.200000E+01  0.000000E+00  3.781914E+01 -4.231559E+00
339  5.02205024E-01 -1.200000E+01  0.000000E+00  1.742196E+01 -4.161215E+00
340  5.21455587E-01 -1.200000E+01  0.000000E+00 -3.965343E+00 -4.028550E+00
341  5.41363425E-01 -1.200000E+01  0.000000E+00 -2.601231E+01 -3.833975E+00
342  5.61947019E-01 -1.200000E+01  0.000000E+00 -4.834457E+01 -3.578999E+00
343  5.83225197E-01 -1.200000E+01  0.000000E+00 -7.054787E+01 -3.266294E+00
344  6.05217130E-01 -1.200000E+01  0.000000E+00 -9.217377E+01 -2.899742E+00
345  6.27942338E-01 -1.200000E+01  0.000000E+00 -1.127470E+02 -2.484447E+00
346  6.51420682E-01 -1.200000E+01  0.000000E+00 -1.317745E+02 -2.026739E+00
347  6.75672369E-01 -1.200000E+01  0.000000E+00 -1.487564E+02 -1.534122E+00
348  7.00717945E-01 -1.200000E+01  0.000000E+00 -1.631987E+02 -1.015208E+00
349  7.26578301E-01 -1.200000E+01  0.000000E+00 -1.746268E+02 -4.796013E-01
350  7.53274664E-01 -1.200000E+01  0.000000E+00 -1.826007E+02  6.224735E-02
351  7.80828599E-01 -1.200000E+01  0.000000E+00 -1.867315E+02  5.992290E-01
352  8.09262005E-01 -1.200000E+01  0.000000E+00 -1.866975E+02  1.119799E+00
353  8.38597116E-01 -1.200000E+01  0.000000E+00 -1.822605E+02  1.612236E+00
354  8.68856494E-01 -1.200000E+01  0.000000E+00 -1.732818E+02  2.064928E+00
355  9.00063028E-01 -1.200000E+01  0.000000E+00 -1.597367E+02  2.466684E+00
356  9.32239932E-01 -1.200000E+01  0.000000E+00 -1.417265E+02  2.807064E+00
357  9.65410739E-01 -1.200000E+01  0.000000E+00 -1.194885E+02  3.076718E+00
358  9.99599300E-01 -1.200000E+01  0.000000E+00 -9.340198E+01  3.267716E+00
359  1.03482978E+00 -1.200000E+01  0.000000E+00 -6.398998E+01  3.373870E+00
360  1.07112664E+00 -1.200000E+01  0.000000E+00 -3.191642E+01  3.391030E+00
361  1.10851468E+00 -1.200000E+01  0.000000E+00  2.022370E+00  3.317337E+00
362  1.14701895E+00 -1.200000E+01  0.000000E+00  3.691193E+01  3.153419E+00
363  1.18666484E+00 -1.200000E+01  0.000000E+00  7.173982E+01  2.902536E+00
364  1.22747800E+00 -1.200000E+01  0.000000E+00  1.054218E+02  2.570626E+00
365  1.26948439E+00 -1.200000E+01  0.000000E+00  1.368339E+02  2.166284E+00
366  1.31271023E+00 -1.200000E+01  0.000000E+00  1.648486E+02  1.700635E+00
367  1.35718203E+00 -1.200000E+01  0.000000E+00  1.883766E+02  1.187107E+00
368  1.40292654E+00 -1.200000E+01  0.000000E+00  2.064100E+02  6.411125E-01
369  1.44997082E+00 -1.200000E+01  0.000000E+00  2.180677E+02  7.962500E-02
370  1.49834215E+00 -1.200000E+01  0.000000E+00  2.226400E+02 -4.793273E-01
371  1.54806806E+00 -1.200000E+01  0.000000E+00  2.196308E+02 -1.017246E+00
372  1.59917635E+00 -1.200000E+01  0.000000E+00  2.087946E+02 -1.515806E+00
373  1.65169504E+00 -1.200000E+01  0.000000E+00  1.901675E+02 -1.957533E+00
374  1.70565239E+00 -1.200000E+01  0.000000E+00  1.640881E+02 -2.326493E+00
375  1.76107687E+00 -1.200000E+01  0.000000E+00  1.312082E+02 -2.608969E+00
376  1.81799719E+00 -1.200000E+01  0.000000E+00  9.248981E+01 -2.794084E+00
377  1.87644225E+00 -1.200000E+01  0.000000E+00  4.918868E+01 -2.874346E+00
378  1.93644116E+00 -1.200000E+01  0.000000E+00  2.822989E+00 -2.846088E+00
379  1.99802324E+00 -1.200000E+01  0.000000E+00 -4.487290E+01 -2.709769E+00
380  2.06121799E+00 -1.200000E+01  0.000000E+00 -9.200862E+01 -2.470116E+00
381  2.12605509E+00 -1.200000E+01  0.000000E+00 -1.366104E+02 -2.136086E+00
382  2.19256440E+00 -1.200000E+01  0.000000E+00 -1.767039E+02 -1.720644E+00
383  2.26077594E+00 -1.200000E+01  0.000000E+00 -2.104036E+02 -1.240351E+00
384  2.33071990E+00 -1.200000E+01  0.000000E+00 -2.360056E+02 -7.147666E-01
385  2.40242663E+00 -1.200000E+01  0.000000E+00 -2.520786E+02 -1.656924E-01
386  2.47592661E+00 -1.200000E+01  0.000000E+00 -2.575488E+02  3.837253E-01
387  2.55125046E+00 -1.200000E+01  0.000000E+00 -2.517733E+02  9.099920E-01
388  2.62842893E+00 -1.200000E+01  0.000000E+00 -2.345978E+02  1.390319E+00
389  2.70749292E+00 -1.200000E+01  0.000000E+00 -2.063933E+02  1.803686E+00
390  2.78847341E+00 -1.200000E+01  0.000000E+00 -1.680691E+02  2.131856E+00
391  2.87140151E+00 -1.200000E+01  0.000000E+00 -1.210588E+02  2.360289E+00
392  2.95630842E+00 -1.200000E+01  0.000000E+00 -6.727880E+01  2.478910E+00
393  3.04322544E+00 -1.200000E+01  0.000000E+00 -9.058289E+00  2.482674E+00
394  3.13218395E+00 -1.200000E+01  0.000000E+00  5.095623E+01  2.371898E+00
395  3.22321543E+00 -1.200000E+01  0.000000E+00  1.099192E+02  2.152328E+00
396  3.31635140E+00 -1.200000E+01  0.000000E+00  1.649217E+02  1.834938E+00
397  3.41162347E+00 -1.200000E+01  0.000000E+00  2.131383E+02  1.435450E+00
398  3.50906329E+00 -1.200000E+01  0.000000E+00  2.519771E+02  9.740068E-01
399  3.60870258E+00 -1.200000E+01  0.000000E+00  8.051574E+02  1.359047E+00
