#      n =  8
#  kappa = -1
# energy = -2.12590671E-01
#     vc = -4.25184325E-01


0    1.00000000E-06 -6.610344E-02  0.000000E+00 -0.000000E+00  1.145506E-04
1    1.04898131E-06 -6.933676E-02  0.000000E+00  4.452133E-09  1.145506E-04
2    1.10036160E-06 -7.272774E-02  0.000000E+00  9.122126E-09  1.092018E-04
3    1.15425834E-06 -7.628400E-02  0.000000E+00  1.402063E-08  1.041027E-04
4    1.21079477E-06 -8.001351E-02  0.000000E+00  1.915881E-08  9.924177E-05
5    1.27010016E-06 -8.392460E-02  0.000000E+00  2.454838E-08  9.460783E-05
6    1.33231010E-06 -8.802601E-02  0.000000E+00  3.020163E-08  9.019027E-05
7    1.39756683E-06 -9.232686E-02  0.000000E+00  3.613144E-08  8.597901E-05
8    1.46601953E-06 -9.683670E-02  0.000000E+00  4.235132E-08  8.196440E-05
9    1.53782473E-06 -1.015655E-01  0.000000E+00  4.887544E-08  7.813725E-05
10   1.61314658E-06 -1.065237E-01  0.000000E+00  5.571866E-08  7.448883E-05
11   1.69215728E-06 -1.117222E-01  0.000000E+00  6.289657E-08  7.101077E-05
12   1.77503747E-06 -1.171724E-01  0.000000E+00  7.042551E-08  6.769513E-05
13   1.86197663E-06 -1.228861E-01  0.000000E+00  7.832261E-08  6.453431E-05
14   1.95317349E-06 -1.288758E-01  0.000000E+00  8.660585E-08  6.152109E-05
15   2.04883656E-06 -1.351542E-01  0.000000E+00  9.529407E-08  5.864858E-05
16   2.14918450E-06 -1.417350E-01  0.000000E+00  1.044070E-07  5.591021E-05
17   2.25444671E-06 -1.486321E-01  0.000000E+00  1.139655E-07  5.329970E-05
18   2.36486383E-06 -1.558600E-01  0.000000E+00  1.239911E-07  5.081109E-05
19   2.48068823E-06 -1.634339E-01  0.000000E+00  1.345067E-07  4.843869E-05
20   2.60218469E-06 -1.713694E-01  0.000000E+00  1.455362E-07  4.617707E-05
21   2.72963090E-06 -1.796830E-01  0.000000E+00  1.571047E-07  4.402106E-05
22   2.86331819E-06 -1.883914E-01  0.000000E+00  1.692383E-07  4.196572E-05
23   3.00355211E-06 -1.975121E-01  0.000000E+00  1.819646E-07  4.000636E-05
24   3.15065320E-06 -2.070631E-01  0.000000E+00  1.953126E-07  3.813848E-05
25   3.30495765E-06 -2.170630E-01  0.000000E+00  2.093125E-07  3.635783E-05
26   3.46681813E-06 -2.275307E-01  0.000000E+00  2.239959E-07  3.466032E-05
27   3.63660458E-06 -2.384859E-01  0.000000E+00  2.393963E-07  3.304207E-05
28   3.81470502E-06 -2.499486E-01  0.000000E+00  2.555485E-07  3.149939E-05
29   4.00152647E-06 -2.619390E-01  0.000000E+00  2.724890E-07  3.002873E-05
30   4.19749587E-06 -2.744780E-01  0.000000E+00  2.902562E-07  2.862675E-05
31   4.40306105E-06 -2.875863E-01  0.000000E+00  3.088903E-07  2.729023E-05
32   4.61869177E-06 -3.012850E-01  0.000000E+00  3.284334E-07  2.601611E-05
33   4.84488076E-06 -3.155950E-01  0.000000E+00  3.489296E-07  2.480148E-05
34   5.08214488E-06 -3.305372E-01  0.000000E+00  3.704253E-07  2.364356E-05
35   5.33102625E-06 -3.461317E-01  0.000000E+00  3.929689E-07  2.253970E-05
36   5.59209354E-06 -3.623985E-01  0.000000E+00  4.166113E-07  2.148739E-05
37   5.86594325E-06 -3.793563E-01  0.000000E+00  4.414058E-07  2.048420E-05
38   6.15320106E-06 -3.970227E-01  0.000000E+00  4.674081E-07  1.952785E-05
39   6.45452325E-06 -4.154136E-01  0.000000E+00  4.946769E-07  1.861614E-05
40   6.77059822E-06 -4.345427E-01  0.000000E+00  5.232734E-07  1.774700E-05
41   7.10214805E-06 -4.544212E-01  0.000000E+00  5.532619E-07  1.691844E-05
42   7.44993015E-06 -4.750570E-01  0.000000E+00  5.847097E-07  1.612855E-05
43   7.81473897E-06 -4.964538E-01  0.000000E+00  6.176873E-07  1.537553E-05
44   8.19740784E-06 -5.186103E-01  0.000000E+00  6.522687E-07  1.465766E-05
45   8.59881083E-06 -5.415195E-01  0.000000E+00  6.885311E-07  1.397330E-05
46   9.01986480E-06 -5.651669E-01  0.000000E+00  7.265557E-07  1.332089E-05
47   9.46153143E-06 -5.895295E-01  0.000000E+00  7.664275E-07  1.269892E-05
48   9.92481946E-06 -6.145741E-01  0.000000E+00  8.082353E-07  1.210597E-05
49   1.04107869E-05 -6.402554E-01  0.000000E+00  8.520723E-07  1.154069E-05
50   1.09205437E-05 -6.665137E-01  0.000000E+00  8.980362E-07  1.100179E-05
51   1.14552538E-05 -6.932722E-01  0.000000E+00  9.462289E-07  1.048803E-05
52   1.20161383E-05 -7.204344E-01  0.000000E+00  9.967575E-07  9.998243E-06
53   1.26044779E-05 -7.478804E-01  0.000000E+00  1.049734E-06  9.531298E-06
54   1.32216159E-05 -7.754627E-01  0.000000E+00  1.105275E-06  9.086131E-06
55   1.38689615E-05 -8.030020E-01  0.000000E+00  1.163505E-06  8.661722E-06
56   1.45479926E-05 -8.302814E-01  0.000000E+00  1.224550E-06  8.257103E-06
57   1.52602593E-05 -8.570401E-01  0.000000E+00  1.288546E-06  7.871346E-06
58   1.60073877E-05 -8.829667E-01  0.000000E+00  1.355633E-06  7.503570E-06
59   1.67910833E-05 -9.076901E-01  0.000000E+00  1.425958E-06  7.152933E-06
60   1.76131349E-05 -9.307705E-01  0.000000E+00  1.499675E-06  6.818695E-06
61   1.84754188E-05 -9.516875E-01  0.000000E+00  1.576945E-06  6.499519E-06
62   1.93799032E-05 -9.698277E-01  0.000000E+00  1.657936E-06  6.188552E-06
63   2.03286521E-05 -9.844694E-01  0.000000E+00  1.742825E-06  5.950458E-06
64   2.13238309E-05 -9.947652E-01  0.000000E+00  1.831846E-06  5.740556E-06
65   2.23677103E-05 -9.997222E-01  0.000000E+00  1.925124E-06  5.128556E-06
66   2.34626723E-05 -1.000000E+00  0.000000E+00  2.022585E-06  5.042151E-06
67   2.46112153E-05 -1.000000E+00  0.000000E+00  2.125165E-06  5.065670E-06
68   2.58159597E-05 -1.000000E+00  0.000000E+00  2.232518E-06  4.636155E-06
69   2.70796539E-05 -1.000000E+00  0.000000E+00  2.345029E-06  4.426186E-06
70   2.84051806E-05 -1.000000E+00  0.000000E+00  2.462970E-06  4.221981E-06
71   2.97955635E-05 -1.000000E+00  0.000000E+00  2.586609E-06  4.024022E-06
72   3.12539738E-05 -1.000000E+00  0.000000E+00  2.716229E-06  3.835340E-06
73   3.27837378E-05 -1.000000E+00  0.000000E+00  2.852123E-06  3.655434E-06
74   3.43883440E-05 -1.000000E+00  0.000000E+00  2.994604E-06  3.483879E-06
75   3.60714516E-05 -1.000000E+00  0.000000E+00  3.143994E-06  3.320282E-06
76   3.78368985E-05 -1.000000E+00  0.000000E+00  3.300635E-06  3.164271E-06
77   3.96887097E-05 -1.000000E+00  0.000000E+00  3.464883E-06  3.015486E-06
78   4.16311070E-05 -1.000000E+00  0.000000E+00  3.637114E-06  2.873590E-06
79   4.36685184E-05 -1.000000E+00  0.000000E+00  3.817720E-06  2.738257E-06
80   4.58055880E-05 -1.000000E+00  0.000000E+00  4.007111E-06  2.609178E-06
81   4.80471866E-05 -1.000000E+00  0.000000E+00  4.205720E-06  2.486059E-06
82   5.03984227E-05 -1.000000E+00  0.000000E+00  4.414000E-06  2.368616E-06
83   5.28646544E-05 -1.000000E+00  0.000000E+00  4.632424E-06  2.256583E-06
84   5.54515012E-05 -1.000000E+00  0.000000E+00  4.861490E-06  2.149702E-06
85   5.81648567E-05 -1.000000E+00  0.000000E+00  5.101720E-06  2.047731E-06
86   6.10109024E-05 -1.000000E+00  0.000000E+00  5.353661E-06  1.950435E-06
87   6.39961211E-05 -1.000000E+00  0.000000E+00  5.617887E-06  1.857592E-06
88   6.71273121E-05 -1.000000E+00  0.000000E+00  5.894999E-06  1.768990E-06
89   7.04116065E-05 -1.000000E+00  0.000000E+00  6.185627E-06  1.684427E-06
90   7.38564830E-05 -1.000000E+00  0.000000E+00  6.490435E-06  1.603708E-06
91   7.74697851E-05 -1.000000E+00  0.000000E+00  6.810114E-06  1.526651E-06
92   8.12597391E-05 -1.000000E+00  0.000000E+00  7.145393E-06  1.453079E-06
93   8.52349723E-05 -1.000000E+00  0.000000E+00  7.497034E-06  1.382822E-06
94   8.94045324E-05 -1.000000E+00  0.000000E+00  7.865837E-06  1.315722E-06
95   9.37779087E-05 -1.000000E+00  0.000000E+00  8.252642E-06  1.251625E-06
96   9.83650527E-05 -1.000000E+00  0.000000E+00  8.658327E-06  1.190384E-06
97   1.03176401E-04 -1.000000E+00  0.000000E+00  9.083816E-06  1.131859E-06
98   1.08222899E-04 -1.000000E+00  0.000000E+00  9.530075E-06  1.075917E-06
99   1.13516026E-04 -1.000000E+00  0.000000E+00  9.998119E-06  1.022430E-06
100  1.19067819E-04 -1.000000E+00  0.000000E+00  1.048901E-05  9.712753E-07
101  1.24890903E-04 -1.000000E+00  0.000000E+00  1.100387E-05  9.223364E-07
102  1.30998518E-04 -1.000000E+00  0.000000E+00  1.154386E-05  8.755015E-07
103  1.37404547E-04 -1.000000E+00  0.000000E+00  1.211021E-05  8.306637E-07
104  1.44123551E-04 -1.000000E+00  0.000000E+00  1.270421E-05  7.877205E-07
105  1.51170800E-04 -1.000000E+00  0.000000E+00  1.332720E-05  7.465738E-07
106  1.58562306E-04 -1.000000E+00  0.000000E+00  1.398060E-05  7.071297E-07
107  1.66314860E-04 -1.000000E+00  0.000000E+00  1.466589E-05  6.692981E-07
108  1.74446074E-04 -1.000000E+00  0.000000E+00  1.538463E-05  6.329927E-07
109  1.82974412E-04 -1.000000E+00  0.000000E+00  1.613845E-05  5.981305E-07
110  1.91919240E-04 -1.000000E+00  0.000000E+00  1.692906E-05  5.646321E-07
111  2.01300864E-04 -1.000000E+00  0.000000E+00  1.775824E-05  5.324208E-07
112  2.11140578E-04 -1.000000E+00  0.000000E+00  1.862789E-05  5.014233E-07
113  2.21460714E-04 -1.000000E+00  0.000000E+00  1.953997E-05  4.715688E-07
114  2.32284685E-04 -1.000000E+00  0.000000E+00  2.049654E-05  4.427891E-07
115  2.43637045E-04 -1.000000E+00  0.000000E+00  2.149978E-05  4.150186E-07
116  2.55543543E-04 -1.000000E+00  0.000000E+00  2.255196E-05  3.881940E-07
117  2.68031176E-04 -1.000000E+00  0.000000E+00  2.365545E-05  3.622540E-07
118  2.81128254E-04 -1.000000E+00  0.000000E+00  2.481276E-05  3.371397E-07
119  2.94864462E-04 -1.000000E+00  0.000000E+00  2.602651E-05  3.127936E-07
120  3.09270926E-04 -1.000000E+00  0.000000E+00  2.729943E-05  2.891602E-07
121  3.24380284E-04 -1.000000E+00  0.000000E+00  2.863441E-05  2.661859E-07
122  3.40226759E-04 -1.000000E+00  0.000000E+00  3.003448E-05  2.438181E-07
123  3.56846234E-04 -1.000000E+00  0.000000E+00  3.150278E-05  2.220060E-07
124  3.74276332E-04 -1.000000E+00  0.000000E+00  3.304263E-05  2.006999E-07
125  3.92556503E-04 -1.000000E+00  0.000000E+00  3.465752E-05  1.798512E-07
126  4.11728109E-04 -1.000000E+00  0.000000E+00  3.635110E-05  1.594126E-07
127  4.31834518E-04 -1.000000E+00  0.000000E+00  3.812717E-05  1.393376E-07
128  4.52921199E-04 -1.000000E+00  0.000000E+00  3.998975E-05  1.195805E-07
129  4.75035828E-04 -1.000000E+00  0.000000E+00  4.194304E-05  1.000963E-07
130  4.98228386E-04 -1.000000E+00  0.000000E+00  4.399143E-05  8.084092E-08
131  5.22551278E-04 -1.000000E+00  0.000000E+00  4.613955E-05  6.177051E-08
132  5.48059447E-04 -1.000000E+00  0.000000E+00  4.839223E-05  4.284179E-08
133  5.74810493E-04 -1.000000E+00  0.000000E+00  5.075454E-05  2.401183E-08
134  6.02864806E-04 -1.000000E+00  0.000000E+00  5.323180E-05  5.237920E-09
135  6.32285697E-04 -1.000000E+00  0.000000E+00  5.582957E-05 -1.352249E-08
136  6.63139539E-04 -1.000000E+00  0.000000E+00  5.855370E-05 -3.231189E-08
137  6.95495913E-04 -1.000000E+00  0.000000E+00  6.141030E-05 -5.117283E-08
138  7.29427766E-04 -1.000000E+00  0.000000E+00  6.440579E-05 -7.014798E-08
139  7.65011568E-04 -1.000000E+00  0.000000E+00  6.754688E-05 -8.928024E-08
140  8.02327483E-04 -1.000000E+00  0.000000E+00  7.084063E-05 -1.086128E-07
141  8.41459546E-04 -1.000000E+00  0.000000E+00  7.429441E-05 -1.281894E-07
142  8.82495849E-04 -1.000000E+00  0.000000E+00  7.791596E-05 -1.480542E-07
143  9.25528735E-04 -1.000000E+00  0.000000E+00  8.171339E-05 -1.682519E-07
144  9.70655000E-04 -1.000000E+00  0.000000E+00  8.569519E-05 -1.888280E-07
145  1.01797611E-03 -1.000000E+00  0.000000E+00  8.987026E-05 -2.098290E-07
146  1.06759841E-03 -1.000000E+00  0.000000E+00  9.424793E-05 -2.313020E-07
147  1.11963340E-03 -1.000000E+00  0.000000E+00  9.883797E-05 -2.532952E-07
148  1.17419791E-03 -1.000000E+00  0.000000E+00  1.036506E-04 -2.758581E-07
149  1.23141442E-03 -1.000000E+00  0.000000E+00  1.086966E-04 -2.990413E-07
150  1.29141129E-03 -1.000000E+00  0.000000E+00  1.139872E-04 -3.228968E-07
151  1.35432307E-03 -1.000000E+00  0.000000E+00  1.195341E-04 -3.474780E-07
152  1.42029078E-03 -1.000000E+00  0.000000E+00  1.253497E-04 -3.728399E-07
153  1.48946219E-03 -1.000000E+00  0.000000E+00  1.314469E-04 -3.990392E-07
154  1.56199219E-03 -1.000000E+00  0.000000E+00  1.378392E-04 -4.261344E-07
155  1.63804311E-03 -1.000000E+00  0.000000E+00  1.445408E-04 -4.541861E-07
156  1.71778507E-03 -1.000000E+00  0.000000E+00  1.515666E-04 -4.832566E-07
157  1.80139633E-03 -1.000000E+00  0.000000E+00  1.589320E-04 -5.134108E-07
158  1.88906371E-03 -1.000000E+00  0.000000E+00  1.666535E-04 -5.447157E-07
159  1.98098299E-03 -1.000000E+00  0.000000E+00  1.747480E-04 -5.772409E-07
160  2.07735932E-03 -1.000000E+00  0.000000E+00  1.832333E-04 -6.110585E-07
161  2.17840767E-03 -1.000000E+00  0.000000E+00  1.921282E-04 -6.462437E-07
162  2.28435328E-03 -1.000000E+00  0.000000E+00  2.014523E-04 -6.828742E-07
163  2.39543218E-03 -1.000000E+00  0.000000E+00  2.112260E-04 -7.210312E-07
164  2.51189167E-03 -1.000000E+00  0.000000E+00  2.214707E-04 -7.607989E-07
165  2.63399086E-03 -1.000000E+00  0.000000E+00  2.322090E-04 -8.022651E-07
166  2.76200123E-03 -1.000000E+00  0.000000E+00  2.434644E-04 -8.455212E-07
167  2.89620721E-03 -1.000000E+00  0.000000E+00  2.552613E-04 -8.906623E-07
168  3.03690677E-03 -1.000000E+00  0.000000E+00  2.676257E-04 -9.377878E-07
169  3.18441210E-03 -1.000000E+00  0.000000E+00  2.805843E-04 -9.870010E-07
170  3.33905023E-03 -1.000000E+00  0.000000E+00  2.941655E-04 -1.038410E-06
171  3.50116376E-03 -1.000000E+00  0.000000E+00  3.083986E-04 -1.092127E-06
172  3.67111157E-03 -1.000000E+00  0.000000E+00  3.233146E-04 -1.148269E-06
173  3.84926959E-03 -1.000000E+00  0.000000E+00  3.389457E-04 -1.206960E-06
174  4.03603160E-03 -1.000000E+00  0.000000E+00  3.553257E-04 -1.268327E-06
175  4.23181004E-03 -1.000000E+00  0.000000E+00  3.724898E-04 -1.332503E-06
176  4.43703692E-03 -1.000000E+00  0.000000E+00  3.904750E-04 -1.399627E-06
177  4.65216469E-03 -1.000000E+00  0.000000E+00  4.093199E-04 -1.469846E-06
178  4.87766722E-03 -1.000000E+00  0.000000E+00  4.290649E-04 -1.543311E-06
179  5.11404079E-03 -1.000000E+00  0.000000E+00  4.497521E-04 -1.620181E-06
180  5.36180510E-03 -1.000000E+00  0.000000E+00  4.714256E-04 -1.700622E-06
181  5.62150441E-03 -1.000000E+00  0.000000E+00  4.941315E-04 -1.784806E-06
182  5.89370862E-03 -1.000000E+00  0.000000E+00  5.179180E-04 -1.872914E-06
183  6.17901450E-03 -1.000000E+00  0.000000E+00  5.428354E-04 -1.965135E-06
184  6.47804689E-03 -1.000000E+00  0.000000E+00  5.689362E-04 -2.061666E-06
185  6.79146003E-03 -1.000000E+00  0.000000E+00  5.962754E-04 -2.162713E-06
186  7.11993889E-03 -1.000000E+00  0.000000E+00  6.249101E-04 -2.268491E-06
187  7.46420058E-03 -1.000000E+00  0.000000E+00  6.549004E-04 -2.379224E-06
188  7.82499584E-03 -1.000000E+00  0.000000E+00  6.863086E-04 -2.495147E-06
189  8.20311056E-03 -1.000000E+00  0.000000E+00  7.192000E-04 -2.616504E-06
190  8.59936741E-03 -1.000000E+00  0.000000E+00  7.536426E-04 -2.743551E-06
191  9.01462750E-03 -1.000000E+00  0.000000E+00  7.897073E-04 -2.876553E-06
192  9.44979214E-03 -1.000000E+00  0.000000E+00  8.274683E-04 -3.015791E-06
193  9.90580465E-03 -1.000000E+00  0.000000E+00  8.670027E-04 -3.161554E-06
194  1.03836523E-02 -1.000000E+00  0.000000E+00  9.083910E-04 -3.314144E-06
195  1.08843683E-02 -1.000000E+00  0.000000E+00  9.517171E-04 -3.473879E-06
196  1.14090338E-02 -1.000000E+00  0.000000E+00  9.970685E-04 -3.641089E-06
197  1.19587802E-02 -1.000000E+00  0.000000E+00  1.044536E-03 -3.816116E-06
198  1.25347912E-02 -1.000000E+00  0.000000E+00  1.094215E-03 -3.999321E-06
199  1.31383055E-02 -1.000000E+00  0.000000E+00  1.146203E-03 -4.191077E-06
200  1.37706188E-02 -1.000000E+00  0.000000E+00  1.200605E-03 -4.391774E-06
201  1.44330867E-02 -1.000000E+00  0.000000E+00  1.257525E-03 -4.601818E-06
202  1.51271274E-02 -1.000000E+00  0.000000E+00  1.317077E-03 -4.821633E-06
203  1.58542241E-02 -1.000000E+00  0.000000E+00  1.379374E-03 -5.051660E-06
204  1.66159284E-02 -1.000000E+00  0.000000E+00  1.444538E-03 -5.292359E-06
205  1.74138631E-02 -1.000000E+00  0.000000E+00  1.512694E-03 -5.544207E-06
206  1.82497250E-02 -1.000000E+00  0.000000E+00  1.583970E-03 -5.807702E-06
207  1.91252890E-02 -1.000000E+00  0.000000E+00  1.658502E-03 -6.083363E-06
208  2.00424106E-02 -1.000000E+00  0.000000E+00  1.736428E-03 -6.371728E-06
209  2.10030302E-02 -1.000000E+00  0.000000E+00  1.817894E-03 -6.673358E-06
210  2.20091764E-02 -1.000000E+00  0.000000E+00  1.903050E-03 -6.988834E-06
211  2.30629699E-02 -1.000000E+00  0.000000E+00  1.992051E-03 -7.318764E-06
212  2.41666276E-02 -1.000000E+00  0.000000E+00  2.085057E-03 -7.663774E-06
213  2.53224669E-02 -1.000000E+00  0.000000E+00  2.182235E-03 -8.024518E-06
214  2.65329097E-02 -1.000000E+00  0.000000E+00  2.283757E-03 -8.401674E-06
215  2.78004872E-02 -1.000000E+00  0.000000E+00  2.389801E-03 -8.795945E-06
216  2.91278447E-02 -1.000000E+00  0.000000E+00  2.500550E-03 -9.208060E-06
217  3.05177460E-02 -1.000000E+00  0.000000E+00  2.616193E-03 -9.638774E-06
218  3.19730790E-02 -1.000000E+00  0.000000E+00  2.736924E-03 -1.008887E-05
219  3.34968608E-02 -1.000000E+00  0.000000E+00  2.862946E-03 -1.055916E-05
220  3.50922432E-02 -1.000000E+00  0.000000E+00  2.994464E-03 -1.105048E-05
221  3.67625181E-02 -1.000000E+00  0.000000E+00  3.131690E-03 -1.156369E-05
222  3.85111241E-02 -1.000000E+00  0.000000E+00  3.274842E-03 -1.209971E-05
223  4.03416520E-02 -1.000000E+00  0.000000E+00  3.424144E-03 -1.265944E-05
224  4.22578515E-02 -1.000000E+00  0.000000E+00  3.579824E-03 -1.324384E-05
225  4.42636379E-02 -1.000000E+00  0.000000E+00  3.742116E-03 -1.385390E-05
226  4.63630986E-02 -1.000000E+00  0.000000E+00  3.911259E-03 -1.449064E-05
227  4.85605009E-02 -1.000000E+00  0.000000E+00  4.087496E-03 -1.515510E-05
228  5.08602986E-02 -1.000000E+00  0.000000E+00  4.271075E-03 -1.584834E-05
229  5.32671402E-02 -1.000000E+00  0.000000E+00  4.462248E-03 -1.657149E-05
230  5.57858769E-02 -1.000000E+00  0.000000E+00  4.661269E-03 -1.732566E-05
231  5.84215705E-02 -1.000000E+00  0.000000E+00  4.868397E-03 -1.811202E-05
232  6.11795021E-02 -1.000000E+00  0.000000E+00  5.083892E-03 -1.893176E-05
233  6.40651812E-02 -1.000000E+00  0.000000E+00  5.308015E-03 -1.978609E-05
234  6.70843543E-02 -1.000000E+00  0.000000E+00  5.541030E-03 -2.067626E-05
235  7.02430151E-02 -1.000000E+00  0.000000E+00  5.783200E-03 -2.160354E-05
236  7.35474136E-02 -1.000000E+00  0.000000E+00  6.034785E-03 -2.256920E-05
237  7.70040667E-02 -1.000000E+00  0.000000E+00  6.296046E-03 -2.357457E-05
238  8.06197688E-02 -1.000000E+00  0.000000E+00  6.567238E-03 -2.462097E-05
239  8.44016022E-02 -1.000000E+00  0.000000E+00  6.848613E-03 -2.570974E-05
240  8.83569485E-02 -1.000000E+00  0.000000E+00  7.140415E-03 -2.684225E-05
241  9.24935005E-02 -1.000000E+00  0.000000E+00  7.442883E-03 -2.801986E-05
242  9.68192738E-02 -1.000000E+00  0.000000E+00  7.756243E-03 -2.924395E-05
243  1.01342619E-01 -1.000000E+00  0.000000E+00  8.080711E-03 -3.051589E-05
244  1.06072236E-01 -1.000000E+00  0.000000E+00  8.416488E-03 -3.183707E-05
245  1.11017184E-01 -1.000000E+00  0.000000E+00  8.763759E-03 -3.320884E-05
246  1.16186898E-01 -1.000000E+00  0.000000E+00  9.122690E-03 -3.463257E-05
247  1.21591201E-01 -1.000000E+00  0.000000E+00  9.493427E-03 -3.610957E-05
248  1.27240321E-01 -1.000000E+00  0.000000E+00  9.876087E-03 -3.764118E-05
249  1.33144903E-01 -1.000000E+00  0.000000E+00  1.027076E-02 -3.922865E-05
250  1.39316023E-01 -1.000000E+00  0.000000E+00  1.067751E-02 -4.087321E-05
251  1.45765211E-01 -1.000000E+00  0.000000E+00  1.109635E-02 -4.257605E-05
252  1.52504456E-01 -1.000000E+00  0.000000E+00  1.152728E-02 -4.433829E-05
253  1.59546235E-01 -1.000000E+00  0.000000E+00  1.197022E-02 -4.616096E-05
254  1.66903519E-01 -1.000000E+00  0.000000E+00  1.242507E-02 -4.804502E-05
255  1.74589798E-01 -1.000000E+00  0.000000E+00  1.289167E-02 -4.999133E-05
256  1.82619097E-01 -1.000000E+00  0.000000E+00  1.336978E-02 -5.200065E-05
257  1.91005991E-01 -1.000000E+00  0.000000E+00  1.385912E-02 -5.407359E-05
258  1.99765631E-01 -1.000000E+00  0.000000E+00  1.435933E-02 -5.621063E-05
259  2.08913757E-01 -1.000000E+00  0.000000E+00  1.486996E-02 -5.841210E-05
260  2.18466720E-01 -1.000000E+00  0.000000E+00  1.539050E-02 -6.067814E-05
261  2.28441504E-01 -1.000000E+00  0.000000E+00  1.592033E-02 -6.300868E-05
262  2.38855746E-01 -1.000000E+00  0.000000E+00  1.645873E-02 -6.540346E-05
263  2.49727756E-01 -1.000000E+00  0.000000E+00  1.700488E-02 -6.786195E-05
264  2.61076542E-01 -1.000000E+00  0.000000E+00  1.755784E-02 -7.038338E-05
265  2.72921827E-01 -1.000000E+00  0.000000E+00  1.811656E-02 -7.296669E-05
266  2.85284078E-01 -1.000000E+00  0.000000E+00  1.867984E-02 -7.561048E-05
267  2.98184526E-01 -1.000000E+00  0.000000E+00  1.924636E-02 -7.831303E-05
268  3.11645189E-01 -1.000000E+00  0.000000E+00  1.981463E-02 -8.107226E-05
269  3.25688898E-01 -1.000000E+00  0.000000E+00  2.038303E-02 -8.388566E-05
270  3.40339322E-01 -1.000000E+00  0.000000E+00  2.094974E-02 -8.675032E-05
271  3.55620992E-01 -1.000000E+00  0.000000E+00  2.151279E-02 -8.966285E-05
272  3.71559326E-01 -1.000000E+00  0.000000E+00  2.207003E-02 -9.261938E-05
273  3.88180655E-01 -1.000000E+00  0.000000E+00  2.261909E-02 -9.561550E-05
274  4.05512251E-01 -1.000000E+00  0.000000E+00  2.315745E-02 -9.864626E-05
275  4.23582354E-01 -1.000000E+00  0.000000E+00  2.368234E-02 -1.017061E-04
276  4.42420197E-01 -1.000000E+00  0.000000E+00  2.419079E-02 -1.047888E-04
277  4.62056033E-01 -1.000000E+00  0.000000E+00  2.467963E-02 -1.078876E-04
278  4.82521167E-01 -1.000000E+00  0.000000E+00  2.514545E-02 -1.109950E-04
279  5.03847979E-01 -1.000000E+00  0.000000E+00  2.558463E-02 -1.141026E-04
280  5.26069958E-01 -1.000000E+00  0.000000E+00  2.599331E-02 -1.172015E-04
281  5.49221725E-01 -1.000000E+00  0.000000E+00  2.636741E-02 -1.202819E-04
282  5.73339067E-01 -1.000000E+00  0.000000E+00  2.670264E-02 -1.233332E-04
283  5.98458962E-01 -1.000000E+00  0.000000E+00  2.699448E-02 -1.263439E-04
284  6.24619613E-01 -1.000000E+00  0.000000E+00  2.723820E-02 -1.293019E-04
285  6.51860473E-01 -1.000000E+00  0.000000E+00  2.742889E-02 -1.321939E-04
286  6.80222280E-01 -1.000000E+00  0.000000E+00  2.756143E-02 -1.350060E-04
287  7.09747081E-01 -1.000000E+00  0.000000E+00  2.763055E-02 -1.377233E-04
288  7.40478267E-01 -1.000000E+00  0.000000E+00  2.763085E-02 -1.403300E-04
289  7.72460602E-01 -1.000000E+00  0.000000E+00  2.755678E-02 -1.428095E-04
290  8.05740249E-01 -1.000000E+00  0.000000E+00  2.740273E-02 -1.451444E-04
291  8.40364808E-01 -1.000000E+00  0.000000E+00  2.716305E-02 -1.473164E-04
292  8.76383337E-01 -1.000000E+00  0.000000E+00  2.683205E-02 -1.493065E-04
293  9.13846391E-01 -1.000000E+00  0.000000E+00  2.640412E-02 -1.510950E-04
294  9.52806043E-01 -1.000000E+00  0.000000E+00  2.587374E-02 -1.526615E-04
295  9.93315922E-01 -1.000000E+00  0.000000E+00  2.523554E-02 -1.539851E-04
296  1.03543124E+00 -1.000000E+00  0.000000E+00  2.448440E-02 -1.550443E-04
297  1.07920880E+00 -1.000000E+00  0.000000E+00  2.361547E-02 -1.558175E-04
298  1.12470708E+00 -1.000000E+00  0.000000E+00  2.262432E-02 -1.562826E-04
299  1.17198620E+00 -1.000000E+00  0.000000E+00  2.150699E-02 -1.564175E-04
300  1.22110798E+00 -1.000000E+00  0.000000E+00  2.026009E-02 -1.562004E-04
301  1.27213597E+00 -1.000000E+00  0.000000E+00  1.888090E-02 -1.556096E-04
302  1.32513546E+00 -1.000000E+00  0.000000E+00  1.736750E-02 -1.546239E-04
303  1.38017354E+00 -1.000000E+00  0.000000E+00  1.571884E-02 -1.532229E-04
304  1.43731907E+00 -1.000000E+00  0.000000E+00  1.393492E-02 -1.513870E-04
305  1.49664278E+00 -1.000000E+00  0.000000E+00  1.201685E-02 -1.490981E-04
306  1.55821722E+00 -1.000000E+00  0.000000E+00  9.967041E-03 -1.463395E-04
307  1.62211683E+00 -1.000000E+00  0.000000E+00  7.789256E-03 -1.430963E-04
308  1.68841796E+00 -1.000000E+00  0.000000E+00  5.488790E-03 -1.393559E-04
309  1.75719887E+00 -1.000000E+00  0.000000E+00  3.072569E-03 -1.351080E-04
310  1.82853977E+00 -1.000000E+00  0.000000E+00  5.492660E-04 -1.303453E-04
311  1.90252284E+00 -1.000000E+00  0.000000E+00 -2.070589E-03 -1.250638E-04
312  1.97923225E+00 -1.000000E+00  0.000000E+00 -4.774515E-03 -1.192629E-04
313  2.05875415E+00 -1.000000E+00  0.000000E+00 -7.548003E-03 -1.129461E-04
314  2.14117675E+00 -1.000000E+00  0.000000E+00 -1.037445E-02 -1.061211E-04
315  2.22659026E+00 -1.000000E+00  0.000000E+00 -1.323511E-02 -9.880028E-05
316  2.31508698E+00 -1.000000E+00  0.000000E+00 -1.610911E-02 -9.100109E-05
317  2.40676124E+00 -1.000000E+00  0.000000E+00 -1.897343E-02 -8.274623E-05
318  2.50170948E+00 -1.000000E+00  0.000000E+00 -2.180299E-02 -7.406398E-05
319  2.60003022E+00 -1.000000E+00  0.000000E+00 -2.457070E-02 -6.498842E-05
320  2.70182409E+00 -1.000000E+00  0.000000E+00 -2.724764E-02 -5.555964E-05
321  2.80719383E+00 -1.000000E+00  0.000000E+00 -2.980319E-02 -4.582387E-05
322  2.91624429E+00 -1.000000E+00  0.000000E+00 -3.220532E-02 -3.583347E-05
323  3.02908245E+00 -1.000000E+00  0.000000E+00 -3.442082E-02 -2.564697E-05
324  3.14581743E+00 -1.000000E+00  0.000000E+00 -3.641569E-02 -1.532895E-05
325  3.26656049E+00 -1.000000E+00  0.000000E+00 -3.815550E-02 -4.949768E-06
326  3.39142499E+00 -1.000000E+00  0.000000E+00 -3.960588E-02  5.414698E-06
327  3.52052647E+00 -1.000000E+00  0.000000E+00 -4.073301E-02  1.568352E-05
328  3.65398257E+00 -1.000000E+00  0.000000E+00 -4.150423E-02  2.577130E-05
329  3.79191310E+00 -1.000000E+00  0.000000E+00 -4.188866E-02  3.558880E-05
330  3.93443996E+00 -1.000000E+00  0.000000E+00 -4.185782E-02  4.504385E-05
331  4.08168720E+00 -1.000000E+00  0.000000E+00 -4.138645E-02  5.404223E-05
332  4.23378098E+00 -1.000000E+00  0.000000E+00 -4.045315E-02  6.248882E-05
333  4.39084955E+00 -1.000000E+00  0.000000E+00 -3.904123E-02  7.028879E-05
334  4.55302329E+00 -1.000000E+00  0.000000E+00 -3.713945E-02  7.734895E-05
335  4.72043463E+00 -1.000000E+00  0.000000E+00 -3.474278E-02  8.357920E-05
336  4.89321810E+00 -1.000000E+00  0.000000E+00 -3.185315E-02  8.889408E-05
337  5.07151027E+00 -1.000000E+00  0.000000E+00 -2.848011E-02  9.321440E-05
338  5.25544976E+00 -1.000000E+00  0.000000E+00 -2.464152E-02  9.646892E-05
339  5.44517719E+00 -1.000000E+00  0.000000E+00 -2.036399E-02  9.859605E-05
340  5.64083522E+00 -1.000000E+00  0.000000E+00 -1.568333E-02  9.954553E-05
341  5.84256846E+00 -1.000000E+00  0.000000E+00 -1.064480E-02  9.928013E-05
342  6.05052349E+00 -1.000000E+00  0.000000E+00 -5.303223E-03  9.777720E-05
343  6.26484883E+00 -1.000000E+00  0.000000E+00  2.771557E-04  9.503014E-05
344  6.48569490E+00 -1.000000E+00  0.000000E+00  6.022953E-03  9.104966E-05
345  6.71321401E+00 -1.000000E+00  0.000000E+00  1.185222E-02  8.586491E-05
346  6.94756034E+00 -1.000000E+00  0.000000E+00  1.767525E-02  7.952424E-05
347  7.18888986E+00 -1.000000E+00  0.000000E+00  2.339566E-02  7.209575E-05
348  7.43736037E+00 -1.000000E+00  0.000000E+00  2.891173E-02  6.366746E-05
349  7.69313142E+00 -1.000000E+00  0.000000E+00  3.411802E-02  5.434705E-05
350  7.95636429E+00 -1.000000E+00  0.000000E+00  3.890729E-02  4.426127E-05
351  8.22722196E+00 -1.000000E+00  0.000000E+00  4.317259E-02  3.355479E-05
352  8.50586906E+00 -1.000000E+00  0.000000E+00  4.680964E-02  2.238868E-05
353  8.79247188E+00 -1.000000E+00  0.000000E+00  4.971937E-02  1.093838E-05
354  9.08719825E+00 -1.000000E+00  0.000000E+00  5.181058E-02 -6.088649E-07
355  9.39021760E+00 -1.000000E+00  0.000000E+00  5.300273E-02 -1.205692E-05
356  9.70170082E+00 -1.000000E+00  0.000000E+00  5.322869E-02 -2.320419E-05
357  1.00218203E+01 -1.000000E+00  0.000000E+00  5.243745E-02 -3.384740E-05
358  1.03507499E+01 -1.000000E+00  0.000000E+00  5.059670E-02 -4.378568E-05
359  1.06886648E+01 -1.000000E+00  0.000000E+00  4.769519E-02 -5.282494E-05
360  1.10357415E+01 -1.000000E+00  0.000000E+00  4.374469E-02 -6.078234E-05
361  1.13921579E+01 -1.000000E+00  0.000000E+00  3.878162E-02 -6.749089E-05
362  1.17580931E+01 -1.000000E+00  0.000000E+00  3.286809E-02 -7.280392E-05
363  1.21337275E+01 -1.000000E+00  0.000000E+00  2.609242E-02 -7.659936E-05
364  1.25192426E+01 -1.000000E+00  0.000000E+00  1.856887E-02 -7.878378E-05
365  1.29148209E+01 -1.000000E+00  0.000000E+00  1.043677E-02 -7.929585E-05
366  1.33206462E+01 -1.000000E+00  0.000000E+00  1.858689E-03 -7.810932E-05
367  1.37369033E+01 -1.000000E+00  0.000000E+00 -6.982037E-03 -7.523521E-05
368  1.41637779E+01 -1.000000E+00  0.000000E+00 -1.588474E-02 -7.072324E-05
369  1.46014567E+01 -1.000000E+00  0.000000E+00 -2.463559E-02 -6.466221E-05
370  1.50501272E+01 -1.000000E+00  0.000000E+00 -3.301250E-02 -5.717953E-05
371  1.55099779E+01 -1.000000E+00  0.000000E+00 -4.079071E-02 -4.843950E-05
372  1.59811981E+01 -1.000000E+00  0.000000E+00 -4.774890E-02 -3.864064E-05
373  1.64639777E+01 -1.000000E+00  0.000000E+00 -5.367573E-02 -2.801185E-05
374  1.69585075E+01 -1.000000E+00  0.000000E+00 -5.837650E-02 -1.680756E-05
375  1.74649788E+01 -1.000000E+00  0.000000E+00 -6.167997E-02 -5.301894E-06
376  1.79835837E+01 -1.000000E+00  0.000000E+00 -6.344482E-02  6.217994E-06
377  1.85145147E+01 -1.000000E+00  0.000000E+00 -6.356575E-02  1.745929E-05
378  1.90579649E+01 -1.000000E+00  0.000000E+00 -6.197890E-02  2.813138E-05
379  1.96141279E+01 -1.000000E+00  0.000000E+00 -5.866627E-02  3.795401E-05
380  2.01831978E+01 -1.000000E+00  0.000000E+00 -5.365906E-02  4.666548E-05
381  2.07653690E+01 -1.000000E+00  0.000000E+00 -4.703960E-02  5.403060E-05
382  2.13608362E+01 -1.000000E+00  0.000000E+00 -3.894176E-02  5.984818E-05
383  2.19697946E+01 -1.000000E+00  0.000000E+00 -2.954966E-02  6.395779E-05
384  2.25924395E+01 -1.000000E+00  0.000000E+00 -1.909470E-02  6.624544E-05
385  2.32289664E+01 -1.000000E+00  0.000000E+00 -7.850729E-03  6.664804E-05
386  2.38795711E+01 -1.000000E+00  0.000000E+00  3.872439E-03  6.515645E-05
387  2.45444494E+01 -1.000000E+00  0.000000E+00  1.573716E-02  6.181683E-05
388  2.52237974E+01 -1.000000E+00  0.000000E+00  2.738753E-02  5.673033E-05
389  2.59178111E+01 -1.000000E+00  0.000000E+00  3.846009E-02  5.005095E-05
390  2.66266865E+01 -1.000000E+00  0.000000E+00  4.859545E-02  4.198161E-05
391  2.73506196E+01 -1.000000E+00  0.000000E+00  5.745038E-02  3.276857E-05
392  2.80898064E+01 -1.000000E+00  0.000000E+00  6.470996E-02  2.269423E-05
393  2.88444427E+01 -1.000000E+00  0.000000E+00  7.009940E-02  1.206857E-05
394  2.96147242E+01 -1.000000E+00  0.000000E+00  7.339500E-02  1.219521E-06
395  3.04008465E+01 -1.000000E+00  0.000000E+00  7.443386E-02 -9.517510E-06
396  3.12030048E+01 -1.000000E+00  0.000000E+00  7.312184E-02 -1.981048E-05
397  3.20213943E+01 -1.000000E+00  0.000000E+00  6.943944E-02 -2.934167E-05
398  3.28562098E+01 -1.000000E+00  0.000000E+00  6.344530E-02 -3.781822E-05
399  3.37076456E+01 -1.000000E+00  0.000000E+00  5.527693E-02 -4.498204E-05
400  3.45758959E+01 -1.000000E+00  0.000000E+00  4.514870E-02 -5.061848E-05
401  3.54611545E+01 -1.000000E+00  0.000000E+00  3.334698E-02 -5.456366E-05
402  3.63636147E+01 -1.000000E+00  0.000000E+00  2.022239E-02 -5.670999E-05
403  3.72834695E+01 -1.000000E+00  0.000000E+00  6.179569E-03 -5.700974E-05
404  3.82209111E+01 -1.000000E+00  0.000000E+00 -8.335477E-03 -5.547651E-05
405  3.91761315E+01 -1.000000E+00  0.000000E+00 -2.284985E-02 -5.218445E-05
406  4.01493222E+01 -1.000000E+00  0.000000E+00 -3.687968E-02 -4.726539E-05
407  4.11406739E+01 -1.000000E+00  0.000000E+00 -4.994688E-02 -4.090383E-05
408  4.21503769E+01 -1.000000E+00  0.000000E+00 -6.159605E-02 -3.333007E-05
409  4.31786208E+01 -1.000000E+00  0.000000E+00 -7.141106E-02 -2.481171E-05
410  4.42255948E+01 -1.000000E+00  0.000000E+00 -7.903041E-02 -1.564388E-05
411  4.52914870E+01 -1.000000E+00  0.000000E+00 -8.416094E-02 -6.138548E-06
412  4.63764852E+01 -1.000000E+00  0.000000E+00 -8.658926E-02  3.386639E-06
413  4.74807765E+01 -1.000000E+00  0.000000E+00 -8.619043E-02  1.261959E-05
414  4.86045469E+01 -1.000000E+00  0.000000E+00 -8.293342E-02  2.126461E-05
415  4.97479821E+01 -1.000000E+00  0.000000E+00 -7.688331E-02  2.905239E-05
416  5.09112668E+01 -1.000000E+00  0.000000E+00 -6.819984E-02  3.574891E-05
417  5.20945849E+01 -1.000000E+00  0.000000E+00 -5.713261E-02  4.116274E-05
418  5.32981197E+01 -1.000000E+00  0.000000E+00 -4.401290E-02  4.515064E-05
419  5.45220534E+01 -1.000000E+00  0.000000E+00 -2.924250E-02  4.762121E-05
420  5.57665675E+01 -1.000000E+00  0.000000E+00 -1.328000E-02  4.853649E-05
421  5.70318428E+01 -1.000000E+00  0.000000E+00  3.374976E-03  4.791155E-05
422  5.83180590E+01 -1.000000E+00  0.000000E+00  2.019888E-02  4.581214E-05
423  5.96253950E+01 -1.000000E+00  0.000000E+00  3.666216E-02  4.235044E-05
424  6.09540289E+01 -1.000000E+00  0.000000E+00  5.224715E-02  3.767942E-05
425  6.23041376E+01 -1.000000E+00  0.000000E+00  6.646532E-02  3.198573E-05
426  6.36758975E+01 -1.000000E+00  0.000000E+00  7.887324E-02  2.548177E-05
427  6.50694837E+01 -1.000000E+00  0.000000E+00  8.908662E-02  1.839714E-05
428  6.64850706E+01 -1.000000E+00  0.000000E+00  9.679193E-02  1.096979E-05
429  6.79228314E+01 -1.000000E+00  0.000000E+00  1.017553E-01  3.437396E-06
430  6.93829386E+01 -1.000000E+00  0.000000E+00  1.038284E-01 -3.970854E-06
431  7.08655635E+01 -1.000000E+00  0.000000E+00  1.029509E-01 -1.104169E-05
432  7.23708765E+01 -1.000000E+00  0.000000E+00  9.915023E-02 -1.758416E-05
433  7.38990472E+01 -1.000000E+00  0.000000E+00  9.253781E-02 -2.343488E-05
434  7.54502437E+01 -1.000000E+00  0.000000E+00  8.330282E-02 -2.846183E-05
435  7.70246337E+01 -1.000000E+00  0.000000E+00  7.170339E-02 -3.256687E-05
436  7.86223834E+01 -1.000000E+00  0.000000E+00  5.805589E-02 -3.568677E-05
437  8.02436582E+01 -1.000000E+00  0.000000E+00  4.272263E-02 -3.779289E-05
438  8.18886225E+01 -1.000000E+00  0.000000E+00  2.609866E-02 -3.888966E-05
439  8.35574396E+01 -1.000000E+00  0.000000E+00  8.598150E-03 -3.901190E-05
440  8.52502716E+01 -1.000000E+00  0.000000E+00 -9.359149E-03 -3.822136E-05
441  8.69672799E+01 -1.000000E+00  0.000000E+00 -2.736083E-02 -3.660244E-05
442  8.87086246E+01 -1.000000E+00  0.000000E+00 -4.501370E-02 -3.425753E-05
443  9.04744649E+01 -1.000000E+00  0.000000E+00 -6.195429E-02 -3.130209E-05
444  9.22649587E+01 -1.000000E+00  0.000000E+00 -7.785761E-02 -2.785970E-05
445  9.40802632E+01 -1.000000E+00  0.000000E+00 -9.244408E-02 -2.405727E-05
446  9.59205342E+01 -1.000000E+00  0.000000E+00 -1.054844E-01 -2.002061E-05
447  9.77859267E+01 -1.000000E+00  0.000000E+00 -1.168025E-01 -1.587047E-05
448  9.96765946E+01 -1.000000E+00  0.000000E+00 -1.262764E-01 -1.171914E-05
449  1.01592691E+02 -1.000000E+00  0.000000E+00 -1.338374E-01 -7.667730E-06
450  1.03534366E+02 -1.000000E+00  0.000000E+00 -1.394674E-01 -3.804158E-06
451  1.05501773E+02 -1.000000E+00  0.000000E+00 -1.431953E-01 -2.017679E-07
452  1.07495059E+02 -1.000000E+00  0.000000E+00 -1.450916E-01  3.081345E-06
453  1.09514374E+02 -1.000000E+00  0.000000E+00 -1.452630E-01  6.002399E-06
454  1.11559865E+02 -1.000000E+00  0.000000E+00 -1.438455E-01  8.533448E-06
455  1.13631678E+02 -1.000000E+00  0.000000E+00 -1.409982E-01  1.066046E-05
456  1.15729960E+02 -1.000000E+00  0.000000E+00 -1.368961E-01  1.238202E-05
457  1.17854853E+02 -1.000000E+00  0.000000E+00 -1.317245E-01  1.370776E-05
458  1.20006502E+02 -1.000000E+00  0.000000E+00 -1.256722E-01  1.465664E-05
459  1.22185048E+02 -1.000000E+00  0.000000E+00 -1.189264E-01  1.525508E-05
460  1.24390633E+02 -1.000000E+00  0.000000E+00 -1.116681E-01  1.553520E-05
461  1.26623397E+02 -1.000000E+00  0.000000E+00 -1.040682E-01  1.553298E-05
462  1.28883479E+02 -1.000000E+00  0.000000E+00 -9.628396E-02  1.528669E-05
463  1.31171017E+02 -1.000000E+00  0.000000E+00 -8.845714E-02  1.483536E-05
464  1.33486147E+02 -1.000000E+00  0.000000E+00 -8.071224E-02  1.421754E-05
465  1.35829007E+02 -1.000000E+00  0.000000E+00 -7.315574E-02  1.347021E-05
466  1.38199730E+02 -1.000000E+00  0.000000E+00 -6.587587E-02  1.262794E-05
467  1.40598450E+02 -1.000000E+00  0.000000E+00 -5.894310E-02  1.172226E-05
468  1.43025301E+02 -1.000000E+00  0.000000E+00 -5.241090E-02  1.078124E-05
469  1.45480414E+02 -1.000000E+00  0.000000E+00 -4.631698E-02  9.829231E-06
470  1.47963921E+02 -1.000000E+00  0.000000E+00 -4.068481E-02  8.886793E-06
471  1.50475950E+02 -1.000000E+00  0.000000E+00 -3.552524E-02  7.970765E-06
472  1.53016630E+02 -1.000000E+00  0.000000E+00 -3.083829E-02  7.094429E-06
473  1.55586091E+02 -1.000000E+00  0.000000E+00 -2.661487E-02  6.267761E-06
474  1.58184457E+02 -1.000000E+00  0.000000E+00 -2.283856E-02  5.497758E-06
475  1.60811856E+02 -1.000000E+00  0.000000E+00 -1.948726E-02  4.788782E-06
476  1.63468412E+02 -1.000000E+00  0.000000E+00 -1.653465E-02  4.142940E-06
477  1.66154248E+02 -1.000000E+00  0.000000E+00 -1.395161E-02  3.560454E-06
478  1.68869488E+02 -1.000000E+00  0.000000E+00 -1.170736E-02  3.040023E-06
479  1.71614254E+02 -1.000000E+00  0.000000E+00 -9.770550E-03  2.579159E-06
480  1.74388666E+02 -1.000000E+00  0.000000E+00 -8.110011E-03  2.174495E-06
481  1.77192845E+02 -1.000000E+00  0.000000E+00 -6.695495E-03  1.822059E-06
482  1.80026910E+02 -1.000000E+00  0.000000E+00 -5.498165E-03  1.517507E-06
483  1.82890978E+02 -1.000000E+00  0.000000E+00 -4.490973E-03  1.256317E-06
484  1.85785167E+02 -1.000000E+00  0.000000E+00 -3.648913E-03  1.033954E-06
485  1.88709593E+02 -1.000000E+00  0.000000E+00 -2.949163E-03  8.459940E-07
486  1.91664371E+02 -1.000000E+00  0.000000E+00 -2.371139E-03  6.882159E-07
487  1.94649616E+02 -1.000000E+00  0.000000E+00 -1.896482E-03  5.566713E-07
488  1.97665441E+02 -1.000000E+00  0.000000E+00 -1.508977E-03  4.477265E-07
489  2.00711959E+02 -1.000000E+00  0.000000E+00 -1.194450E-03  3.580863E-07
490  2.03789281E+02 -1.000000E+00  0.000000E+00 -9.406162E-04  2.848021E-07
491  2.06897519E+02 -1.000000E+00  0.000000E+00 -7.369253E-04  2.252667E-07
492  2.10036781E+02 -1.000000E+00  0.000000E+00 -5.743914E-04  1.772009E-07
493  2.13207178E+02 -1.000000E+00  0.000000E+00 -4.454224E-04  1.386326E-07
494  2.16408816E+02 -1.000000E+00  0.000000E+00 -3.436543E-04  1.078720E-07
495  2.19641804E+02 -1.000000E+00  0.000000E+00 -2.637926E-04  8.348529E-08
496  2.22906247E+02 -1.000000E+00  0.000000E+00 -2.014648E-04  6.426589E-08
497  2.26202251E+02 -1.000000E+00  0.000000E+00 -1.530864E-04  4.920754E-08
498  2.29529921E+02 -1.000000E+00  0.000000E+00 -1.157387E-04  3.747777E-08
499  2.32889361E+02 -1.000000E+00  0.000000E+00 -8.706216E-05  2.839334E-08
500  2.36280674E+02 -1.000000E+00  0.000000E+00 -6.516172E-05  2.139777E-08
501  2.39703961E+02 -1.000000E+00  0.000000E+00 -4.852563E-05  1.604124E-08
502  2.43159324E+02 -1.000000E+00  0.000000E+00 -3.595576E-05  1.196280E-08
503  2.46646863E+02 -1.000000E+00  0.000000E+00 -2.650861E-05  8.874830E-09
504  2.50166679E+02 -1.000000E+00  0.000000E+00 -1.944596E-05  6.549769E-09
505  2.53718869E+02 -1.000000E+00  0.000000E+00 -1.419377E-05  4.808801E-09
506  2.57303533E+02 -1.000000E+00  0.000000E+00 -1.030848E-05  3.512353E-09
507  2.60920767E+02 -1.000000E+00  0.000000E+00 -7.449397E-06  2.552203E-09
508  2.64570668E+02 -1.000000E+00  0.000000E+00 -5.356480E-06  1.844985E-09
509  2.68253332E+02 -1.000000E+00  0.000000E+00 -3.832401E-06  1.326891E-09
510  2.71968853E+02 -1.000000E+00  0.000000E+00 -2.728329E-06  9.493950E-10
511  2.75717326E+02 -1.000000E+00  0.000000E+00 -1.932673E-06  6.758206E-10
512  2.79498844E+02 -1.000000E+00  0.000000E+00 -1.362249E-06  4.786216E-10
513  2.83313500E+02 -1.000000E+00  0.000000E+00 -9.554149E-07  3.372351E-10
514  2.87161385E+02 -1.000000E+00  0.000000E+00 -6.667542E-07  2.364045E-10
515  2.91042592E+02 -1.000000E+00  0.000000E+00 -4.629971E-07  1.648785E-10
516  2.94957209E+02 -1.000000E+00  0.000000E+00 -3.199116E-07  1.144089E-10
517  2.98905328E+02 -1.000000E+00  0.000000E+00 -2.199487E-07  7.898524E-11
518  3.02887036E+02 -1.000000E+00  0.000000E+00 -1.504709E-07  5.425303E-11
519  3.06902423E+02 -1.000000E+00  0.000000E+00 -1.024292E-07  3.707626E-11
520  3.10951575E+02 -1.000000E+00  0.000000E+00 -6.938015E-08  2.520946E-11
521  3.15034581E+02 -1.000000E+00  0.000000E+00 -4.676130E-08  1.705408E-11
522  3.19151524E+02 -1.000000E+00  0.000000E+00 -3.136013E-08  1.147867E-11
523  3.23302493E+02 -1.000000E+00  0.000000E+00 -2.092709E-08  7.686959E-12
524  3.27487570E+02 -1.000000E+00  0.000000E+00 -1.389566E-08  5.121749E-12
525  3.31706840E+02 -1.000000E+00  0.000000E+00 -9.180974E-09  3.395343E-12
526  3.35960387E+02 -1.000000E+00  0.000000E+00 -6.035829E-09  2.239503E-12
527  3.40248293E+02 -1.000000E+00  0.000000E+00 -3.948419E-09  1.469680E-12
528  3.44570640E+02 -1.000000E+00  0.000000E+00 -2.570083E-09  9.596160E-13
529  3.48927510E+02 -1.000000E+00  0.000000E+00 -1.664593E-09  6.234139E-13
530  3.53318984E+02 -1.000000E+00  0.000000E+00 -1.072767E-09  4.029582E-13
531  3.57745142E+02 -1.000000E+00  0.000000E+00 -6.879203E-10  2.591482E-13
532  3.62206063E+02 -1.000000E+00  0.000000E+00 -4.389406E-10  1.658217E-13
533  3.66701826E+02 -1.000000E+00  0.000000E+00 -2.786811E-10  1.055698E-13
534  3.71232509E+02 -1.000000E+00  0.000000E+00 -1.760526E-10  6.711313E-14
535  3.75798190E+02 -1.000000E+00  0.000000E+00 -1.106648E-10  4.158742E-14
