#      n = 10
#  kappa = -1
# energy = -1.64813978E+01
#     vc = -1.16353525E+07


0    9.09090909E-08 -2.325927E-02  0.000000E+00 -0.000000E+00  1.098240E+00
1    9.53405381E-08 -2.439306E-02  0.000000E+00  1.092828E-05  1.098240E+00
2    9.99879878E-08 -2.558212E-02  0.000000E+00  2.238924E-05  1.047193E+00
3    1.04861968E-07 -2.682914E-02  0.000000E+00  3.440884E-05  9.985195E-01
4    1.09973519E-07 -2.813693E-02  0.000000E+00  4.701430E-05  9.521085E-01
5    1.15334219E-07 -2.950848E-02  0.000000E+00  6.023419E-05  9.078548E-01
6    1.20956213E-07 -3.094687E-02  0.000000E+00  7.409844E-05  8.656581E-01
7    1.26852234E-07 -3.245537E-02  0.000000E+00  8.863846E-05  8.254227E-01
8    1.33035639E-07 -3.403741E-02  0.000000E+00  1.038872E-04  7.870577E-01
9    1.39520432E-07 -3.569655E-02  0.000000E+00  1.198792E-04  7.504759E-01
10   1.46321303E-07 -3.743656E-02  0.000000E+00  1.366506E-04  7.155945E-01
11   1.53453657E-07 -3.926137E-02  0.000000E+00  1.542395E-04  6.823344E-01
12   1.60933648E-07 -4.117513E-02  0.000000E+00  1.726857E-04  6.506204E-01
13   1.68778219E-07 -4.318217E-02  0.000000E+00  1.920310E-04  6.203805E-01
14   1.77005137E-07 -4.528703E-02  0.000000E+00  2.123192E-04  5.915462E-01
15   1.85633036E-07 -4.749448E-02  0.000000E+00  2.335962E-04  5.640521E-01
16   1.94681458E-07 -4.980952E-02  0.000000E+00  2.559103E-04  5.378360E-01
17   2.04170897E-07 -5.223739E-02  0.000000E+00  2.793119E-04  5.128385E-01
18   2.14122844E-07 -5.478359E-02  0.000000E+00  3.038541E-04  4.890029E-01
19   2.24559839E-07 -5.745388E-02  0.000000E+00  3.295925E-04  4.662752E-01
20   2.35505520E-07 -6.025433E-02  0.000000E+00  3.565853E-04  4.446040E-01
21   2.46984676E-07 -6.319125E-02  0.000000E+00  3.848937E-04  4.239400E-01
22   2.59023305E-07 -6.627131E-02  0.000000E+00  4.145818E-04  4.042365E-01
23   2.71648669E-07 -6.950148E-02  0.000000E+00  4.457168E-04  3.854489E-01
24   2.84889362E-07 -7.288908E-02  0.000000E+00  4.783693E-04  3.675345E-01
25   2.98775369E-07 -7.644177E-02  0.000000E+00  5.126131E-04  3.504528E-01
26   3.13338134E-07 -8.016760E-02  0.000000E+00  5.485259E-04  3.341651E-01
27   3.28610637E-07 -8.407501E-02  0.000000E+00  5.861889E-04  3.186344E-01
28   3.44627462E-07 -8.817284E-02  0.000000E+00  6.256875E-04  3.038256E-01
29   3.61424879E-07 -9.247036E-02  0.000000E+00  6.671110E-04  2.897051E-01
30   3.79040923E-07 -9.697732E-02  0.000000E+00  7.105533E-04  2.762409E-01
31   3.97515484E-07 -1.017039E-01  0.000000E+00  7.561128E-04  2.634026E-01
32   4.16890395E-07 -1.066608E-01  0.000000E+00  8.038926E-04  2.511610E-01
33   4.37209525E-07 -1.118593E-01  0.000000E+00  8.540008E-04  2.394883E-01
34   4.58518883E-07 -1.173111E-01  0.000000E+00  9.065511E-04  2.283582E-01
35   4.80866716E-07 -1.230285E-01  0.000000E+00  9.616622E-04  2.177454E-01
36   5.04303624E-07 -1.290245E-01  0.000000E+00  1.019459E-03  2.076259E-01
37   5.28882670E-07 -1.353127E-01  0.000000E+00  1.080072E-03  1.979768E-01
38   5.54659501E-07 -1.419073E-01  0.000000E+00  1.143640E-03  1.887761E-01
39   5.81692476E-07 -1.488232E-01  0.000000E+00  1.210305E-03  1.800030E-01
40   6.10042797E-07 -1.560761E-01  0.000000E+00  1.280218E-03  1.716377E-01
41   6.39774644E-07 -1.636823E-01  0.000000E+00  1.353539E-03  1.636612E-01
42   6.70955325E-07 -1.716592E-01  0.000000E+00  1.430432E-03  1.560555E-01
43   7.03655427E-07 -1.800246E-01  0.000000E+00  1.511072E-03  1.488032E-01
44   7.37948973E-07 -1.887976E-01  0.000000E+00  1.595642E-03  1.418880E-01
45   7.73913591E-07 -1.979979E-01  0.000000E+00  1.684332E-03  1.352942E-01
46   8.11630691E-07 -2.076465E-01  0.000000E+00  1.777345E-03  1.290068E-01
47   8.51185645E-07 -2.177650E-01  0.000000E+00  1.874889E-03  1.230117E-01
48   8.92667985E-07 -2.283764E-01  0.000000E+00  1.977187E-03  1.172952E-01
49   9.36171603E-07 -2.395047E-01  0.000000E+00  2.084468E-03  1.118443E-01
50   9.81794959E-07 -2.511749E-01  0.000000E+00  2.196978E-03  1.066468E-01
51   1.02964131E-06 -2.634136E-01  0.000000E+00  2.314969E-03  1.016908E-01
52   1.07981895E-06 -2.762482E-01  0.000000E+00  2.438709E-03  9.696519E-02
53   1.13244142E-06 -2.897078E-01  0.000000E+00  2.568478E-03  9.245914E-02
54   1.18762783E-06 -3.038228E-01  0.000000E+00  2.704569E-03  8.816250E-02
55   1.24550304E-06 -3.186250E-01  0.000000E+00  2.847292E-03  8.406552E-02
56   1.30619803E-06 -3.341479E-01  0.000000E+00  2.996967E-03  8.015892E-02
57   1.36985013E-06 -3.504264E-01  0.000000E+00  3.153935E-03  7.643385E-02
58   1.43660338E-06 -3.674973E-01  0.000000E+00  3.318550E-03  7.288187E-02
59   1.50660881E-06 -3.853990E-01  0.000000E+00  3.491185E-03  6.949493E-02
60   1.58002481E-06 -4.041719E-01  0.000000E+00  3.672231E-03  6.626535E-02
61   1.65701749E-06 -4.238582E-01  0.000000E+00  3.862096E-03  6.318582E-02
62   1.73776102E-06 -4.445023E-01  0.000000E+00  4.061210E-03  6.024936E-02
63   1.82243808E-06 -4.661506E-01  0.000000E+00  4.270025E-03  5.744930E-02
64   1.91124022E-06 -4.888518E-01  0.000000E+00  4.489011E-03  5.477931E-02
65   2.00436831E-06 -5.126568E-01  0.000000E+00  4.718665E-03  5.223333E-02
66   2.10203302E-06 -5.376192E-01  0.000000E+00  4.959505E-03  4.980560E-02
67   2.20445525E-06 -5.637949E-01  0.000000E+00  5.212078E-03  4.749060E-02
68   2.31186665E-06 -5.912427E-01  0.000000E+00  5.476952E-03  4.528308E-02
69   2.42451016E-06 -6.200239E-01  0.000000E+00  5.754729E-03  4.317805E-02
70   2.54264053E-06 -6.502030E-01  0.000000E+00  6.046035E-03  4.117073E-02
71   2.66652490E-06 -6.818473E-01  0.000000E+00  6.351529E-03  3.925657E-02
72   2.79644342E-06 -7.150276E-01  0.000000E+00  6.671903E-03  3.743122E-02
73   2.93268986E-06 -7.498178E-01  0.000000E+00  7.007880E-03  3.569054E-02
74   3.07557229E-06 -7.862952E-01  0.000000E+00  7.360220E-03  3.403057E-02
75   3.22541377E-06 -8.245410E-01  0.000000E+00  7.729719E-03  3.244756E-02
76   3.38255307E-06 -8.646398E-01  0.000000E+00  8.117212E-03  3.093791E-02
77   3.54734543E-06 -9.066806E-01  0.000000E+00  8.523576E-03  2.949817E-02
78   3.72016339E-06 -9.507560E-01  0.000000E+00  8.949728E-03  2.812509E-02
79   3.90139758E-06 -9.969633E-01  0.000000E+00  9.396632E-03  2.681554E-02
80   4.09145768E-06 -1.045404E+00  0.000000E+00  9.865296E-03  2.556654E-02
81   4.29077323E-06 -1.096184E+00  0.000000E+00  1.035678E-02  2.437524E-02
82   4.49979470E-06 -1.149414E+00  0.000000E+00  1.087220E-02  2.323893E-02
83   4.71899447E-06 -1.205210E+00  0.000000E+00  1.141271E-02  2.215501E-02
84   4.94886785E-06 -1.263693E+00  0.000000E+00  1.197953E-02  2.112101E-02
85   5.18993427E-06 -1.324989E+00  0.000000E+00  1.257395E-02  2.013457E-02
86   5.44273841E-06 -1.389230E+00  0.000000E+00  1.319731E-02  1.919342E-02
87   5.70785140E-06 -1.456553E+00  0.000000E+00  1.385102E-02  1.829541E-02
88   5.98587217E-06 -1.527100E+00  0.000000E+00  1.453654E-02  1.743847E-02
89   6.27742874E-06 -1.601021E+00  0.000000E+00  1.525543E-02  1.662063E-02
90   6.58317967E-06 -1.678470E+00  0.000000E+00  1.600932E-02  1.584000E-02
91   6.90381551E-06 -1.759608E+00  0.000000E+00  1.679989E-02  1.509477E-02
92   7.24006038E-06 -1.844603E+00  0.000000E+00  1.762894E-02  1.438321E-02
93   7.59267360E-06 -1.933626E+00  0.000000E+00  1.849834E-02  1.370365E-02
94   7.96245135E-06 -2.026858E+00  0.000000E+00  1.941004E-02  1.305452E-02
95   8.35022853E-06 -2.124485E+00  0.000000E+00  2.036611E-02  1.243428E-02
96   8.75688059E-06 -2.226697E+00  0.000000E+00  2.136869E-02  1.184146E-02
97   9.18332550E-06 -2.333693E+00  0.000000E+00  2.242006E-02  1.127465E-02
98   9.63052583E-06 -2.445675E+00  0.000000E+00  2.352256E-02  1.073248E-02
99   1.00994909E-05 -2.562852E+00  0.000000E+00  2.467871E-02  1.021366E-02
100  1.05912790E-05 -2.685439E+00  0.000000E+00  2.589108E-02  9.716909E-03
101  1.11070000E-05 -2.813652E+00  0.000000E+00  2.716242E-02  9.241004E-03
102  1.16478173E-05 -2.947714E+00  0.000000E+00  2.849559E-02  8.784758E-03
103  1.22149512E-05 -3.087849E+00  0.000000E+00  2.989359E-02  8.347018E-03
104  1.28096809E-05 -3.234283E+00  0.000000E+00  3.135956E-02  7.926663E-03
105  1.34333480E-05 -3.387242E+00  0.000000E+00  3.289680E-02  7.522597E-03
106  1.40873590E-05 -3.546953E+00  0.000000E+00  3.450877E-02  7.133750E-03
107  1.47731886E-05 -3.713637E+00  0.000000E+00  3.619909E-02  6.759072E-03
108  1.54923833E-05 -3.887511E+00  0.000000E+00  3.797155E-02  6.397530E-03
109  1.62465646E-05 -4.068783E+00  0.000000E+00  3.983015E-02  6.048104E-03
110  1.70374324E-05 -4.257651E+00  0.000000E+00  4.177904E-02  5.709784E-03
111  1.78667694E-05 -4.454297E+00  0.000000E+00  4.382260E-02  5.381569E-03
112  1.87364446E-05 -4.658882E+00  0.000000E+00  4.596541E-02  5.062459E-03
113  1.96484177E-05 -4.871543E+00  0.000000E+00  4.821228E-02  4.751454E-03
114  2.06047433E-05 -5.092385E+00  0.000000E+00  5.056823E-02  4.447554E-03
115  2.16075758E-05 -5.321475E+00  0.000000E+00  5.303854E-02  4.149748E-03
116  2.26591739E-05 -5.558831E+00  0.000000E+00  5.562873E-02  3.857019E-03
117  2.37619059E-05 -5.804415E+00  0.000000E+00  5.834460E-02  3.568335E-03
118  2.49182549E-05 -6.058118E+00  0.000000E+00  6.119221E-02  3.282652E-03
119  2.61308242E-05 -6.319749E+00  0.000000E+00  6.417791E-02  2.998906E-03
120  2.74023433E-05 -6.589018E+00  0.000000E+00  6.730835E-02  2.716018E-03
121  2.87356740E-05 -6.865517E+00  0.000000E+00  7.059053E-02  2.432886E-03
122  3.01338166E-05 -7.148701E+00  0.000000E+00  7.403173E-02  2.148392E-03
123  3.15999168E-05 -7.437859E+00  0.000000E+00  7.763961E-02  1.861398E-03
124  3.31372727E-05 -7.732089E+00  0.000000E+00  8.142219E-02  1.570750E-03
125  3.47493418E-05 -8.030259E+00  0.000000E+00  8.538786E-02  1.275287E-03
126  3.64397493E-05 -8.330977E+00  0.000000E+00  8.954541E-02  9.738418E-04
127  3.82122956E-05 -8.632536E+00  0.000000E+00  9.390407E-02  6.652548E-04
128  4.00709652E-05 -8.932870E+00  0.000000E+00  9.847347E-02  3.483881E-04
129  4.20199353E-05 -9.229488E+00  0.000000E+00  1.032637E-01  2.214441E-05
130  4.40635851E-05 -9.519408E+00  0.000000E+00  1.082854E-01 -3.145079E-04
131  4.62065058E-05 -9.799073E+00  0.000000E+00  1.135496E-01 -6.625013E-04
132  4.84535102E-05 -1.006426E+01  0.000000E+00  1.190680E-01 -1.022626E-03
133  5.08096444E-05 -1.030998E+01  0.000000E+00  1.248527E-01 -1.393737E-03
134  5.32801977E-05 -1.053033E+01  0.000000E+00  1.309166E-01 -1.796700E-03
135  5.58707157E-05 -1.071837E+01  0.000000E+00  1.372728E-01 -2.377211E-03
136  5.85870114E-05 -1.086596E+01  0.000000E+00  1.439360E-01 -8.979383E-04
137  6.14351789E-05 -1.096355E+01  0.000000E+00  1.509314E-01 -2.980745E-03
138  6.44216066E-05 -1.099998E+01  0.000000E+00  1.582402E-01 -7.480658E-03
139  6.75529912E-05 -1.100000E+01  0.000000E+00  1.658986E-01 -3.252667E-03
140  7.08363527E-05 -1.100000E+01  0.000000E+00  1.739608E-01 -1.885125E-03
141  7.42790501E-05 -1.100000E+01  0.000000E+00  1.823930E-01 -5.167483E-03
142  7.78887973E-05 -1.100000E+01  0.000000E+00  1.912317E-01 -5.321900E-03
143  8.16736803E-05 -1.100000E+01  0.000000E+00  2.004969E-01 -5.779468E-03
144  8.56421751E-05 -1.100000E+01  0.000000E+00  2.102087E-01 -6.278352E-03
145  8.98031663E-05 -1.100000E+01  0.000000E+00  2.203888E-01 -6.788066E-03
146  9.41659669E-05 -1.100000E+01  0.000000E+00  2.310595E-01 -7.312892E-03
147  9.87403385E-05 -1.100000E+01  0.000000E+00  2.422446E-01 -7.853996E-03
148  1.03536513E-04 -1.100000E+01  0.000000E+00  2.539687E-01 -8.412580E-03
149  1.08565215E-04 -1.100000E+01  0.000000E+00  2.662576E-01 -8.989882E-03
150  1.13837686E-04 -1.100000E+01  0.000000E+00  2.791384E-01 -9.587180E-03
151  1.19365707E-04 -1.100000E+01  0.000000E+00  2.926397E-01 -1.020580E-02
152  1.25161628E-04 -1.100000E+01  0.000000E+00  3.067909E-01 -1.084711E-02
153  1.31238391E-04 -1.100000E+01  0.000000E+00  3.216234E-01 -1.151252E-02
154  1.37609563E-04 -1.100000E+01  0.000000E+00  3.371698E-01 -1.220351E-02
155  1.44289360E-04 -1.100000E+01  0.000000E+00  3.534641E-01 -1.292160E-02
156  1.51292683E-04 -1.100000E+01  0.000000E+00  3.705421E-01 -1.366838E-02
157  1.58635149E-04 -1.100000E+01  0.000000E+00  3.884414E-01 -1.444549E-02
158  1.66333123E-04 -1.100000E+01  0.000000E+00  4.072012E-01 -1.525465E-02
159  1.74403759E-04 -1.100000E+01  0.000000E+00  4.268624E-01 -1.609764E-02
160  1.82865030E-04 -1.100000E+01  0.000000E+00  4.474682E-01 -1.697630E-02
161  1.91735775E-04 -1.100000E+01  0.000000E+00  4.690635E-01 -1.789257E-02
162  2.01035734E-04 -1.100000E+01  0.000000E+00  4.916956E-01 -1.884847E-02
163  2.10785593E-04 -1.100000E+01  0.000000E+00  5.154137E-01 -1.984608E-02
164  2.21007030E-04 -1.100000E+01  0.000000E+00  5.402695E-01 -2.088760E-02
165  2.31722760E-04 -1.100000E+01  0.000000E+00  5.663172E-01 -2.197531E-02
166  2.42956588E-04 -1.100000E+01  0.000000E+00  5.936133E-01 -2.311157E-02
167  2.54733456E-04 -1.100000E+01  0.000000E+00  6.222171E-01 -2.429888E-02
168  2.67079498E-04 -1.100000E+01  0.000000E+00  6.521905E-01 -2.553983E-02
169  2.80022099E-04 -1.100000E+01  0.000000E+00  6.835986E-01 -2.683712E-02
170  2.93589951E-04 -1.100000E+01  0.000000E+00  7.165091E-01 -2.819357E-02
171  3.07813120E-04 -1.100000E+01  0.000000E+00  7.509932E-01 -2.961214E-02
172  3.22723102E-04 -1.100000E+01  0.000000E+00  7.871252E-01 -3.109590E-02
173  3.38352899E-04 -1.100000E+01  0.000000E+00  8.249829E-01 -3.264809E-02
174  3.54737087E-04 -1.100000E+01  0.000000E+00  8.646475E-01 -3.427204E-02
175  3.71911889E-04 -1.100000E+01  0.000000E+00  9.062043E-01 -3.597129E-02
176  3.89915252E-04 -1.100000E+01  0.000000E+00  9.497421E-01 -3.774951E-02
177  4.08786933E-04 -1.100000E+01  0.000000E+00  9.953541E-01 -3.961052E-02
178  4.28568579E-04 -1.100000E+01  0.000000E+00  1.043138E+00 -4.155834E-02
179  4.49303817E-04 -1.100000E+01  0.000000E+00  1.093194E+00 -4.359716E-02
180  4.71038349E-04 -1.100000E+01  0.000000E+00  1.145630E+00 -4.573135E-02
181  4.93820046E-04 -1.100000E+01  0.000000E+00  1.200558E+00 -4.796550E-02
182  5.17699052E-04 -1.100000E+01  0.000000E+00  1.258091E+00 -5.030437E-02
183  5.42727892E-04 -1.100000E+01  0.000000E+00  1.318354E+00 -5.275298E-02
184  5.68961579E-04 -1.100000E+01  0.000000E+00  1.381472E+00 -5.531653E-02
185  5.96457731E-04 -1.100000E+01  0.000000E+00  1.447577E+00 -5.800049E-02
186  6.25276697E-04 -1.100000E+01  0.000000E+00  1.516809E+00 -6.081055E-02
187  6.55481679E-04 -1.100000E+01  0.000000E+00  1.589312E+00 -6.375267E-02
188  6.87138868E-04 -1.100000E+01  0.000000E+00  1.665236E+00 -6.683307E-02
189  7.20317583E-04 -1.100000E+01  0.000000E+00  1.744740E+00 -7.005825E-02
190  7.55090412E-04 -1.100000E+01  0.000000E+00  1.827989E+00 -7.343500E-02
191  7.91533370E-04 -1.100000E+01  0.000000E+00  1.915153E+00 -7.697041E-02
192  8.29726056E-04 -1.100000E+01  0.000000E+00  2.006412E+00 -8.067189E-02
193  8.69751814E-04 -1.100000E+01  0.000000E+00  2.101954E+00 -8.454716E-02
194  9.11697912E-04 -1.100000E+01  0.000000E+00  2.201972E+00 -8.860429E-02
195  9.55655723E-04 -1.100000E+01  0.000000E+00  2.306671E+00 -9.285172E-02
196  1.00172091E-03 -1.100000E+01  0.000000E+00  2.416263E+00 -9.729825E-02
197  1.04999362E-03 -1.100000E+01  0.000000E+00  2.530968E+00 -1.019530E-01
198  1.10057872E-03 -1.100000E+01  0.000000E+00  2.651016E+00 -1.068257E-01
199  1.15358595E-03 -1.100000E+01  0.000000E+00  2.776648E+00 -1.119262E-01
200  1.20913023E-03 -1.100000E+01  0.000000E+00  2.908114E+00 -1.172649E-01
201  1.26733183E-03 -1.100000E+01  0.000000E+00  3.045672E+00 -1.228528E-01
202  1.32831663E-03 -1.100000E+01  0.000000E+00  3.189594E+00 -1.287011E-01
203  1.39221640E-03 -1.100000E+01  0.000000E+00  3.340162E+00 -1.348217E-01
204  1.45916906E-03 -1.100000E+01  0.000000E+00  3.497668E+00 -1.412269E-01
205  1.52931893E-03 -1.100000E+01  0.000000E+00  3.662417E+00 -1.479295E-01
206  1.60281706E-03 -1.100000E+01  0.000000E+00  3.834724E+00 -1.549429E-01
207  1.67982151E-03 -1.100000E+01  0.000000E+00  4.014919E+00 -1.622810E-01
208  1.76049769E-03 -1.100000E+01  0.000000E+00  4.203343E+00 -1.699582E-01
209  1.84501866E-03 -1.100000E+01  0.000000E+00  4.400349E+00 -1.779897E-01
210  1.93356552E-03 -1.100000E+01  0.000000E+00  4.606306E+00 -1.863912E-01
211  2.02632770E-03 -1.100000E+01  0.000000E+00  4.821594E+00 -1.951789E-01
212  2.12350343E-03 -1.100000E+01  0.000000E+00  5.046607E+00 -2.043698E-01
213  2.22530005E-03 -1.100000E+01  0.000000E+00  5.281754E+00 -2.139816E-01
214  2.33193447E-03 -1.100000E+01  0.000000E+00  5.527459E+00 -2.240325E-01
215  2.44363359E-03 -1.100000E+01  0.000000E+00  5.784158E+00 -2.345416E-01
216  2.56063469E-03 -1.100000E+01  0.000000E+00  6.052304E+00 -2.455286E-01
217  2.68318599E-03 -1.100000E+01  0.000000E+00  6.332364E+00 -2.570141E-01
218  2.81154706E-03 -1.100000E+01  0.000000E+00  6.624819E+00 -2.690192E-01
219  2.94598934E-03 -1.100000E+01  0.000000E+00  6.930168E+00 -2.815660E-01
220  3.08679667E-03 -1.100000E+01  0.000000E+00  7.248920E+00 -2.946774E-01
221  3.23426585E-03 -1.100000E+01  0.000000E+00  7.581604E+00 -3.083768E-01
222  3.38870718E-03 -1.100000E+01  0.000000E+00  7.928762E+00 -3.226889E-01
223  3.55044509E-03 -1.100000E+01  0.000000E+00  8.290949E+00 -3.376389E-01
224  3.71981871E-03 -1.100000E+01  0.000000E+00  8.668736E+00 -3.532529E-01
225  3.89718255E-03 -1.100000E+01  0.000000E+00  9.062708E+00 -3.695578E-01
226  4.08290716E-03 -1.100000E+01  0.000000E+00  9.473463E+00 -3.865817E-01
227  4.27737982E-03 -1.100000E+01  0.000000E+00  9.901613E+00 -4.043531E-01
228  4.48100528E-03 -1.100000E+01  0.000000E+00  1.034778E+01 -4.229016E-01
229  4.69420647E-03 -1.100000E+01  0.000000E+00  1.081260E+01 -4.422578E-01
230  4.91742535E-03 -1.100000E+01  0.000000E+00  1.129672E+01 -4.624529E-01
231  5.15112365E-03 -1.100000E+01  0.000000E+00  1.180079E+01 -4.835191E-01
232  5.39578380E-03 -1.100000E+01  0.000000E+00  1.232547E+01 -5.054893E-01
233  5.65190974E-03 -1.100000E+01  0.000000E+00  1.287143E+01 -5.283975E-01
234  5.92002787E-03 -1.100000E+01  0.000000E+00  1.343935E+01 -5.522781E-01
235  6.20068798E-03 -1.100000E+01  0.000000E+00  1.402990E+01 -5.771667E-01
236  6.49446426E-03 -1.100000E+01  0.000000E+00  1.464375E+01 -6.030993E-01
237  6.80195633E-03 -1.100000E+01  0.000000E+00  1.528157E+01 -6.301127E-01
238  7.12379027E-03 -1.100000E+01  0.000000E+00  1.594404E+01 -6.582444E-01
239  7.46061975E-03 -1.100000E+01  0.000000E+00  1.663181E+01 -6.875322E-01
240  7.81312720E-03 -1.100000E+01  0.000000E+00  1.734551E+01 -7.180148E-01
241  8.18202494E-03 -1.100000E+01  0.000000E+00  1.808579E+01 -7.497309E-01
242  8.56805648E-03 -1.100000E+01  0.000000E+00  1.885325E+01 -7.827199E-01
243  8.97199775E-03 -1.100000E+01  0.000000E+00  1.964847E+01 -8.170211E-01
244  9.39465848E-03 -1.100000E+01  0.000000E+00  2.047199E+01 -8.526740E-01
245  9.83688352E-03 -1.100000E+01  0.000000E+00  2.132434E+01 -8.897182E-01
246  1.02995543E-02 -1.100000E+01  0.000000E+00  2.220597E+01 -9.281929E-01
247  1.07835903E-02 -1.100000E+01  0.000000E+00  2.311731E+01 -9.681370E-01
248  1.12899506E-02 -1.100000E+01  0.000000E+00  2.405870E+01 -1.009589E+00
249  1.18196355E-02 -1.100000E+01  0.000000E+00  2.503045E+01 -1.052586E+00
250  1.23736880E-02 -1.100000E+01  0.000000E+00  2.603276E+01 -1.097165E+00
251  1.29531956E-02 -1.100000E+01  0.000000E+00  2.706576E+01 -1.143362E+00
252  1.35592922E-02 -1.100000E+01  0.000000E+00  2.812948E+01 -1.191209E+00
253  1.41931597E-02 -1.100000E+01  0.000000E+00  2.922383E+01 -1.240739E+00
254  1.48560300E-02 -1.100000E+01  0.000000E+00  3.034861E+01 -1.291983E+00
255  1.55491868E-02 -1.100000E+01  0.000000E+00  3.150349E+01 -1.344966E+00
256  1.62739677E-02 -1.100000E+01  0.000000E+00  3.268797E+01 -1.399714E+00
257  1.70317665E-02 -1.100000E+01  0.000000E+00  3.390141E+01 -1.456247E+00
258  1.78240349E-02 -1.100000E+01  0.000000E+00  3.514298E+01 -1.514583E+00
259  1.86522850E-02 -1.100000E+01  0.000000E+00  3.641162E+01 -1.574734E+00
260  1.95180914E-02 -1.100000E+01  0.000000E+00  3.770611E+01 -1.636708E+00
261  2.04230937E-02 -1.100000E+01  0.000000E+00  3.902496E+01 -1.700508E+00
262  2.13689990E-02 -1.100000E+01  0.000000E+00  4.036642E+01 -1.766131E+00
263  2.23575840E-02 -1.100000E+01  0.000000E+00  4.172848E+01 -1.833566E+00
264  2.33906980E-02 -1.100000E+01  0.000000E+00  4.310881E+01 -1.902795E+00
265  2.44702654E-02 -1.100000E+01  0.000000E+00  4.450478E+01 -1.973794E+00
266  2.55982883E-02 -1.100000E+01  0.000000E+00  4.591340E+01 -2.046526E+00
267  2.67768493E-02 -1.100000E+01  0.000000E+00  4.733131E+01 -2.120948E+00
268  2.80081147E-02 -1.100000E+01  0.000000E+00  4.875475E+01 -2.197004E+00
269  2.92943371E-02 -1.100000E+01  0.000000E+00  5.017956E+01 -2.274629E+00
270  3.06378585E-02 -1.100000E+01  0.000000E+00  5.160110E+01 -2.353741E+00
271  3.20411137E-02 -1.100000E+01  0.000000E+00  5.301427E+01 -2.434250E+00
272  3.35066331E-02 -1.100000E+01  0.000000E+00  5.441349E+01 -2.516047E+00
273  3.50370463E-02 -1.100000E+01  0.000000E+00  5.579264E+01 -2.599010E+00
274  3.66350854E-02 -1.100000E+01  0.000000E+00  5.714504E+01 -2.682999E+00
275  3.83035882E-02 -1.100000E+01  0.000000E+00  5.846347E+01 -2.767857E+00
276  4.00455022E-02 -1.100000E+01  0.000000E+00  5.974010E+01 -2.853407E+00
277  4.18638879E-02 -1.100000E+01  0.000000E+00  6.096649E+01 -2.939454E+00
278  4.37619225E-02 -1.100000E+01  0.000000E+00  6.213358E+01 -3.025779E+00
279  4.57429039E-02 -1.100000E+01  0.000000E+00  6.323168E+01 -3.112143E+00
280  4.78102544E-02 -1.100000E+01  0.000000E+00  6.425046E+01 -3.198283E+00
281  4.99675247E-02 -1.100000E+01  0.000000E+00  6.517891E+01 -3.283911E+00
282  5.22183981E-02 -1.100000E+01  0.000000E+00  6.600543E+01 -3.368715E+00
283  5.45666943E-02 -1.100000E+01  0.000000E+00  6.671773E+01 -3.452357E+00
284  5.70163739E-02 -1.100000E+01  0.000000E+00  6.730296E+01 -3.534469E+00
285  5.95715425E-02 -1.100000E+01  0.000000E+00  6.774765E+01 -3.614660E+00
286  6.22364551E-02 -1.100000E+01  0.000000E+00  6.803778E+01 -3.692507E+00
287  6.50155208E-02 -1.100000E+01  0.000000E+00  6.815884E+01 -3.767562E+00
288  6.79133069E-02 -1.100000E+01  0.000000E+00  6.809589E+01 -3.839346E+00
289  7.09345437E-02 -1.100000E+01  0.000000E+00  6.783362E+01 -3.907354E+00
290  7.40841292E-02 -1.100000E+01  0.000000E+00  6.735644E+01 -3.971051E+00
291  7.73671337E-02 -1.100000E+01  0.000000E+00  6.664862E+01 -4.029877E+00
292  8.07888046E-02 -1.100000E+01  0.000000E+00  6.569438E+01 -4.083246E+00
293  8.43545715E-02 -1.100000E+01  0.000000E+00  6.447805E+01 -4.130548E+00
294  8.80700508E-02 -1.100000E+01  0.000000E+00  6.298425E+01 -4.171152E+00
295  9.19410507E-02 -1.100000E+01  0.000000E+00  6.119806E+01 -4.204404E+00
296  9.59735766E-02 -1.100000E+01  0.000000E+00  5.910525E+01 -4.229639E+00
297  1.00173836E-01 -1.100000E+01  0.000000E+00  5.669249E+01 -4.246176E+00
298  1.04548242E-01 -1.100000E+01  0.000000E+00  5.394765E+01 -4.253328E+00
299  1.09103423E-01 -1.100000E+01  0.000000E+00  5.086005E+01 -4.250403E+00
300  1.13846221E-01 -1.100000E+01  0.000000E+00  4.742077E+01 -4.236713E+00
301  1.18783705E-01 -1.100000E+01  0.000000E+00  4.362301E+01 -4.211581E+00
302  1.23923168E-01 -1.100000E+01  0.000000E+00  3.946240E+01 -4.174344E+00
303  1.29272138E-01 -1.100000E+01  0.000000E+00  3.493743E+01 -4.124366E+00
304  1.34838382E-01 -1.100000E+01  0.000000E+00  3.004979E+01 -4.061045E+00
305  1.40629910E-01 -1.100000E+01  0.000000E+00  2.480480E+01 -3.983821E+00
306  1.46654981E-01 -1.100000E+01  0.000000E+00  1.921181E+01 -3.892191E+00
307  1.52922107E-01 -1.100000E+01  0.000000E+00  1.328463E+01 -3.785716E+00
308  1.59440064E-01 -1.100000E+01  0.000000E+00  7.041936E+00 -3.664035E+00
309  1.66217887E-01 -1.100000E+01  0.000000E+00  5.076622E-01 -3.526879E+00
310  1.73264886E-01 -1.100000E+01  0.000000E+00 -6.288607E+00 -3.374081E+00
311  1.80590644E-01 -1.100000E+01  0.000000E+00 -1.331130E+01 -3.205592E+00
312  1.88205024E-01 -1.100000E+01  0.000000E+00 -2.051854E+01 -3.021494E+00
313  1.96118176E-01 -1.100000E+01  0.000000E+00 -2.786193E+01 -2.822014E+00
314  2.04340540E-01 -1.100000E+01  0.000000E+00 -3.528633E+01 -2.607538E+00
315  2.12882852E-01 -1.100000E+01  0.000000E+00 -4.272983E+01 -2.378623E+00
316  2.21756147E-01 -1.100000E+01  0.000000E+00 -5.012372E+01 -2.136012E+00
317  2.30971769E-01 -1.100000E+01  0.000000E+00 -5.739264E+01 -1.880641E+00
318  2.40541367E-01 -1.100000E+01  0.000000E+00 -6.445491E+01 -1.613654E+00
319  2.50476910E-01 -1.100000E+01  0.000000E+00 -7.122289E+01 -1.336405E+00
320  2.60790683E-01 -1.100000E+01  0.000000E+00 -7.760365E+01 -1.050471E+00
321  2.71495295E-01 -1.100000E+01  0.000000E+00 -8.349978E+01 -7.576491E-01
322  2.82603686E-01 -1.100000E+01  0.000000E+00 -8.881039E+01 -4.599578E-01
323  2.94129124E-01 -1.100000E+01  0.000000E+00 -9.343233E+01 -1.596341E-01
324  3.06085218E-01 -1.100000E+01  0.000000E+00 -9.726168E+01  1.408756E-01
325  3.18485914E-01 -1.100000E+01  0.000000E+00 -1.001955E+02  4.389284E-01
326  3.31345503E-01 -1.100000E+01  0.000000E+00 -1.021336E+02  7.317023E-01
327  3.44678624E-01 -1.100000E+01  0.000000E+00 -1.029809E+02  1.016220E+00
328  3.58500267E-01 -1.100000E+01  0.000000E+00 -1.026496E+02  1.289377E+00
329  3.72825777E-01 -1.100000E+01  0.000000E+00 -1.010621E+02  1.547980E+00
330  3.87670854E-01 -1.100000E+01  0.000000E+00 -9.815326E+01  1.788782E+00
331  4.03051561E-01 -1.100000E+01  0.000000E+00 -9.387344E+01  2.008536E+00
332  4.18984323E-01 -1.100000E+01  0.000000E+00 -8.819150E+01  2.204044E+00
333  4.35485929E-01 -1.100000E+01  0.000000E+00 -8.109755E+01  2.372219E+00
334  4.52573538E-01 -1.100000E+01  0.000000E+00 -7.260580E+01  2.510144E+00
335  4.70264677E-01 -1.100000E+01  0.000000E+00 -6.275717E+01  2.615145E+00
336  4.88577244E-01 -1.100000E+01  0.000000E+00 -5.162167E+01  2.684857E+00
337  5.07529512E-01 -1.100000E+01  0.000000E+00 -3.930035E+01  2.717301E+00
338  5.27140127E-01 -1.100000E+01  0.000000E+00 -2.592677E+01  2.710954E+00
339  5.47428109E-01 -1.100000E+01  0.000000E+00 -1.166786E+01  2.664823E+00
340  5.68412857E-01 -1.100000E+01  0.000000E+00  3.275998E+00  2.578511E+00
341  5.90114145E-01 -1.100000E+01  0.000000E+00  1.867176E+01  2.452280E+00
342  6.12552124E-01 -1.100000E+01  0.000000E+00  3.425547E+01  2.287103E+00
343  6.35747322E-01 -1.100000E+01  0.000000E+00  4.973513E+01  2.084711E+00
344  6.59720645E-01 -1.100000E+01  0.000000E+00  6.479470E+01  1.847621E+00
345  6.84493375E-01 -1.100000E+01  0.000000E+00  7.909940E+01  1.579147E+00
346  7.10087169E-01 -1.100000E+01  0.000000E+00  9.230218E+01  1.283402E+00
347  7.36524058E-01 -1.100000E+01  0.000000E+00  1.040514E+02  9.652648E-01
348  7.63826449E-01 -1.100000E+01  0.000000E+00  1.140000E+02  6.303391E-01
349  7.92017118E-01 -1.100000E+01  0.000000E+00  1.218149E+02  2.848773E-01
350  8.21119212E-01 -1.100000E+01  0.000000E+00  1.271883E+02 -6.431462E-02
351  8.51156247E-01 -1.100000E+01  0.000000E+00  1.298490E+02 -4.099995E-01
352  8.82152102E-01 -1.100000E+01  0.000000E+00  1.295741E+02 -7.446552E-01
353  9.14131020E-01 -1.100000E+01  0.000000E+00  1.262005E+02 -1.060644E+00
354  9.47117605E-01 -1.100000E+01  0.000000E+00  1.196364E+02 -1.350401E+00
355  9.81136816E-01 -1.100000E+01  0.000000E+00  1.098715E+02 -1.606643E+00
356  1.01621397E+00 -1.100000E+01  0.000000E+00  9.698546E+01 -1.822579E+00
357  1.05237472E+00 -1.100000E+01  0.000000E+00  8.115526E+01 -1.992141E+00
358  1.08964508E+00 -1.100000E+01  0.000000E+00  6.265884E+01 -2.110202E+00
359  1.12805140E+00 -1.100000E+01  0.000000E+00  4.187653E+01 -2.172787E+00
360  1.16762037E+00 -1.100000E+01  0.000000E+00  1.928858E+01 -2.177272E+00
361  1.20837900E+00 -1.100000E+01  0.000000E+00 -4.531205E+00 -2.122549E+00
362  1.25035464E+00 -1.100000E+01  0.000000E+00 -2.892600E+01 -2.009163E+00
363  1.29357497E+00 -1.100000E+01  0.000000E+00 -5.317088E+01 -1.839398E+00
364  1.33806796E+00 -1.100000E+01  0.000000E+00 -7.649204E+01 -1.617320E+00
365  1.38386191E+00 -1.100000E+01  0.000000E+00 -9.809016E+01 -1.348750E+00
366  1.43098542E+00 -1.100000E+01  0.000000E+00 -1.171672E+02 -1.041181E+00
367  1.47946740E+00 -1.100000E+01  0.000000E+00 -1.329566E+02 -7.036302E-01
368  1.52933704E+00 -1.100000E+01  0.000000E+00 -1.447547E+02 -3.464128E-01
369  1.58062383E+00 -1.100000E+01  0.000000E+00 -1.519539E+02  1.913880E-02
370  1.63335752E+00 -1.100000E+01  0.000000E+00 -1.540747E+02  3.810220E-01
371  1.68756815E+00 -1.100000E+01  0.000000E+00 -1.507961E+02  7.269605E-01
372  1.74328602E+00 -1.100000E+01  0.000000E+00 -1.419822E+02  1.044841E+00
373  1.80054170E+00 -1.100000E+01  0.000000E+00 -1.277035E+02  1.323175E+00
374  1.85936601E+00 -1.100000E+01  0.000000E+00 -1.082511E+02  1.551569E+00
375  1.91979000E+00 -1.100000E+01  0.000000E+00 -8.414323E+01  1.721179E+00
376  1.98184497E+00 -1.100000E+01  0.000000E+00 -5.612118E+01  1.825135E+00
377  2.04556245E+00 -1.100000E+01  0.000000E+00 -2.513521E+01  1.858907E+00
378  2.11097420E+00 -1.100000E+01  0.000000E+00  7.680667E+00  1.820602E+00
379  2.17811217E+00 -1.100000E+01  0.000000E+00  4.104497E+01  1.711152E+00
380  2.24700856E+00 -1.100000E+01  0.000000E+00  7.357537E+01  1.534402E+00
381  2.31769572E+00 -1.100000E+01  0.000000E+00  1.038444E+02  1.297068E+00
382  2.39020623E+00 -1.100000E+01  0.000000E+00  1.304423E+02  1.008564E+00
383  2.46457284E+00 -1.100000E+01  0.000000E+00  1.520446E+02  6.806932E-01
384  2.54082846E+00 -1.100000E+01  0.000000E+00  1.674815E+02  3.272151E-01
385  2.61900620E+00 -1.100000E+01  0.000000E+00  1.758047E+02 -3.670235E-02
386  2.69913930E+00 -1.100000E+01  0.000000E+00  1.763494E+02 -3.951285E-01
387  2.78126117E+00 -1.100000E+01  0.000000E+00  1.687859E+02 -7.320819E-01
388  2.86540535E+00 -1.100000E+01  0.000000E+00  1.531589E+02 -1.032280E+00
389  2.95160552E+00 -1.100000E+01  0.000000E+00  1.299093E+02 -1.281888E+00
390  3.03989549E+00 -1.100000E+01  0.000000E+00  9.987713E+01 -1.469229E+00
391  3.13030918E+00 -1.100000E+01  0.000000E+00  6.428347E+01 -1.585418E+00
392  3.22288064E+00 -1.100000E+01  0.000000E+00  2.469006E+01 -1.624873E+00
393  3.31764400E+00 -1.100000E+01  0.000000E+00 -1.706233E+01 -1.585685E+00
394  3.41463349E+00 -1.100000E+01  0.000000E+00 -5.893522E+01 -1.469800E+00
395  3.51388344E+00 -1.100000E+01  0.000000E+00 -9.879032E+01 -1.283012E+00
396  3.61542824E+00 -1.100000E+01  0.000000E+00 -1.344996E+02 -1.034747E+00
397  3.71930236E+00 -1.100000E+01  0.000000E+00 -1.640616E+02 -7.376492E-01
398  3.82554034E+00 -1.100000E+01  0.000000E+00 -1.857187E+02 -4.072449E-01
399  3.93417676E+00 -1.100000E+01  0.000000E+00 -5.531677E+02 -1.654226E-01
