#      n =  8
#  kappa = -1
# energy = -1.04268002E+01
#     vc = -1.70005556E+06


0    1.42857143E-07 -2.744492E-02  0.000000E+00 -0.000000E+00  4.274658E-01
1    1.49821013E-07 -2.878277E-02  0.000000E+00  5.232335E-06  4.274658E-01
2    1.57124331E-07 -3.018584E-02  0.000000E+00  1.071972E-05  4.075965E-01
3    1.64783643E-07 -3.165730E-02  0.000000E+00  1.647457E-05  3.886510E-01
4    1.72816300E-07 -3.320047E-02  0.000000E+00  2.250994E-05  3.705861E-01
5    1.81240498E-07 -3.481887E-02  0.000000E+00  2.883950E-05  3.533610E-01
6    1.90075320E-07 -3.651615E-02  0.000000E+00  3.547758E-05  3.369365E-01
7    1.99340780E-07 -3.829616E-02  0.000000E+00  4.243921E-05  3.212756E-01
8    2.09057867E-07 -4.016293E-02  0.000000E+00  4.974018E-05  3.063426E-01
9    2.19248592E-07 -4.212069E-02  0.000000E+00  5.739701E-05  2.921037E-01
10   2.29936039E-07 -4.417388E-02  0.000000E+00  6.542706E-05  2.785267E-01
11   2.41144417E-07 -4.632713E-02  0.000000E+00  7.384851E-05  2.655808E-01
12   2.52899115E-07 -4.858534E-02  0.000000E+00  8.268043E-05  2.532366E-01
13   2.65226758E-07 -5.095361E-02  0.000000E+00  9.194283E-05  2.414663E-01
14   2.78155269E-07 -5.343731E-02  0.000000E+00  1.016567E-04  2.302430E-01
15   2.91713933E-07 -5.604206E-02  0.000000E+00  1.118440E-04  2.195415E-01
16   3.05933461E-07 -5.877376E-02  0.000000E+00  1.225279E-04  2.093374E-01
17   3.20846059E-07 -6.163860E-02  0.000000E+00  1.337325E-04  1.996076E-01
18   3.36485504E-07 -6.464306E-02  0.000000E+00  1.454832E-04  1.903301E-01
19   3.52887219E-07 -6.779395E-02  0.000000E+00  1.578066E-04  1.814838E-01
20   3.70088351E-07 -7.109840E-02  0.000000E+00  1.707307E-04  1.730487E-01
21   3.88127860E-07 -7.456389E-02  0.000000E+00  1.842847E-04  1.650057E-01
22   4.07046601E-07 -7.819827E-02  0.000000E+00  1.984993E-04  1.573365E-01
23   4.26887422E-07 -8.200976E-02  0.000000E+00  2.134067E-04  1.500238E-01
24   4.47695257E-07 -8.600700E-02  0.000000E+00  2.290406E-04  1.430511E-01
25   4.69517231E-07 -9.019903E-02  0.000000E+00  2.454365E-04  1.364024E-01
26   4.92402763E-07 -9.459534E-02  0.000000E+00  2.626315E-04  1.300628E-01
27   5.16403682E-07 -9.920588E-02  0.000000E+00  2.806645E-04  1.240178E-01
28   5.41574339E-07 -1.040411E-01  0.000000E+00  2.995764E-04  1.182539E-01
29   5.67971735E-07 -1.091119E-01  0.000000E+00  3.194100E-04  1.127578E-01
30   5.95655648E-07 -1.144298E-01  0.000000E+00  3.402102E-04  1.075172E-01
31   6.24688768E-07 -1.200068E-01  0.000000E+00  3.620241E-04  1.025202E-01
32   6.55136838E-07 -1.258555E-01  0.000000E+00  3.849011E-04  9.775549E-02
33   6.87068804E-07 -1.319892E-01  0.000000E+00  4.088930E-04  9.321222E-02
34   7.20556972E-07 -1.384217E-01  0.000000E+00  4.340541E-04  8.888012E-02
35   7.55677168E-07 -1.451676E-01  0.000000E+00  4.604414E-04  8.474938E-02
36   7.92508914E-07 -1.522421E-01  0.000000E+00  4.881146E-04  8.081063E-02
37   8.31135604E-07 -1.596612E-01  0.000000E+00  5.171364E-04  7.705496E-02
38   8.71644694E-07 -1.674417E-01  0.000000E+00  5.475725E-04  7.347385E-02
39   9.14127900E-07 -1.756012E-01  0.000000E+00  5.794918E-04  7.005919E-02
40   9.58681408E-07 -1.841581E-01  0.000000E+00  6.129665E-04  6.680324E-02
41   1.00540608E-06 -1.931317E-01  0.000000E+00  6.480725E-04  6.369862E-02
42   1.05440771E-06 -2.025423E-01  0.000000E+00  6.848892E-04  6.073830E-02
43   1.10579722E-06 -2.124111E-01  0.000000E+00  7.235000E-04  5.791556E-02
44   1.15969095E-06 -2.227605E-01  0.000000E+00  7.639922E-04  5.522402E-02
45   1.21621091E-06 -2.336137E-01  0.000000E+00  8.064575E-04  5.265758E-02
46   1.27548503E-06 -2.449952E-01  0.000000E+00  8.509920E-04  5.021042E-02
47   1.33764749E-06 -2.569307E-01  0.000000E+00  8.976965E-04  4.787698E-02
48   1.40283900E-06 -2.694471E-01  0.000000E+00  9.466768E-04  4.565200E-02
49   1.47120712E-06 -2.825725E-01  0.000000E+00  9.980436E-04  4.353042E-02
50   1.54290660E-06 -2.963366E-01  0.000000E+00  1.051913E-03  4.150744E-02
51   1.61809971E-06 -3.107702E-01  0.000000E+00  1.108408E-03  3.957848E-02
52   1.69695666E-06 -3.259059E-01  0.000000E+00  1.167655E-03  3.773915E-02
53   1.77965589E-06 -3.417776E-01  0.000000E+00  1.229788E-03  3.598530E-02
54   1.86638458E-06 -3.584209E-01  0.000000E+00  1.294949E-03  3.431296E-02
55   1.95733899E-06 -3.758732E-01  0.000000E+00  1.363285E-03  3.271832E-02
56   2.05272496E-06 -3.941736E-01  0.000000E+00  1.434950E-03  3.119778E-02
57   2.15275833E-06 -4.133630E-01  0.000000E+00  1.510106E-03  2.974789E-02
58   2.25766546E-06 -4.334845E-01  0.000000E+00  1.588924E-03  2.836537E-02
59   2.36768374E-06 -4.545827E-01  0.000000E+00  1.671581E-03  2.704707E-02
60   2.48306209E-06 -4.767050E-01  0.000000E+00  1.758265E-03  2.579003E-02
61   2.60406157E-06 -4.999004E-01  0.000000E+00  1.849172E-03  2.459137E-02
62   2.73095593E-06 -5.242206E-01  0.000000E+00  1.944508E-03  2.344840E-02
63   2.86403225E-06 -5.497196E-01  0.000000E+00  2.044488E-03  2.235851E-02
64   3.00359161E-06 -5.764538E-01  0.000000E+00  2.149337E-03  2.131924E-02
65   3.14994970E-06 -6.044822E-01  0.000000E+00  2.259294E-03  2.032822E-02
66   3.30343760E-06 -6.338667E-01  0.000000E+00  2.374608E-03  1.938322E-02
67   3.46440250E-06 -6.646719E-01  0.000000E+00  2.495537E-03  1.848209E-02
68   3.63320849E-06 -6.969653E-01  0.000000E+00  2.622357E-03  1.762278E-02
69   3.81023736E-06 -7.308174E-01  0.000000E+00  2.755354E-03  1.680334E-02
70   3.99588951E-06 -7.663021E-01  0.000000E+00  2.894828E-03  1.602193E-02
71   4.19058479E-06 -8.034961E-01  0.000000E+00  3.041095E-03  1.527675E-02
72   4.39476349E-06 -8.424798E-01  0.000000E+00  3.194486E-03  1.456613E-02
73   4.60888734E-06 -8.833371E-01  0.000000E+00  3.355347E-03  1.388844E-02
74   4.83344051E-06 -9.261551E-01  0.000000E+00  3.524041E-03  1.324215E-02
75   5.06893074E-06 -9.710249E-01  0.000000E+00  3.700950E-03  1.262578E-02
76   5.31589045E-06 -1.018041E+00  0.000000E+00  3.886474E-03  1.203795E-02
77   5.57487800E-06 -1.067303E+00  0.000000E+00  4.081032E-03  1.147730E-02
78   5.84647886E-06 -1.118911E+00  0.000000E+00  4.285062E-03  1.094256E-02
79   6.13130701E-06 -1.172974E+00  0.000000E+00  4.499027E-03  1.043252E-02
80   6.43000630E-06 -1.229601E+00  0.000000E+00  4.723410E-03  9.946002E-03
81   6.74325185E-06 -1.288906E+00  0.000000E+00  4.958717E-03  9.481907E-03
82   7.07175166E-06 -1.351007E+00  0.000000E+00  5.205479E-03  9.039172E-03
83   7.41624812E-06 -1.416027E+00  0.000000E+00  5.464254E-03  8.616781E-03
84   7.77751976E-06 -1.484092E+00  0.000000E+00  5.735625E-03  8.213768E-03
85   8.15638292E-06 -1.555330E+00  0.000000E+00  6.020206E-03  7.829207E-03
86   8.55369366E-06 -1.629875E+00  0.000000E+00  6.318638E-03  7.462212E-03
87   8.97034965E-06 -1.707863E+00  0.000000E+00  6.631596E-03  7.111939E-03
88   9.40729221E-06 -1.789433E+00  0.000000E+00  6.959784E-03  6.777576E-03
89   9.86550838E-06 -1.874726E+00  0.000000E+00  7.303944E-03  6.458349E-03
90   1.03460332E-05 -1.963886E+00  0.000000E+00  7.664851E-03  6.153515E-03
91   1.08499521E-05 -2.057055E+00  0.000000E+00  8.043319E-03  5.862361E-03
92   1.13784031E-05 -2.154380E+00  0.000000E+00  8.440202E-03  5.584206E-03
93   1.19325795E-05 -2.256002E+00  0.000000E+00  8.856394E-03  5.318393E-03
94   1.25137329E-05 -2.362065E+00  0.000000E+00  9.292832E-03  5.064293E-03
95   1.31231754E-05 -2.472707E+00  0.000000E+00  9.750500E-03  4.821299E-03
96   1.37622829E-05 -2.588060E+00  0.000000E+00  1.023043E-02  4.588828E-03
97   1.44324983E-05 -2.708250E+00  0.000000E+00  1.073370E-02  4.366319E-03
98   1.51353343E-05 -2.833394E+00  0.000000E+00  1.126144E-02  4.153227E-03
99   1.58723774E-05 -2.963595E+00  0.000000E+00  1.181485E-02  3.949029E-03
100  1.66452909E-05 -3.098940E+00  0.000000E+00  1.239516E-02  3.753216E-03
101  1.74558191E-05 -3.239497E+00  0.000000E+00  1.300368E-02  3.565296E-03
102  1.83057908E-05 -3.385308E+00  0.000000E+00  1.364178E-02  3.384791E-03
103  1.91971236E-05 -3.536386E+00  0.000000E+00  1.431090E-02  3.211234E-03
104  2.01318284E-05 -3.692707E+00  0.000000E+00  1.501253E-02  3.044173E-03
105  2.11120135E-05 -3.854201E+00  0.000000E+00  1.574825E-02  2.883164E-03
106  2.21398896E-05 -4.020749E+00  0.000000E+00  1.651972E-02  2.727775E-03
107  2.32177747E-05 -4.192165E+00  0.000000E+00  1.732865E-02  2.577581E-03
108  2.43480994E-05 -4.368191E+00  0.000000E+00  1.817688E-02  2.432166E-03
109  2.55334121E-05 -4.548479E+00  0.000000E+00  1.906629E-02  2.291123E-03
110  2.67763848E-05 -4.732577E+00  0.000000E+00  1.999888E-02  2.154050E-03
111  2.80798192E-05 -4.919909E+00  0.000000E+00  2.097673E-02  2.020554E-03
112  2.94466531E-05 -5.109758E+00  0.000000E+00  2.200204E-02  1.890250E-03
113  3.08799663E-05 -5.301233E+00  0.000000E+00  2.307710E-02  1.762760E-03
114  3.23829884E-05 -5.493250E+00  0.000000E+00  2.420431E-02  1.637717E-03
115  3.39591055E-05 -5.684489E+00  0.000000E+00  2.538619E-02  1.514767E-03
116  3.56118676E-05 -5.873365E+00  0.000000E+00  2.662537E-02  1.393567E-03
117  3.73449971E-05 -6.057974E+00  0.000000E+00  2.792463E-02  1.273798E-03
118  3.91623966E-05 -6.236050E+00  0.000000E+00  2.928686E-02  1.155160E-03
119  4.10681581E-05 -6.404899E+00  0.000000E+00  3.071509E-02  1.037388E-03
120  4.30665716E-05 -6.561334E+00  0.000000E+00  3.221252E-02  9.208995E-04
121  4.51621350E-05 -6.701594E+00  0.000000E+00  3.378247E-02  7.979044E-04
122  4.73595642E-05 -6.821250E+00  0.000000E+00  3.542844E-02  6.145618E-04
123  4.96638033E-05 -6.915105E+00  0.000000E+00  3.715417E-02  1.198158E-03
124  5.20800361E-05 -6.977063E+00  0.000000E+00  3.896618E-02  4.490875E-04
125  5.46136971E-05 -6.999994E+00  0.000000E+00  4.085988E-02 -1.112635E-03
126  5.72704840E-05 -7.000000E+00  0.000000E+00  4.284480E-02  4.713877E-04
127  6.00563704E-05 -7.000000E+00  0.000000E+00  4.493399E-02  9.802075E-04
128  6.29776187E-05 -7.000000E+00  0.000000E+00  4.711980E-02 -1.308526E-04
129  6.60407945E-05 -7.000000E+00  0.000000E+00  4.941140E-02 -1.326557E-04
130  6.92527809E-05 -7.000000E+00  0.000000E+00  5.181397E-02 -2.378462E-04
131  7.26207941E-05 -7.000000E+00  0.000000E+00  5.433286E-02 -3.535563E-04
132  7.61523991E-05 -7.000000E+00  0.000000E+00  5.697368E-02 -4.689474E-04
133  7.98555265E-05 -7.000000E+00  0.000000E+00  5.974233E-02 -5.853865E-04
134  8.37384906E-05 -7.000000E+00  0.000000E+00  6.264500E-02 -7.031353E-04
135  8.78100071E-05 -7.000000E+00  0.000000E+00  6.568815E-02 -8.224576E-04
136  9.20792133E-05 -7.000000E+00  0.000000E+00  6.887857E-02 -9.436212E-04
137  9.65556874E-05 -7.000000E+00  0.000000E+00  7.222338E-02 -1.066897E-03
138  1.01249471E-04 -7.000000E+00  0.000000E+00  7.573002E-02 -1.192562E-03
139  1.06171089E-04 -7.000000E+00  0.000000E+00  7.940631E-02 -1.320897E-03
140  1.11331575E-04 -7.000000E+00  0.000000E+00  8.326044E-02 -1.452189E-03
141  1.16742498E-04 -7.000000E+00  0.000000E+00  8.730098E-02 -1.586731E-03
142  1.22415980E-04 -7.000000E+00  0.000000E+00  9.153691E-02 -1.724824E-03
143  1.28364732E-04 -7.000000E+00  0.000000E+00  9.597766E-02 -1.866778E-03
144  1.34602075E-04 -7.000000E+00  0.000000E+00  1.006331E-01 -2.012908E-03
145  1.41141975E-04 -7.000000E+00  0.000000E+00  1.055135E-01 -2.163540E-03
146  1.47999070E-04 -7.000000E+00  0.000000E+00  1.106298E-01 -2.319011E-03
147  1.55188703E-04 -7.000000E+00  0.000000E+00  1.159933E-01 -2.479666E-03
148  1.62726956E-04 -7.000000E+00  0.000000E+00  1.216159E-01 -2.645865E-03
149  1.70630686E-04 -7.000000E+00  0.000000E+00  1.275100E-01 -2.817975E-03
150  1.78917563E-04 -7.000000E+00  0.000000E+00  1.336887E-01 -2.996381E-03
151  1.87606104E-04 -7.000000E+00  0.000000E+00  1.401656E-01 -3.181478E-03
152  1.96715719E-04 -7.000000E+00  0.000000E+00  1.469552E-01 -3.373678E-03
153  2.06266754E-04 -7.000000E+00  0.000000E+00  1.540723E-01 -3.573407E-03
154  2.16280530E-04 -7.000000E+00  0.000000E+00  1.615327E-01 -3.781108E-03
155  2.26779393E-04 -7.000000E+00  0.000000E+00  1.693529E-01 -3.997242E-03
156  2.37786765E-04 -7.000000E+00  0.000000E+00  1.775500E-01 -4.222286E-03
157  2.49327192E-04 -7.000000E+00  0.000000E+00  1.861422E-01 -4.456740E-03
158  2.61426399E-04 -7.000000E+00  0.000000E+00  1.951483E-01 -4.701121E-03
159  2.74111345E-04 -7.000000E+00  0.000000E+00  2.045881E-01 -4.955968E-03
160  2.87410283E-04 -7.000000E+00  0.000000E+00  2.144825E-01 -5.221846E-03
161  3.01352823E-04 -7.000000E+00  0.000000E+00  2.248530E-01 -5.499339E-03
162  3.15969993E-04 -7.000000E+00  0.000000E+00  2.357224E-01 -5.789060E-03
163  3.31294308E-04 -7.000000E+00  0.000000E+00  2.471145E-01 -6.091645E-03
164  3.47359842E-04 -7.000000E+00  0.000000E+00  2.590542E-01 -6.407761E-03
165  3.64202299E-04 -7.000000E+00  0.000000E+00  2.715677E-01 -6.738102E-03
166  3.81859095E-04 -7.000000E+00  0.000000E+00  2.846821E-01 -7.083393E-03
167  4.00369434E-04 -7.000000E+00  0.000000E+00  2.984262E-01 -7.444391E-03
168  4.19774395E-04 -7.000000E+00  0.000000E+00  3.128297E-01 -7.821887E-03
169  4.40117024E-04 -7.000000E+00  0.000000E+00  3.279241E-01 -8.216707E-03
170  4.61442419E-04 -7.000000E+00  0.000000E+00  3.437421E-01 -8.629713E-03
171  4.83797835E-04 -7.000000E+00  0.000000E+00  3.603180E-01 -9.061808E-03
172  5.07232784E-04 -7.000000E+00  0.000000E+00  3.776876E-01 -9.513932E-03
173  5.31799137E-04 -7.000000E+00  0.000000E+00  3.958885E-01 -9.987072E-03
174  5.57551240E-04 -7.000000E+00  0.000000E+00  4.149599E-01 -1.048225E-02
175  5.84546031E-04 -7.000000E+00  0.000000E+00  4.349430E-01 -1.100056E-02
176  6.12843158E-04 -7.000000E+00  0.000000E+00  4.558807E-01 -1.154310E-02
177  6.42505111E-04 -7.000000E+00  0.000000E+00  4.778179E-01 -1.211106E-02
178  6.73597352E-04 -7.000000E+00  0.000000E+00  5.008017E-01 -1.270567E-02
179  7.06188457E-04 -7.000000E+00  0.000000E+00  5.248811E-01 -1.332821E-02
180  7.40350261E-04 -7.000000E+00  0.000000E+00  5.501076E-01 -1.398002E-02
181  7.76158010E-04 -7.000000E+00  0.000000E+00  5.765349E-01 -1.466251E-02
182  8.13690525E-04 -7.000000E+00  0.000000E+00  6.042190E-01 -1.537713E-02
183  8.53030364E-04 -7.000000E+00  0.000000E+00  6.332187E-01 -1.612543E-02
184  8.94263999E-04 -7.000000E+00  0.000000E+00  6.635953E-01 -1.690901E-02
185  9.37482000E-04 -7.000000E+00  0.000000E+00  6.954129E-01 -1.772953E-02
186  9.82779223E-04 -7.000000E+00  0.000000E+00  7.287382E-01 -1.858875E-02
187  1.03025502E-03 -7.000000E+00  0.000000E+00  7.636414E-01 -1.948850E-02
188  1.08001342E-03 -7.000000E+00  0.000000E+00  8.001952E-01 -2.043068E-02
189  1.13216339E-03 -7.000000E+00  0.000000E+00  8.384761E-01 -2.141729E-02
190  1.18681903E-03 -7.000000E+00  0.000000E+00  8.785635E-01 -2.245043E-02
191  1.24409982E-03 -7.000000E+00  0.000000E+00  9.205405E-01 -2.353225E-02
192  1.30413089E-03 -7.000000E+00  0.000000E+00  9.644938E-01 -2.466505E-02
193  1.36704323E-03 -7.000000E+00  0.000000E+00  1.010514E+00 -2.585119E-02
194  1.43297402E-03 -7.000000E+00  0.000000E+00  1.058695E+00 -2.709316E-02
195  1.50206688E-03 -7.000000E+00  0.000000E+00  1.109135E+00 -2.839354E-02
196  1.57447219E-03 -7.000000E+00  0.000000E+00  1.161938E+00 -2.975504E-02
197  1.65034737E-03 -7.000000E+00  0.000000E+00  1.217209E+00 -3.118048E-02
198  1.72985723E-03 -7.000000E+00  0.000000E+00  1.275061E+00 -3.267281E-02
199  1.81317431E-03 -7.000000E+00  0.000000E+00  1.335609E+00 -3.423510E-02
200  1.90047921E-03 -7.000000E+00  0.000000E+00  1.398974E+00 -3.587055E-02
201  1.99196099E-03 -7.000000E+00  0.000000E+00  1.465283E+00 -3.758251E-02
202  2.08781753E-03 -7.000000E+00  0.000000E+00  1.534665E+00 -3.937446E-02
203  2.18825596E-03 -7.000000E+00  0.000000E+00  1.607258E+00 -4.125003E-02
204  2.29349304E-03 -7.000000E+00  0.000000E+00  1.683204E+00 -4.321302E-02
205  2.40375565E-03 -7.000000E+00  0.000000E+00  1.762649E+00 -4.526737E-02
206  2.51928122E-03 -7.000000E+00  0.000000E+00  1.845748E+00 -4.741720E-02
207  2.64031820E-03 -7.000000E+00  0.000000E+00  1.932658E+00 -4.966678E-02
208  2.76712659E-03 -7.000000E+00  0.000000E+00  2.023546E+00 -5.202058E-02
209  2.89997843E-03 -7.000000E+00  0.000000E+00  2.118583E+00 -5.448323E-02
210  3.03915835E-03 -7.000000E+00  0.000000E+00  2.217947E+00 -5.705957E-02
211  3.18496417E-03 -7.000000E+00  0.000000E+00  2.321823E+00 -5.975462E-02
212  3.33770745E-03 -7.000000E+00  0.000000E+00  2.430402E+00 -6.257360E-02
213  3.49771411E-03 -7.000000E+00  0.000000E+00  2.543882E+00 -6.552194E-02
214  3.66532512E-03 -7.000000E+00  0.000000E+00  2.662468E+00 -6.860529E-02
215  3.84089710E-03 -7.000000E+00  0.000000E+00  2.786373E+00 -7.182951E-02
216  4.02480309E-03 -7.000000E+00  0.000000E+00  2.915815E+00 -7.520067E-02
217  4.21743323E-03 -7.000000E+00  0.000000E+00  3.051022E+00 -7.872510E-02
218  4.41919552E-03 -7.000000E+00  0.000000E+00  3.192227E+00 -8.240934E-02
219  4.63051666E-03 -7.000000E+00  0.000000E+00  3.339672E+00 -8.626017E-02
220  4.85184282E-03 -7.000000E+00  0.000000E+00  3.493604E+00 -9.028464E-02
221  5.08364052E-03 -7.000000E+00  0.000000E+00  3.654280E+00 -9.449002E-02
222  5.32639753E-03 -7.000000E+00  0.000000E+00  3.821962E+00 -9.888386E-02
223  5.58062381E-03 -7.000000E+00  0.000000E+00  3.996922E+00 -1.034740E-01
224  5.84685245E-03 -7.000000E+00  0.000000E+00  4.179436E+00 -1.082684E-01
225  6.12564070E-03 -7.000000E+00  0.000000E+00  4.369788E+00 -1.132754E-01
226  6.41757103E-03 -7.000000E+00  0.000000E+00  4.568269E+00 -1.185036E-01
227  6.72325221E-03 -7.000000E+00  0.000000E+00  4.775177E+00 -1.239620E-01
228  7.04332043E-03 -7.000000E+00  0.000000E+00  4.990814E+00 -1.296595E-01
229  7.37844054E-03 -7.000000E+00  0.000000E+00  5.215488E+00 -1.356057E-01
230  7.72930723E-03 -7.000000E+00  0.000000E+00  5.449515E+00 -1.418101E-01
231  8.09664633E-03 -7.000000E+00  0.000000E+00  5.693212E+00 -1.482827E-01
232  8.48121613E-03 -7.000000E+00  0.000000E+00  5.946901E+00 -1.550337E-01
233  8.88380880E-03 -7.000000E+00  0.000000E+00  6.210908E+00 -1.620736E-01
234  9.30525177E-03 -7.000000E+00  0.000000E+00  6.485560E+00 -1.694129E-01
235  9.74640928E-03 -7.000000E+00  0.000000E+00  6.771187E+00 -1.770627E-01
236  1.02081839E-02 -7.000000E+00  0.000000E+00  7.068117E+00 -1.850341E-01
237  1.06915182E-02 -7.000000E+00  0.000000E+00  7.376677E+00 -1.933384E-01
238  1.11973962E-02 -7.000000E+00  0.000000E+00  7.697194E+00 -2.019872E-01
239  1.17268456E-02 -7.000000E+00  0.000000E+00  8.029988E+00 -2.109923E-01
240  1.22809390E-02 -7.000000E+00  0.000000E+00  8.375374E+00 -2.203656E-01
241  1.28607961E-02 -7.000000E+00  0.000000E+00  8.733661E+00 -2.301191E-01
242  1.34675857E-02 -7.000000E+00  0.000000E+00  9.105144E+00 -2.402648E-01
243  1.41025274E-02 -7.000000E+00  0.000000E+00  9.490109E+00 -2.508151E-01
244  1.47668941E-02 -7.000000E+00  0.000000E+00  9.888826E+00 -2.617820E-01
245  1.54620138E-02 -7.000000E+00  0.000000E+00  1.030155E+01 -2.731779E-01
246  1.61892720E-02 -7.000000E+00  0.000000E+00  1.072850E+01 -2.850149E-01
247  1.69501142E-02 -7.000000E+00  0.000000E+00  1.116990E+01 -2.973051E-01
248  1.77460477E-02 -7.000000E+00  0.000000E+00  1.162591E+01 -3.100603E-01
249  1.85786451E-02 -7.000000E+00  0.000000E+00  1.209669E+01 -3.232921E-01
250  1.94495458E-02 -7.000000E+00  0.000000E+00  1.258233E+01 -3.370119E-01
251  2.03604594E-02 -7.000000E+00  0.000000E+00  1.308292E+01 -3.512308E-01
252  2.13131682E-02 -7.000000E+00  0.000000E+00  1.359846E+01 -3.659590E-01
253  2.23095300E-02 -7.000000E+00  0.000000E+00  1.412893E+01 -3.812067E-01
254  2.33514812E-02 -7.000000E+00  0.000000E+00  1.467423E+01 -3.969830E-01
255  2.44410399E-02 -7.000000E+00  0.000000E+00  1.523420E+01 -4.132965E-01
256  2.55803085E-02 -7.000000E+00  0.000000E+00  1.580862E+01 -4.301547E-01
257  2.67714780E-02 -7.000000E+00  0.000000E+00  1.639718E+01 -4.475642E-01
258  2.80168302E-02 -7.000000E+00  0.000000E+00  1.699948E+01 -4.655305E-01
259  2.93187421E-02 -7.000000E+00  0.000000E+00  1.761503E+01 -4.840574E-01
260  3.06796889E-02 -7.000000E+00  0.000000E+00  1.824323E+01 -5.031477E-01
261  3.21022479E-02 -7.000000E+00  0.000000E+00  1.888337E+01 -5.228022E-01
262  3.35891024E-02 -7.000000E+00  0.000000E+00  1.953462E+01 -5.430200E-01
263  3.51430454E-02 -7.000000E+00  0.000000E+00  2.019601E+01 -5.637981E-01
264  3.67669837E-02 -7.000000E+00  0.000000E+00  2.086643E+01 -5.851311E-01
265  3.84639423E-02 -7.000000E+00  0.000000E+00  2.154460E+01 -6.070112E-01
266  4.02370682E-02 -7.000000E+00  0.000000E+00  2.222908E+01 -6.294280E-01
267  4.20896353E-02 -7.000000E+00  0.000000E+00  2.291827E+01 -6.523677E-01
268  4.40250487E-02 -7.000000E+00  0.000000E+00  2.361035E+01 -6.758137E-01
269  4.60468493E-02 -7.000000E+00  0.000000E+00  2.430332E+01 -6.997455E-01
270  4.81587186E-02 -7.000000E+00  0.000000E+00  2.499493E+01 -7.241388E-01
271  5.03644837E-02 -7.000000E+00  0.000000E+00  2.568273E+01 -7.489653E-01
272  5.26681224E-02 -7.000000E+00  0.000000E+00  2.636402E+01 -7.741920E-01
273  5.50737679E-02 -7.000000E+00  0.000000E+00  2.703586E+01 -7.997813E-01
274  5.75857150E-02 -7.000000E+00  0.000000E+00  2.769501E+01 -8.256904E-01
275  6.02084244E-02 -7.000000E+00  0.000000E+00  2.833798E+01 -8.518710E-01
276  6.29465293E-02 -7.000000E+00  0.000000E+00  2.896100E+01 -8.782689E-01
277  6.58048405E-02 -7.000000E+00  0.000000E+00  2.955998E+01 -9.048238E-01
278  6.87883523E-02 -7.000000E+00  0.000000E+00  3.013055E+01 -9.314691E-01
279  7.19022487E-02 -7.000000E+00  0.000000E+00  3.066802E+01 -9.581310E-01
280  7.51519091E-02 -7.000000E+00  0.000000E+00  3.116738E+01 -9.847287E-01
281  7.85429150E-02 -7.000000E+00  0.000000E+00  3.162332E+01 -1.011174E+00
282  8.20810560E-02 -7.000000E+00  0.000000E+00  3.203021E+01 -1.037371E+00
283  8.57723363E-02 -7.000000E+00  0.000000E+00  3.238211E+01 -1.063215E+00
284  8.96229816E-02 -7.000000E+00  0.000000E+00  3.267280E+01 -1.088594E+00
285  9.36394455E-02 -7.000000E+00  0.000000E+00  3.289574E+01 -1.113387E+00
286  9.78284166E-02 -7.000000E+00  0.000000E+00  3.304414E+01 -1.137464E+00
287  1.02196825E-01 -7.000000E+00  0.000000E+00  3.311098E+01 -1.160688E+00
288  1.06751851E-01 -7.000000E+00  0.000000E+00  3.308901E+01 -1.182912E+00
289  1.11500929E-01 -7.000000E+00  0.000000E+00  3.297079E+01 -1.203979E+00
290  1.16451758E-01 -7.000000E+00  0.000000E+00  3.274876E+01 -1.223727E+00
291  1.21612309E-01 -7.000000E+00  0.000000E+00  3.241528E+01 -1.241982E+00
292  1.26990829E-01 -7.000000E+00  0.000000E+00  3.196269E+01 -1.258565E+00
293  1.32595855E-01 -7.000000E+00  0.000000E+00  3.138336E+01 -1.273289E+00
294  1.38436212E-01 -7.000000E+00  0.000000E+00  3.066981E+01 -1.285958E+00
295  1.44521033E-01 -7.000000E+00  0.000000E+00  2.981477E+01 -1.296373E+00
296  1.50859756E-01 -7.000000E+00  0.000000E+00  2.881130E+01 -1.304329E+00
297  1.57462138E-01 -7.000000E+00  0.000000E+00  2.765289E+01 -1.309617E+00
298  1.64338261E-01 -7.000000E+00  0.000000E+00  2.633359E+01 -1.312026E+00
299  1.71498543E-01 -7.000000E+00  0.000000E+00  2.484816E+01 -1.311343E+00
300  1.78953740E-01 -7.000000E+00  0.000000E+00  2.319220E+01 -1.307357E+00
301  1.86714961E-01 -7.000000E+00  0.000000E+00  2.136230E+01 -1.299860E+00
302  1.94793671E-01 -7.000000E+00  0.000000E+00  1.935626E+01 -1.288649E+00
303  2.03201705E-01 -7.000000E+00  0.000000E+00  1.717320E+01 -1.273528E+00
304  2.11951268E-01 -7.000000E+00  0.000000E+00  1.481382E+01 -1.254313E+00
305  2.21054953E-01 -7.000000E+00  0.000000E+00  1.228053E+01 -1.230830E+00
306  2.30525740E-01 -7.000000E+00  0.000000E+00  9.577699E+00 -1.202926E+00
307  2.40377012E-01 -7.000000E+00  0.000000E+00  6.711824E+00 -1.170467E+00
308  2.50622560E-01 -7.000000E+00  0.000000E+00  3.691745E+00 -1.133339E+00
309  2.61276588E-01 -7.000000E+00  0.000000E+00  5.288296E-01 -1.091462E+00
310  2.72353728E-01 -7.000000E+00  0.000000E+00 -2.762838E+00 -1.044782E+00
311  2.83869043E-01 -7.000000E+00  0.000000E+00 -6.166294E+00 -9.932846E-01
312  2.95838038E-01 -7.000000E+00  0.000000E+00 -9.661542E+00 -9.369935E-01
313  3.08276666E-01 -7.000000E+00  0.000000E+00 -1.322544E+01 -8.759772E-01
314  3.21201337E-01 -7.000000E+00  0.000000E+00 -1.683161E+01 -8.103525E-01
315  3.34628926E-01 -7.000000E+00  0.000000E+00 -2.045040E+01 -7.402886E-01
316  3.48576779E-01 -7.000000E+00  0.000000E+00 -2.404887E+01 -6.660106E-01
317  3.63062724E-01 -7.000000E+00  0.000000E+00 -2.759090E+01 -5.878033E-01
318  3.78105075E-01 -7.000000E+00  0.000000E+00 -3.103727E+01 -5.060138E-01
319  3.93722641E-01 -7.000000E+00  0.000000E+00 -3.434590E+01 -4.210539E-01
320  4.09934735E-01 -7.000000E+00  0.000000E+00 -3.747213E+01 -3.334021E-01
321  4.26761175E-01 -7.000000E+00  0.000000E+00 -4.036909E+01 -2.436040E-01
322  4.44222299E-01 -7.000000E+00  0.000000E+00 -4.298822E+01 -1.522727E-01
323  4.62338964E-01 -7.000000E+00  0.000000E+00 -4.527980E+01 -6.008687E-02
324  4.81132558E-01 -7.000000E+00  0.000000E+00 -4.719368E+01  3.221118E-02
325  5.00625003E-01 -7.000000E+00  0.000000E+00 -4.868007E+01  1.238198E-01
326  5.20838761E-01 -7.000000E+00  0.000000E+00 -4.969045E+01  2.138834E-01
327  5.41796842E-01 -7.000000E+00  0.000000E+00 -5.017863E+01  3.014992E-01
328  5.63522806E-01 -7.000000E+00  0.000000E+00 -5.010181E+01  3.857266E-01
329  5.86040771E-01 -7.000000E+00  0.000000E+00 -4.942186E+01  4.655974E-01
330  6.09375417E-01 -7.000000E+00  0.000000E+00 -4.810655E+01  5.401283E-01
331  6.33551989E-01 -7.000000E+00  0.000000E+00 -4.613094E+01  6.083349E-01
332  6.58596303E-01 -7.000000E+00  0.000000E+00 -4.347872E+01  6.692482E-01
333  6.84534750E-01 -7.000000E+00  0.000000E+00 -4.014360E+01  7.219313E-01
334  7.11394298E-01 -7.000000E+00  0.000000E+00 -3.613062E+01  7.654993E-01
335  7.39202495E-01 -7.000000E+00  0.000000E+00 -3.145745E+01  7.991387E-01
336  7.67987473E-01 -7.000000E+00  0.000000E+00 -2.615545E+01  8.221291E-01
337  7.97777952E-01 -7.000000E+00  0.000000E+00 -2.027069E+01  8.338644E-01
338  8.28603239E-01 -7.000000E+00  0.000000E+00 -1.386461E+01  8.338743E-01
339  8.60493229E-01 -7.000000E+00  0.000000E+00 -7.014489E+00  8.218459E-01
340  8.93478411E-01 -7.000000E+00  0.000000E+00  1.864792E-01  7.976433E-01
341  9.27589865E-01 -7.000000E+00  0.000000E+00  7.629514E+00  7.613259E-01
342  9.62859263E-01 -7.000000E+00  0.000000E+00  1.519101E+01  7.131645E-01
343  9.99318870E-01 -7.000000E+00  0.000000E+00  2.273382E+01  6.536535E-01
344  1.03700154E+00 -7.000000E+00  0.000000E+00  3.010907E+01  5.835200E-01
345  1.07594073E+00 -7.000000E+00  0.000000E+00  3.715853E+01  5.037276E-01
346  1.11617048E+00 -7.000000E+00  0.000000E+00  4.371757E+01  4.154749E-01
347  1.15772540E+00 -7.000000E+00  0.000000E+00  4.961870E+01  3.201884E-01
348  1.20064073E+00 -7.000000E+00  0.000000E+00  5.469562E+01  2.195085E-01
349  1.24495224E+00 -7.000000E+00  0.000000E+00  5.878777E+01  1.152686E-01
350  1.29069634E+00 -7.000000E+00  0.000000E+00  6.174529E+01  9.467110E-03
351  1.33790996E+00 -7.000000E+00  0.000000E+00  6.343427E+01 -9.576748E-02
352  1.38663066E+00 -7.000000E+00  0.000000E+00  6.374217E+01 -1.982189E-01
353  1.43689652E+00 -7.000000E+00  0.000000E+00  6.258321E+01 -2.956314E-01
354  1.48874622E+00 -7.000000E+00  0.000000E+00  5.990362E+01 -3.857640E-01
355  1.54221898E+00 -7.000000E+00  0.000000E+00  5.568646E+01 -4.664494E-01
356  1.59735459E+00 -7.000000E+00  0.000000E+00  4.995578E+01 -5.356555E-01
357  1.65419338E+00 -7.000000E+00  0.000000E+00  4.277997E+01 -5.915491E-01
358  1.71277623E+00 -7.000000E+00  0.000000E+00  3.427396E+01 -6.325593E-01
359  1.77314455E+00 -7.000000E+00  0.000000E+00  2.460010E+01 -6.574372E-01
360  1.83534028E+00 -7.000000E+00  0.000000E+00  1.396750E+01 -6.653122E-01
361  1.89940588E+00 -7.000000E+00  0.000000E+00  2.629618E+00 -6.557402E-01
362  1.96538434E+00 -7.000000E+00  0.000000E+00 -9.119949E+00 -6.287418E-01
363  2.03331914E+00 -7.000000E+00  0.000000E+00 -2.095365E+01 -5.848291E-01
364  2.10325426E+00 -7.000000E+00  0.000000E+00 -3.251804E+01 -5.250182E-01
365  2.17523418E+00 -7.000000E+00  0.000000E+00 -4.344366E+01 -4.508253E-01
366  2.24930384E+00 -7.000000E+00  0.000000E+00 -5.335658E+01 -3.642460E-01
367  2.32550867E+00 -7.000000E+00  0.000000E+00 -6.189132E+01 -2.677160E-01
368  2.40389455E+00 -7.000000E+00  0.000000E+00 -6.870472E+01 -1.640544E-01
369  2.48450781E+00 -7.000000E+00  0.000000E+00 -7.349037E+01 -5.638845E-02
370  2.56739524E+00 -7.000000E+00  0.000000E+00 -7.599298E+01  5.193700E-02
371  2.65260403E+00 -7.000000E+00  0.000000E+00 -7.602215E+01  1.574646E-01
372  2.74018181E+00 -7.000000E+00  0.000000E+00 -7.346475E+01  2.567403E-01
373  2.83017661E+00 -7.000000E+00  0.000000E+00 -6.829535E+01  3.464353E-01
374  2.92263687E+00 -7.000000E+00  0.000000E+00 -6.058397E+01  4.234721E-01
375  3.01761139E+00 -7.000000E+00  0.000000E+00 -5.050045E+01  4.851465E-01
376  3.11514936E+00 -7.000000E+00  0.000000E+00 -3.831509E+01  5.292427E-01
377  3.21530034E+00 -7.000000E+00  0.000000E+00 -2.439494E+01  5.541345E-01
378  3.31811423E+00 -7.000000E+00  0.000000E+00 -9.195642E+00  5.588689E-01
379  3.42364126E+00 -7.000000E+00  0.000000E+00  6.751297E+00  5.432252E-01
380  3.53193200E+00 -7.000000E+00  0.000000E+00  2.285561E+01  5.077478E-01
381  3.64303733E+00 -7.000000E+00  0.000000E+00  3.848937E+01  4.537479E-01
382  3.75700842E+00 -7.000000E+00  0.000000E+00  5.301137E+01  3.832731E-01
383  3.87389675E+00 -7.000000E+00  0.000000E+00  6.579394E+01  2.990439E-01
384  3.99375405E+00 -7.000000E+00  0.000000E+00  7.625119E+01  2.043594E-01
385  4.11663234E+00 -7.000000E+00  0.000000E+00  8.386720E+01  1.029736E-01
386  4.24258386E+00 -7.000000E+00  0.000000E+00  8.822299E+01 -1.052693E-03
387  4.37166112E+00 -7.000000E+00  0.000000E+00  8.902074E+01 -1.035184E-01
388  4.50391682E+00 -7.000000E+00  0.000000E+00  8.610380E+01 -2.002597E-01
389  4.63940390E+00 -7.000000E+00  0.000000E+00  7.947129E+01 -2.873316E-01
390  4.77817549E+00 -7.000000E+00  0.000000E+00  6.928615E+01 -3.611838E-01
391  4.92028491E+00 -7.000000E+00  0.000000E+00  5.587569E+01 -4.188227E-01
392  5.06578563E+00 -7.000000E+00  0.000000E+00  3.972424E+01 -4.579503E-01
393  5.21473132E+00 -7.000000E+00  0.000000E+00  2.145783E+01 -4.770742E-01
394  5.36717577E+00 -7.000000E+00  0.000000E+00  1.821065E+00 -4.755802E-01
395  5.52317291E+00 -7.000000E+00  0.000000E+00 -1.835293E+01 -4.537642E-01
396  5.68277680E+00 -7.000000E+00  0.000000E+00 -3.817828E+01 -4.128217E-01
397  5.84604162E+00 -7.000000E+00  0.000000E+00 -5.675637E+01 -3.547923E-01
398  6.01302162E+00 -7.000000E+00  0.000000E+00 -7.321805E+01 -2.825362E-01
399  6.18377117E+00 -7.000000E+00  0.000000E+00 -2.141308E+02 -4.913328E-01
