#      n =  7
#  kappa = -1
# energy = -1.88718676E+02
#     vc = -3.52980361E+09


0    3.84615385E-08 -1.728926E-02  0.000000E+00  0.000000E+00 -1.946916E+01
1    4.03363304E-08 -1.813201E-02  0.000000E+00 -1.360592E-04 -1.946916E+01
2    4.23025031E-08 -1.901585E-02  0.000000E+00 -2.787501E-04 -1.856424E+01
3    4.43645102E-08 -1.994276E-02  0.000000E+00 -4.283960E-04 -1.770140E+01
4    4.65270224E-08 -2.091486E-02  0.000000E+00 -5.853359E-04 -1.687866E+01
5    4.87949380E-08 -2.193433E-02  0.000000E+00 -7.499252E-04 -1.609417E+01
6    5.11733939E-08 -2.300350E-02  0.000000E+00 -9.225368E-04 -1.534614E+01
7    5.36677776E-08 -2.412477E-02  0.000000E+00 -1.103562E-03 -1.463288E+01
8    5.62837389E-08 -2.530070E-02  0.000000E+00 -1.293410E-03 -1.395277E+01
9    5.90272029E-08 -2.653394E-02  0.000000E+00 -1.492511E-03 -1.330427E+01
10   6.19043835E-08 -2.782730E-02  0.000000E+00 -1.701316E-03 -1.268592E+01
11   6.49217974E-08 -2.918368E-02  0.000000E+00 -1.920299E-03 -1.209631E+01
12   6.80862788E-08 -3.060618E-02  0.000000E+00 -2.149955E-03 -1.153410E+01
13   7.14049949E-08 -3.209801E-02  0.000000E+00 -2.390803E-03 -1.099802E+01
14   7.48854622E-08 -3.366255E-02  0.000000E+00 -2.643391E-03 -1.048687E+01
15   7.85355632E-08 -3.530335E-02  0.000000E+00 -2.908290E-03 -9.999468E+00
16   8.23635649E-08 -3.702411E-02  0.000000E+00 -3.186099E-03 -9.534723E+00
17   8.63781367E-08 -3.882874E-02  0.000000E+00 -3.477448E-03 -9.091581E+00
18   9.05883707E-08 -4.072133E-02  0.000000E+00 -3.782997E-03 -8.669035E+00
19   9.50038018E-08 -4.270616E-02  0.000000E+00 -4.103438E-03 -8.266130E+00
20   9.96344294E-08 -4.478772E-02  0.000000E+00 -4.439496E-03 -7.881951E+00
21   1.04490740E-07 -4.697072E-02  0.000000E+00 -4.791933E-03 -7.515630E+00
22   1.09583732E-07 -4.926013E-02  0.000000E+00 -5.161546E-03 -7.166334E+00
23   1.14924939E-07 -5.166111E-02  0.000000E+00 -5.549173E-03 -6.833274E+00
24   1.20526455E-07 -5.417910E-02  0.000000E+00 -5.955692E-03 -6.515695E+00
25   1.26400965E-07 -5.681981E-02  0.000000E+00 -6.382022E-03 -6.212876E+00
26   1.32561773E-07 -5.958921E-02  0.000000E+00 -6.829130E-03 -5.924133E+00
27   1.39022828E-07 -6.249358E-02  0.000000E+00 -7.298028E-03 -5.648810E+00
28   1.45798761E-07 -6.553949E-02  0.000000E+00 -7.789777E-03 -5.386283E+00
29   1.52904915E-07 -6.873385E-02  0.000000E+00 -8.305491E-03 -5.135959E+00
30   1.60357381E-07 -7.208387E-02  0.000000E+00 -8.846338E-03 -4.897270E+00
31   1.68173032E-07 -7.559716E-02  0.000000E+00 -9.413543E-03 -4.669674E+00
32   1.76369565E-07 -7.928166E-02  0.000000E+00 -1.000839E-02 -4.452657E+00
33   1.84965538E-07 -8.314571E-02  0.000000E+00 -1.063222E-02 -4.245727E+00
34   1.93980414E-07 -8.719806E-02  0.000000E+00 -1.128646E-02 -4.048414E+00
35   2.03434603E-07 -9.144789E-02  0.000000E+00 -1.197258E-02 -3.860272E+00
36   2.13349509E-07 -9.590482E-02  0.000000E+00 -1.269213E-02 -3.680875E+00
37   2.23747579E-07 -1.005789E-01  0.000000E+00 -1.344675E-02 -3.509815E+00
38   2.34652354E-07 -1.054808E-01  0.000000E+00 -1.423814E-02 -3.346706E+00
39   2.46088521E-07 -1.106216E-01  0.000000E+00 -1.506810E-02 -3.191178E+00
40   2.58081969E-07 -1.160128E-01  0.000000E+00 -1.593849E-02 -3.042879E+00
41   2.70659849E-07 -1.216668E-01  0.000000E+00 -1.685131E-02 -2.901472E+00
42   2.83850633E-07 -1.275963E-01  0.000000E+00 -1.780860E-02 -2.766637E+00
43   2.97684180E-07 -1.338147E-01  0.000000E+00 -1.881254E-02 -2.638069E+00
44   3.12191804E-07 -1.403361E-01  0.000000E+00 -1.986540E-02 -2.515476E+00
45   3.27406343E-07 -1.471752E-01  0.000000E+00 -2.096956E-02 -2.398581E+00
46   3.43362235E-07 -1.543476E-01  0.000000E+00 -2.212753E-02 -2.287119E+00
47   3.60095594E-07 -1.618695E-01  0.000000E+00 -2.334191E-02 -2.180837E+00
48   3.77644294E-07 -1.697578E-01  0.000000E+00 -2.461547E-02 -2.079494E+00
49   3.96048052E-07 -1.780305E-01  0.000000E+00 -2.595108E-02 -1.982862E+00
50   4.15348520E-07 -1.867063E-01  0.000000E+00 -2.735177E-02 -1.890720E+00
51   4.35589377E-07 -1.958048E-01  0.000000E+00 -2.882071E-02 -1.802861E+00
52   4.56816430E-07 -2.053465E-01  0.000000E+00 -3.036122E-02 -1.719084E+00
53   4.79077715E-07 -2.153531E-01  0.000000E+00 -3.197678E-02 -1.639201E+00
54   5.02423608E-07 -2.258473E-01  0.000000E+00 -3.367105E-02 -1.563031E+00
55   5.26906936E-07 -2.368526E-01  0.000000E+00 -3.544788E-02 -1.490400E+00
56   5.52583100E-07 -2.483942E-01  0.000000E+00 -3.731127E-02 -1.421144E+00
57   5.79510197E-07 -2.604979E-01  0.000000E+00 -3.926544E-02 -1.355107E+00
58   6.07749151E-07 -2.731913E-01  0.000000E+00 -4.131481E-02 -1.292138E+00
59   6.37363855E-07 -2.865031E-01  0.000000E+00 -4.346403E-02 -1.232096E+00
60   6.68421309E-07 -3.004632E-01  0.000000E+00 -4.571795E-02 -1.174843E+00
61   7.00991775E-07 -3.151034E-01  0.000000E+00 -4.808168E-02 -1.120251E+00
62   7.35148937E-07 -3.304567E-01  0.000000E+00 -5.056055E-02 -1.068195E+00
63   7.70970064E-07 -3.465579E-01  0.000000E+00 -5.316018E-02 -1.018558E+00
64   8.08536184E-07 -3.634432E-01  0.000000E+00 -5.588645E-02 -9.712272E-01
65   8.47932272E-07 -3.811509E-01  0.000000E+00 -5.874552E-02 -9.260953E-01
66   8.89247437E-07 -3.997211E-01  0.000000E+00 -6.174387E-02 -8.830600E-01
67   9.32575123E-07 -4.191956E-01  0.000000E+00 -6.488826E-02 -8.420239E-01
68   9.78013323E-07 -4.396186E-01  0.000000E+00 -6.818582E-02 -8.028938E-01
69   1.02566480E-06 -4.610360E-01  0.000000E+00 -7.164400E-02 -7.655813E-01
70   1.07563731E-06 -4.834964E-01  0.000000E+00 -7.527062E-02 -7.300016E-01
71   1.12804386E-06 -5.070505E-01  0.000000E+00 -7.907388E-02 -6.960741E-01
72   1.18300296E-06 -5.317513E-01  0.000000E+00 -8.306238E-02 -6.637220E-01
73   1.24063887E-06 -5.576548E-01  0.000000E+00 -8.724514E-02 -6.328718E-01
74   1.30108191E-06 -5.848194E-01  0.000000E+00 -9.163161E-02 -6.034536E-01
75   1.36446873E-06 -6.133063E-01  0.000000E+00 -9.623172E-02 -5.754008E-01
76   1.43094263E-06 -6.431800E-01  0.000000E+00 -1.010558E-01 -5.486496E-01
77   1.50065388E-06 -6.745077E-01  0.000000E+00 -1.061149E-01 -5.231393E-01
78   1.57376006E-06 -7.073601E-01  0.000000E+00 -1.114204E-01 -4.988122E-01
79   1.65042643E-06 -7.418113E-01  0.000000E+00 -1.169842E-01 -4.756129E-01
80   1.73082625E-06 -7.779390E-01  0.000000E+00 -1.228189E-01 -4.534889E-01
81   1.81514124E-06 -8.158245E-01  0.000000E+00 -1.289377E-01 -4.323897E-01
82   1.90356194E-06 -8.555531E-01  0.000000E+00 -1.353545E-01 -4.122676E-01
83   1.99628817E-06 -8.972144E-01  0.000000E+00 -1.420837E-01 -3.930766E-01
84   2.09352945E-06 -9.409021E-01  0.000000E+00 -1.491406E-01 -3.747733E-01
85   2.19550549E-06 -9.867144E-01  0.000000E+00 -1.565411E-01 -3.573159E-01
86   2.30244669E-06 -1.034754E+00  0.000000E+00 -1.643018E-01 -3.406646E-01
87   2.41459464E-06 -1.085130E+00  0.000000E+00 -1.724404E-01 -3.247814E-01
88   2.53220268E-06 -1.137954E+00  0.000000E+00 -1.809752E-01 -3.096302E-01
89   2.65553647E-06 -1.193346E+00  0.000000E+00 -1.899255E-01 -2.951763E-01
90   2.78487457E-06 -1.251429E+00  0.000000E+00 -1.993115E-01 -2.813866E-01
91   2.92050908E-06 -1.312333E+00  0.000000E+00 -2.091544E-01 -2.682296E-01
92   3.06274630E-06 -1.376196E+00  0.000000E+00 -2.194763E-01 -2.556749E-01
93   3.21190742E-06 -1.443159E+00  0.000000E+00 -2.303007E-01 -2.436937E-01
94   3.36832922E-06 -1.513373E+00  0.000000E+00 -2.416518E-01 -2.322584E-01
95   3.53236486E-06 -1.586994E+00  0.000000E+00 -2.535554E-01 -2.213426E-01
96   3.70438464E-06 -1.664186E+00  0.000000E+00 -2.660384E-01 -2.109208E-01
97   3.88477685E-06 -1.745120E+00  0.000000E+00 -2.791287E-01 -2.009689E-01
98   4.07394867E-06 -1.829978E+00  0.000000E+00 -2.928561E-01 -1.914636E-01
99   4.27232701E-06 -1.918947E+00  0.000000E+00 -3.072513E-01 -1.823826E-01
100  4.48035955E-06 -2.012224E+00  0.000000E+00 -3.223470E-01 -1.737043E-01
101  4.69851569E-06 -2.110015E+00  0.000000E+00 -3.381771E-01 -1.654082E-01
102  4.92728763E-06 -2.212536E+00  0.000000E+00 -3.547773E-01 -1.574745E-01
103  5.16719146E-06 -2.320013E+00  0.000000E+00 -3.721850E-01 -1.498839E-01
104  5.41876833E-06 -2.432681E+00  0.000000E+00 -3.904395E-01 -1.426180E-01
105  5.68258566E-06 -2.550787E+00  0.000000E+00 -4.095817E-01 -1.356590E-01
106  5.95923839E-06 -2.674588E+00  0.000000E+00 -4.296550E-01 -1.289895E-01
107  6.24935038E-06 -2.804354E+00  0.000000E+00 -4.507043E-01 -1.225927E-01
108  6.55357570E-06 -2.940365E+00  0.000000E+00 -4.727772E-01 -1.164523E-01
109  6.87260021E-06 -3.082914E+00  0.000000E+00 -4.959233E-01 -1.105522E-01
110  7.20714302E-06 -3.232307E+00  0.000000E+00 -5.201946E-01 -1.048769E-01
111  7.55795812E-06 -3.388864E+00  0.000000E+00 -5.456457E-01 -9.941103E-02
112  7.92583609E-06 -3.552916E+00  0.000000E+00 -5.723338E-01 -9.413943E-02
113  8.31160582E-06 -3.724808E+00  0.000000E+00 -6.003190E-01 -8.904718E-02
114  8.71613643E-06 -3.904902E+00  0.000000E+00 -6.296639E-01 -8.411945E-02
115  9.14033915E-06 -4.093570E+00  0.000000E+00 -6.604346E-01 -7.934148E-02
116  9.58516941E-06 -4.291201E+00  0.000000E+00 -6.927000E-01 -7.469847E-02
117  1.00516289E-05 -4.498198E+00  0.000000E+00 -7.265325E-01 -7.017555E-02
118  1.05407680E-05 -4.714979E+00  0.000000E+00 -7.620080E-01 -6.575770E-02
119  1.10536878E-05 -4.941975E+00  0.000000E+00 -7.992059E-01 -6.142968E-02
120  1.15915428E-05 -5.179634E+00  0.000000E+00 -8.382094E-01 -5.717594E-02
121  1.21555436E-05 -5.428414E+00  0.000000E+00 -8.791059E-01 -5.298056E-02
122  1.27469591E-05 -5.688791E+00  0.000000E+00 -9.219868E-01 -4.882713E-02
123  1.33671200E-05 -5.961251E+00  0.000000E+00 -9.669478E-01 -4.469872E-02
124  1.40174212E-05 -6.246292E+00  0.000000E+00 -1.014089E+00 -4.057770E-02
125  1.46993253E-05 -6.544425E+00  0.000000E+00 -1.063516E+00 -3.644569E-02
126  1.54143656E-05 -6.856168E+00  0.000000E+00 -1.115339E+00 -3.228347E-02
127  1.61641496E-05 -7.182046E+00  0.000000E+00 -1.169673E+00 -2.807079E-02
128  1.69503625E-05 -7.522591E+00  0.000000E+00 -1.226638E+00 -2.378633E-02
129  1.77747714E-05 -7.878335E+00  0.000000E+00 -1.286362E+00 -1.940750E-02
130  1.86392284E-05 -8.249810E+00  0.000000E+00 -1.348976E+00 -1.491035E-02
131  1.95456755E-05 -8.637540E+00  0.000000E+00 -1.414619E+00 -1.026940E-02
132  2.04961486E-05 -9.042041E+00  0.000000E+00 -1.483437E+00 -5.457507E-03
133  2.14927817E-05 -9.463809E+00  0.000000E+00 -1.555580E+00 -4.456776E-04
134  2.25378123E-05 -9.903318E+00  0.000000E+00 -1.631208E+00  4.797077E-03
135  2.36335859E-05 -1.036101E+01  0.000000E+00 -1.710487E+00  1.030392E-02
136  2.47825614E-05 -1.083728E+01  0.000000E+00 -1.793591E+00  1.611037E-02
137  2.59873163E-05 -1.133247E+01  0.000000E+00 -1.880701E+00  2.225447E-02
138  2.72505526E-05 -1.184685E+01  0.000000E+00 -1.972007E+00  2.877697E-02
139  2.85751030E-05 -1.238062E+01  0.000000E+00 -2.067709E+00  3.572151E-02
140  2.99639368E-05 -1.293386E+01  0.000000E+00 -2.168014E+00  4.313478E-02
141  3.14201664E-05 -1.350653E+01  0.000000E+00 -2.273138E+00  5.106668E-02
142  3.29470547E-05 -1.409843E+01  0.000000E+00 -2.383309E+00  5.957044E-02
143  3.45480217E-05 -1.470919E+01  0.000000E+00 -2.498763E+00  6.870272E-02
144  3.62266526E-05 -1.533821E+01  0.000000E+00 -2.619747E+00  7.852370E-02
145  3.79867053E-05 -1.598464E+01  0.000000E+00 -2.746520E+00  8.909706E-02
146  3.98321188E-05 -1.664731E+01  0.000000E+00 -2.879351E+00  1.004899E-01
147  4.17670220E-05 -1.732470E+01  0.000000E+00 -3.018520E+00  1.127726E-01
148  4.37957426E-05 -1.801487E+01  0.000000E+00 -3.164322E+00  1.260185E-01
149  4.59228168E-05 -1.871536E+01  0.000000E+00 -3.317062E+00  1.403034E-01
150  4.81529991E-05 -1.942313E+01  0.000000E+00 -3.477059E+00  1.557051E-01
151  5.04912729E-05 -2.013447E+01  0.000000E+00 -3.644646E+00  1.723022E-01
152  5.29428615E-05 -2.084484E+01  0.000000E+00 -3.820172E+00  1.901731E-01
153  5.55132392E-05 -2.154879E+01  0.000000E+00 -4.003998E+00  2.093943E-01
154  5.82081436E-05 -2.223977E+01  0.000000E+00 -4.196504E+00  2.300381E-01
155  6.10335883E-05 -2.290996E+01  0.000000E+00 -4.398086E+00  2.521702E-01
156  6.39958756E-05 -2.355006E+01  0.000000E+00 -4.609159E+00  2.758459E-01
157  6.71016106E-05 -2.414909E+01  0.000000E+00 -4.830156E+00  3.010947E-01
158  7.03577159E-05 -2.469405E+01  0.000000E+00 -5.061534E+00  3.280295E-01
159  7.37714458E-05 -2.516964E+01  0.000000E+00 -5.303769E+00  3.581188E-01
160  7.73504032E-05 -2.555792E+01  0.000000E+00 -5.557368E+00  3.796702E-01
161  8.11025555E-05 -2.583782E+01  0.000000E+00 -5.823040E+00  3.729804E-01
162  8.50362521E-05 -2.598472E+01  0.000000E+00 -6.101403E+00  5.228838E-01
163  8.91602425E-05 -2.600000E+01  0.000000E+00 -6.390968E+00  5.232124E-01
164  9.34836956E-05 -2.600000E+01  0.000000E+00 -6.696487E+00  4.534052E-01
165  9.80162191E-05 -2.600000E+01  0.000000E+00 -7.015680E+00  5.553042E-01
166  1.02767881E-04 -2.600000E+01  0.000000E+00 -7.349726E+00  5.954266E-01
167  1.07749230E-04 -2.600000E+01  0.000000E+00 -7.699488E+00  6.321776E-01
168  1.12971321E-04 -2.600000E+01  0.000000E+00 -8.065697E+00  6.720734E-01
169  1.18445737E-04 -2.600000E+01  0.000000E+00 -8.449117E+00  7.134309E-01
170  1.24184612E-04 -2.600000E+01  0.000000E+00 -8.850554E+00  7.563012E-01
171  1.30200662E-04 -2.600000E+01  0.000000E+00 -9.270847E+00  8.007866E-01
172  1.36507211E-04 -2.600000E+01  0.000000E+00 -9.710875E+00  8.469809E-01
173  1.43118215E-04 -2.600000E+01  0.000000E+00 -1.017155E+01  8.949815E-01
174  1.50048300E-04 -2.600000E+01  0.000000E+00 -1.065385E+01  9.448894E-01
175  1.57312784E-04 -2.600000E+01  0.000000E+00 -1.115875E+01  9.968095E-01
176  1.64927719E-04 -2.600000E+01  0.000000E+00 -1.168732E+01  1.050851E+00
177  1.72909919E-04 -2.600000E+01  0.000000E+00 -1.224064E+01  1.107126E+00
178  1.81277000E-04 -2.600000E+01  0.000000E+00 -1.281987E+01  1.165754E+00
179  1.90047413E-04 -2.600000E+01  0.000000E+00 -1.342619E+01  1.226857E+00
180  1.99240487E-04 -2.600000E+01  0.000000E+00 -1.406086E+01  1.290561E+00
181  2.08876471E-04 -2.600000E+01  0.000000E+00 -1.472517E+01  1.357000E+00
182  2.18976572E-04 -2.600000E+01  0.000000E+00 -1.542049E+01  1.426311E+00
183  2.29563006E-04 -2.600000E+01  0.000000E+00 -1.614825E+01  1.498638E+00
184  2.40659040E-04 -2.600000E+01  0.000000E+00 -1.690991E+01  1.574131E+00
185  2.52289045E-04 -2.600000E+01  0.000000E+00 -1.770704E+01  1.652946E+00
186  2.64478543E-04 -2.600000E+01  0.000000E+00 -1.854125E+01  1.735244E+00
187  2.77254268E-04 -2.600000E+01  0.000000E+00 -1.941423E+01  1.821196E+00
188  2.90644213E-04 -2.600000E+01  0.000000E+00 -2.032774E+01  1.910977E+00
189  3.04677697E-04 -2.600000E+01  0.000000E+00 -2.128361E+01  2.004770E+00
190  3.19385420E-04 -2.600000E+01  0.000000E+00 -2.228375E+01  2.102769E+00
191  3.34799535E-04 -2.600000E+01  0.000000E+00 -2.333018E+01  2.205171E+00
192  3.50953704E-04 -2.600000E+01  0.000000E+00 -2.442496E+01  2.312185E+00
193  3.67883180E-04 -2.600000E+01  0.000000E+00 -2.557028E+01  2.424027E+00
194  3.85624872E-04 -2.600000E+01  0.000000E+00 -2.676838E+01  2.540924E+00
195  4.04217424E-04 -2.600000E+01  0.000000E+00 -2.802163E+01  2.663109E+00
196  4.23701298E-04 -2.600000E+01  0.000000E+00 -2.933248E+01  2.790829E+00
197  4.44118851E-04 -2.600000E+01  0.000000E+00 -3.070349E+01  2.924339E+00
198  4.65514431E-04 -2.600000E+01  0.000000E+00 -3.213732E+01  3.063905E+00
199  4.87934460E-04 -2.600000E+01  0.000000E+00 -3.363673E+01  3.209804E+00
200  5.11427534E-04 -2.600000E+01  0.000000E+00 -3.520461E+01  3.362324E+00
201  5.36044522E-04 -2.600000E+01  0.000000E+00 -3.684396E+01  3.521766E+00
202  5.61838669E-04 -2.600000E+01  0.000000E+00 -3.855789E+01  3.688443E+00
203  5.88865703E-04 -2.600000E+01  0.000000E+00 -4.034963E+01  3.862681E+00
204  6.17183953E-04 -2.600000E+01  0.000000E+00 -4.222257E+01  4.044820E+00
205  6.46854462E-04 -2.600000E+01  0.000000E+00 -4.418017E+01  4.235210E+00
206  6.77941112E-04 -2.600000E+01  0.000000E+00 -4.622609E+01  4.434221E+00
207  7.10510757E-04 -2.600000E+01  0.000000E+00 -4.836408E+01  4.642233E+00
208  7.44633350E-04 -2.600000E+01  0.000000E+00 -5.059805E+01  4.859643E+00
209  7.80382089E-04 -2.600000E+01  0.000000E+00 -5.293204E+01  5.086865E+00
210  8.17833560E-04 -2.600000E+01  0.000000E+00 -5.537025E+01  5.324326E+00
211  8.57067893E-04 -2.600000E+01  0.000000E+00 -5.791703E+01  5.572473E+00
212  8.98168917E-04 -2.600000E+01  0.000000E+00 -6.057688E+01  5.831768E+00
213  9.41224330E-04 -2.600000E+01  0.000000E+00 -6.335444E+01  6.102692E+00
214  9.86325868E-04 -2.600000E+01  0.000000E+00 -6.625453E+01  6.385742E+00
215  1.03356949E-03 -2.600000E+01  0.000000E+00 -6.928211E+01  6.681435E+00
216  1.08305556E-03 -2.600000E+01  0.000000E+00 -7.244231E+01  6.990309E+00
217  1.13488906E-03 -2.600000E+01  0.000000E+00 -7.574043E+01  7.312917E+00
218  1.18917976E-03 -2.600000E+01  0.000000E+00 -7.918191E+01  7.649837E+00
219  1.24604247E-03 -2.600000E+01  0.000000E+00 -8.277237E+01  8.001662E+00
220  1.30559723E-03 -2.600000E+01  0.000000E+00 -8.651758E+01  8.369011E+00
221  1.36796957E-03 -2.600000E+01  0.000000E+00 -9.042349E+01  8.752519E+00
222  1.43329073E-03 -2.600000E+01  0.000000E+00 -9.449618E+01  9.152847E+00
223  1.50169792E-03 -2.600000E+01  0.000000E+00 -9.874191E+01  9.570675E+00
224  1.57333457E-03 -2.600000E+01  0.000000E+00 -1.031671E+02  1.000671E+01
225  1.64835061E-03 -2.600000E+01  0.000000E+00 -1.077782E+02  1.046166E+01
226  1.72690277E-03 -2.600000E+01  0.000000E+00 -1.125820E+02  1.093629E+01
227  1.80915483E-03 -2.600000E+01  0.000000E+00 -1.175853E+02  1.143136E+01
228  1.89527797E-03 -2.600000E+01  0.000000E+00 -1.227950E+02  1.194767E+01
229  1.98545107E-03 -2.600000E+01  0.000000E+00 -1.282182E+02  1.248601E+01
230  2.07986105E-03 -2.600000E+01  0.000000E+00 -1.338620E+02  1.304724E+01
231  2.17870319E-03 -2.600000E+01  0.000000E+00 -1.397336E+02  1.363221E+01
232  2.28218152E-03 -2.600000E+01  0.000000E+00 -1.458404E+02  1.424178E+01
233  2.39050917E-03 -2.600000E+01  0.000000E+00 -1.521897E+02  1.487686E+01
234  2.50390877E-03 -2.600000E+01  0.000000E+00 -1.587888E+02  1.553837E+01
235  2.62261286E-03 -2.600000E+01  0.000000E+00 -1.656452E+02  1.622724E+01
236  2.74686426E-03 -2.600000E+01  0.000000E+00 -1.727661E+02  1.694441E+01
237  2.87691658E-03 -2.600000E+01  0.000000E+00 -1.801589E+02  1.769087E+01
238  3.01303461E-03 -2.600000E+01  0.000000E+00 -1.878307E+02  1.846758E+01
239  3.15549481E-03 -2.600000E+01  0.000000E+00 -1.957886E+02  1.927556E+01
240  3.30458578E-03 -2.600000E+01  0.000000E+00 -2.040395E+02  2.011579E+01
241  3.46060881E-03 -2.600000E+01  0.000000E+00 -2.125900E+02  2.098929E+01
242  3.62387833E-03 -2.600000E+01  0.000000E+00 -2.214464E+02  2.189709E+01
243  3.79472251E-03 -2.600000E+01  0.000000E+00 -2.306149E+02  2.284020E+01
244  3.97348381E-03 -2.600000E+01  0.000000E+00 -2.401011E+02  2.381964E+01
245  4.16051954E-03 -2.600000E+01  0.000000E+00 -2.499101E+02  2.483642E+01
246  4.35620249E-03 -2.600000E+01  0.000000E+00 -2.600466E+02  2.589156E+01
247  4.56092153E-03 -2.600000E+01  0.000000E+00 -2.705145E+02  2.698604E+01
248  4.77508229E-03 -2.600000E+01  0.000000E+00 -2.813171E+02  2.812082E+01
249  4.99910780E-03 -2.600000E+01  0.000000E+00 -2.924569E+02  2.929687E+01
250  5.23343919E-03 -2.600000E+01  0.000000E+00 -3.039354E+02  3.051508E+01
251  5.47853642E-03 -2.600000E+01  0.000000E+00 -3.157531E+02  3.177634E+01
252  5.73487902E-03 -2.600000E+01  0.000000E+00 -3.279094E+02  3.308147E+01
253  6.00296686E-03 -2.600000E+01  0.000000E+00 -3.404022E+02  3.443124E+01
254  6.28332092E-03 -2.600000E+01  0.000000E+00 -3.532282E+02  3.582637E+01
255  6.57648414E-03 -2.600000E+01  0.000000E+00 -3.663824E+02  3.726749E+01
256  6.88302227E-03 -2.600000E+01  0.000000E+00 -3.798581E+02  3.875515E+01
257  7.20352471E-03 -2.600000E+01  0.000000E+00 -3.936465E+02  4.028980E+01
258  7.53860546E-03 -2.600000E+01  0.000000E+00 -4.077370E+02  4.187178E+01
259  7.88890400E-03 -2.600000E+01  0.000000E+00 -4.221163E+02  4.350132E+01
260  8.25508633E-03 -2.600000E+01  0.000000E+00 -4.367690E+02  4.517850E+01
261  8.63784588E-03 -2.600000E+01  0.000000E+00 -4.516768E+02  4.690325E+01
262  9.03790458E-03 -2.600000E+01  0.000000E+00 -4.668183E+02  4.867533E+01
263  9.45601390E-03 -2.600000E+01  0.000000E+00 -4.821690E+02  5.049432E+01
264  9.89295594E-03 -2.600000E+01  0.000000E+00 -4.977012E+02  5.235958E+01
265  1.03495446E-02 -2.600000E+01  0.000000E+00 -5.133832E+02  5.427026E+01
266  1.08266265E-02 -2.600000E+01  0.000000E+00 -5.291794E+02  5.622525E+01
267  1.13250827E-02 -2.600000E+01  0.000000E+00 -5.450501E+02  5.822318E+01
268  1.18458292E-02 -2.600000E+01  0.000000E+00 -5.609511E+02  6.026238E+01
269  1.23898187E-02 -2.600000E+01  0.000000E+00 -5.768332E+02  6.234087E+01
270  1.29580417E-02 -2.600000E+01  0.000000E+00 -5.926425E+02  6.445634E+01
271  1.35515280E-02 -2.600000E+01  0.000000E+00 -6.083194E+02  6.660609E+01
272  1.41713478E-02 -2.600000E+01  0.000000E+00 -6.237989E+02  6.878703E+01
273  1.48186132E-02 -2.600000E+01  0.000000E+00 -6.390102E+02  7.099567E+01
274  1.54944796E-02 -2.600000E+01  0.000000E+00 -6.538761E+02  7.322805E+01
275  1.62001474E-02 -2.600000E+01  0.000000E+00 -6.683134E+02  7.547973E+01
276  1.69368630E-02 -2.600000E+01  0.000000E+00 -6.822322E+02  7.774579E+01
277  1.77059209E-02 -2.600000E+01  0.000000E+00 -6.955356E+02  8.002073E+01
278  1.85086648E-02 -2.600000E+01  0.000000E+00 -7.081202E+02  8.229853E+01
279  1.93464895E-02 -2.600000E+01  0.000000E+00 -7.198754E+02  8.457257E+01
280  2.02208423E-02 -2.600000E+01  0.000000E+00 -7.306835E+02  8.683558E+01
281  2.11332251E-02 -2.600000E+01  0.000000E+00 -7.404199E+02  8.907970E+01
282  2.20851956E-02 -2.600000E+01  0.000000E+00 -7.489531E+02  9.129637E+01
283  2.30783692E-02 -2.600000E+01  0.000000E+00 -7.561444E+02  9.347635E+01
284  2.41144210E-02 -2.600000E+01  0.000000E+00 -7.618489E+02  9.560972E+01
285  2.51950874E-02 -2.600000E+01  0.000000E+00 -7.659155E+02  9.768581E+01
286  2.63221682E-02 -2.600000E+01  0.000000E+00 -7.681871E+02  9.969327E+01
287  2.74975278E-02 -2.600000E+01  0.000000E+00 -7.685018E+02  1.016200E+02
288  2.87230982E-02 -2.600000E+01  0.000000E+00 -7.666929E+02  1.034531E+02
289  3.00008798E-02 -2.600000E+01  0.000000E+00 -7.625905E+02  1.051792E+02
290  3.13329442E-02 -2.600000E+01  0.000000E+00 -7.560223E+02  1.067839E+02
291  3.27214359E-02 -2.600000E+01  0.000000E+00 -7.468148E+02  1.082524E+02
292  3.41685741E-02 -2.600000E+01  0.000000E+00 -7.347948E+02  1.095691E+02
293  3.56766553E-02 -2.600000E+01  0.000000E+00 -7.197912E+02  1.107179E+02
294  3.72480548E-02 -2.600000E+01  0.000000E+00 -7.016367E+02  1.116822E+02
295  3.88852292E-02 -2.600000E+01  0.000000E+00 -6.801704E+02  1.124450E+02
296  4.05907183E-02 -2.600000E+01  0.000000E+00 -6.552395E+02  1.129886E+02
297  4.23671475E-02 -2.600000E+01  0.000000E+00 -6.267028E+02  1.132956E+02
298  4.42172296E-02 -2.600000E+01  0.000000E+00 -5.944329E+02  1.133480E+02
299  4.61437673E-02 -2.600000E+01  0.000000E+00 -5.583198E+02  1.131281E+02
300  4.81496552E-02 -2.600000E+01  0.000000E+00 -5.182744E+02  1.126181E+02
301  5.02378822E-02 -2.600000E+01  0.000000E+00 -4.742318E+02  1.118009E+02
302  5.24115334E-02 -2.600000E+01  0.000000E+00 -4.261555E+02  1.106596E+02
303  5.46737927E-02 -2.600000E+01  0.000000E+00 -3.740415E+02  1.091783E+02
304  5.70279449E-02 -2.600000E+01  0.000000E+00 -3.179226E+02  1.073420E+02
305  5.94773778E-02 -2.600000E+01  0.000000E+00 -2.578726E+02  1.051370E+02
306  6.20255845E-02 -2.600000E+01  0.000000E+00 -1.940110E+02  1.025511E+02
307  6.46761658E-02 -2.600000E+01  0.000000E+00 -1.265074E+02  9.957401E+01
308  6.74328323E-02 -2.600000E+01  0.000000E+00 -5.558582E+01  9.619751E+01
309  7.02994066E-02 -2.600000E+01  0.000000E+00  1.847083E+01  9.241591E+01
310  7.32798254E-02 -2.600000E+01  0.000000E+00  9.531706E+01  8.822633E+01
311  7.63781421E-02 -2.600000E+01  0.000000E+00  1.745410E+02  8.362904E+01
312  7.95985287E-02 -2.600000E+01  0.000000E+00  2.556615E+02  7.862783E+01
313  8.29452777E-02 -2.600000E+01  0.000000E+00  3.381255E+02  7.323034E+01
314  8.64228050E-02 -2.600000E+01  0.000000E+00  4.213069E+02  6.744839E+01
315  9.00356511E-02 -2.600000E+01  0.000000E+00  5.045054E+02  6.129833E+01
316  9.37884839E-02 -2.600000E+01  0.000000E+00  5.869476E+02  5.480129E+01
317  9.76861005E-02 -2.600000E+01  0.000000E+00  6.677888E+02  4.798351E+01
318  1.01733429E-01 -2.600000E+01  0.000000E+00  7.461164E+02  4.087649E+01
319  1.05935531E-01 -2.600000E+01  0.000000E+00  8.209554E+02  3.351720E+01
320  1.10297603E-01 -2.600000E+01  0.000000E+00  8.912753E+02  2.594821E+01
321  1.14824978E-01 -2.600000E+01  0.000000E+00  9.559998E+02  1.821766E+01
322  1.19523129E-01 -2.600000E+01  0.000000E+00  1.014018E+03  1.037926E+01
323  1.24397668E-01 -2.600000E+01  0.000000E+00  1.064197E+03  2.492124E+00
324  1.29454351E-01 -2.600000E+01  0.000000E+00  1.105403E+03 -5.379495E+00
325  1.34699076E-01 -2.600000E+01  0.000000E+00  1.136512E+03 -1.316658E+01
326  1.40137889E-01 -2.600000E+01  0.000000E+00  1.156439E+03 -2.079584E+01
327  1.45776982E-01 -2.600000E+01  0.000000E+00  1.164156E+03 -2.819039E+01
328  1.51622693E-01 -2.600000E+01  0.000000E+00  1.158720E+03 -3.527050E+01
329  1.57681514E-01 -2.600000E+01  0.000000E+00  1.139302E+03 -4.195454E+01
330  1.63960087E-01 -2.600000E+01  0.000000E+00  1.105211E+03 -4.816008E+01
331  1.70465203E-01 -2.600000E+01  0.000000E+00  1.055932E+03 -5.380508E+01
332  1.77203812E-01 -2.600000E+01  0.000000E+00  9.911470E+02 -5.880927E+01
333  1.84183014E-01 -2.600000E+01  0.000000E+00  9.107739E+02 -6.309565E+01
334  1.91410067E-01 -2.600000E+01  0.000000E+00  8.149907E+02 -6.659207E+01
335  1.98892385E-01 -2.600000E+01  0.000000E+00  7.042643E+02 -6.923288E+01
336  2.06637539E-01 -2.600000E+01  0.000000E+00  5.793745E+02 -7.096076E+01
337  2.14653256E-01 -2.600000E+01  0.000000E+00  4.414338E+02 -7.172839E+01
338  2.22947425E-01 -2.600000E+01  0.000000E+00  2.919017E+02 -7.150026E+01
339  2.31528090E-01 -2.600000E+01  0.000000E+00  1.325928E+02 -7.025434E+01
340  2.40403456E-01 -2.600000E+01  0.000000E+00 -3.432341E+01 -6.798369E+01
341  2.49581888E-01 -2.600000E+01  0.000000E+00 -2.063317E+02 -6.469785E+01
342  2.59071910E-01 -2.600000E+01  0.000000E+00 -3.805906E+02 -6.042404E+01
343  2.68882204E-01 -2.600000E+01  0.000000E+00 -5.539628E+02 -5.520812E+01
344  2.79021613E-01 -2.600000E+01  0.000000E+00 -7.230577E+02 -4.911512E+01
345  2.89499140E-01 -2.600000E+01  0.000000E+00 -8.842862E+02 -4.222946E+01
346  3.00323944E-01 -2.600000E+01  0.000000E+00 -1.033928E+03 -3.465469E+01
347  3.11505347E-01 -2.600000E+01  0.000000E+00 -1.168211E+03 -2.651269E+01
348  3.23052824E-01 -2.600000E+01  0.000000E+00 -1.283404E+03 -1.794243E+01
349  3.34976010E-01 -2.600000E+01  0.000000E+00 -1.375913E+03 -9.098098E+00
350  3.47284696E-01 -2.600000E+01  0.000000E+00 -1.442398E+03 -1.466692E-01
351  3.59988830E-01 -2.600000E+01  0.000000E+00 -1.479882E+03  8.735056E+00
352  3.73098512E-01 -2.600000E+01  0.000000E+00 -1.485873E+03  1.736397E+01
353  3.86623997E-01 -2.600000E+01  0.000000E+00 -1.458481E+03  2.555469E+01
354  4.00575693E-01 -2.600000E+01  0.000000E+00 -1.396528E+03  3.312392E+01
355  4.14964157E-01 -2.600000E+01  0.000000E+00 -1.299656E+03  3.989529E+01
356  4.29800097E-01 -2.600000E+01  0.000000E+00 -1.168412E+03  4.570423E+01
357  4.45094368E-01 -2.600000E+01  0.000000E+00 -1.004323E+03  5.040307E+01
358  4.60857972E-01 -2.600000E+01  0.000000E+00 -8.099337E+02  5.386594E+01
359  4.77102054E-01 -2.600000E+01  0.000000E+00 -5.888327E+02  5.599351E+01
360  4.93837905E-01 -2.600000E+01  0.000000E+00 -3.456298E+02  5.671723E+01
361  5.11076952E-01 -2.600000E+01  0.000000E+00 -8.590570E+01  5.600297E+01
362  5.28830764E-01 -2.600000E+01  0.000000E+00  1.838803E+02  5.385391E+01
363  5.47111045E-01 -2.600000E+01  0.000000E+00  4.565225E+02  5.031234E+01
364  5.65929632E-01 -2.600000E+01  0.000000E+00  7.242409E+02  4.546046E+01
365  5.85298497E-01 -2.600000E+01  0.000000E+00  9.788906E+02  3.941989E+01
366  6.05229738E-01 -2.600000E+01  0.000000E+00  1.212206E+03  3.234977E+01
367  6.25735581E-01 -2.600000E+01  0.000000E+00  1.416071E+03  2.444364E+01
368  6.46828377E-01 -2.600000E+01  0.000000E+00  1.582814E+03  1.592480E+01
369  6.68520596E-01 -2.600000E+01  0.000000E+00  1.705507E+03  7.040454E+00
370  6.90824829E-01 -2.600000E+01  0.000000E+00  1.778267E+03 -1.945329E+00
371  7.13753783E-01 -2.600000E+01  0.000000E+00  1.796548E+03 -1.075969E+01
372  7.37320275E-01 -2.600000E+01  0.000000E+00  1.757400E+03 -1.912975E+01
373  7.61537235E-01 -2.600000E+01  0.000000E+00  1.659692E+03 -2.679187E+01
374  7.86417698E-01 -2.600000E+01  0.000000E+00  1.504281E+03 -3.350106E+01
375  8.11974805E-01 -2.600000E+01  0.000000E+00  1.294113E+03 -3.904002E+01
376  8.38221795E-01 -2.600000E+01  0.000000E+00  1.034256E+03 -4.322772E+01
377  8.65172007E-01 -2.600000E+01  0.000000E+00  7.318365E+02 -4.592684E+01
378  8.92838873E-01 -2.600000E+01  0.000000E+00  3.959021E+02 -4.704985E+01
379  9.21235916E-01 -2.600000E+01  0.000000E+00  3.718336E+01 -4.656345E+01
380  9.50376748E-01 -2.600000E+01  0.000000E+00 -3.322241E+02 -4.449094E+01
381  9.80275062E-01 -2.600000E+01  0.000000E+00 -6.992583E+02 -4.091253E+01
382  1.01094464E+00 -2.600000E+01  0.000000E+00 -1.050356E+03 -3.596325E+01
383  1.04239933E+00 -2.600000E+01  0.000000E+00 -1.371965E+03 -2.982869E+01
384  1.07465306E+00 -2.600000E+01  0.000000E+00 -1.651096E+03 -2.273853E+01
385  1.10771983E+00 -2.600000E+01  0.000000E+00 -1.875865E+03 -1.495806E+01
386  1.14161372E+00 -2.600000E+01  0.000000E+00 -2.036039E+03 -6.778097E+00
387  1.17634884E+00 -2.600000E+01  0.000000E+00 -2.123519E+03  1.496349E+00
388  1.21193940E+00 -2.600000E+01  0.000000E+00 -2.132766E+03  9.558198E+00
389  1.24839963E+00 -2.600000E+01  0.000000E+00 -2.061133E+03  1.711065E+01
390  1.28574385E+00 -2.600000E+01  0.000000E+00 -1.909082E+03  2.387918E+01
391  1.32398640E+00 -2.600000E+01  0.000000E+00 -1.680274E+03  2.962270E+01
392  1.36314168E+00 -2.600000E+01  0.000000E+00 -1.381520E+03  3.414319E+01
393  1.40322414E+00 -2.600000E+01  0.000000E+00 -1.022596E+03  3.729359E+01
394  1.44424826E+00 -2.600000E+01  0.000000E+00 -6.159172E+02  3.898328E+01
395  1.48622855E+00 -2.600000E+01  0.000000E+00 -1.760823E+02  3.918109E+01
396  1.52917958E+00 -2.600000E+01  0.000000E+00  2.806835E+02  3.791564E+01
397  1.57311591E+00 -2.600000E+01  0.000000E+00  7.371746E+02  3.527293E+01
398  1.61805217E+00 -2.600000E+01  0.000000E+00  1.175905E+03  3.139618E+01
399  1.66400299E+00 -2.600000E+01  0.000000E+00  5.682680E+03  9.512427E+01
