#      n =  9
#  kappa = -1
# energy = -7.42975603E+01
#     vc = -5.79604021E+08


0    4.76190476E-08 -1.859665E-02  0.000000E+00  0.000000E+00 -7.652710E+00
1    4.99403378E-08 -1.950318E-02  0.000000E+00 -5.819831E-05 -7.652710E+00
2    5.23747776E-08 -2.045391E-02  0.000000E+00 -1.192335E-04 -7.297000E+00
3    5.49278819E-08 -2.145097E-02  0.000000E+00 -1.832437E-04 -6.957828E+00
4    5.76054345E-08 -2.249663E-02  0.000000E+00 -2.503741E-04 -6.634422E+00
5    6.04135008E-08 -2.359326E-02  0.000000E+00 -3.207766E-04 -6.326049E+00
6    6.33584421E-08 -2.474335E-02  0.000000E+00 -3.946108E-04 -6.032010E+00
7    6.64469293E-08 -2.594950E-02  0.000000E+00 -4.720439E-04 -5.751639E+00
8    6.96859588E-08 -2.721443E-02  0.000000E+00 -5.532514E-04 -5.484301E+00
9    7.30828676E-08 -2.854103E-02  0.000000E+00 -6.384171E-04 -5.229389E+00
10   7.66453505E-08 -2.993228E-02  0.000000E+00 -7.277340E-04 -4.986326E+00
11   8.03814771E-08 -3.139135E-02  0.000000E+00 -8.214044E-04 -4.754562E+00
12   8.42997103E-08 -3.292153E-02  0.000000E+00 -9.196405E-04 -4.533571E+00
13   8.84089253E-08 -3.452630E-02  0.000000E+00 -1.022665E-03 -4.322852E+00
14   9.27184300E-08 -3.620929E-02  0.000000E+00 -1.130711E-03 -4.121928E+00
15   9.72379856E-08 -3.797431E-02  0.000000E+00 -1.244023E-03 -3.930344E+00
16   1.01977829E-07 -3.982535E-02  0.000000E+00 -1.362858E-03 -3.747664E+00
17   1.06948696E-07 -4.176662E-02  0.000000E+00 -1.487485E-03 -3.573477E+00
18   1.12161845E-07 -4.380251E-02  0.000000E+00 -1.618187E-03 -3.407386E+00
19   1.17629085E-07 -4.593762E-02  0.000000E+00 -1.755259E-03 -3.249015E+00
20   1.23362797E-07 -4.817680E-02  0.000000E+00 -1.899012E-03 -3.098006E+00
21   1.29375968E-07 -5.052512E-02  0.000000E+00 -2.049771E-03 -2.954016E+00
22   1.35682216E-07 -5.298789E-02  0.000000E+00 -2.207879E-03 -2.816719E+00
23   1.42295825E-07 -5.557069E-02  0.000000E+00 -2.373692E-03 -2.685803E+00
24   1.49231771E-07 -5.827938E-02  0.000000E+00 -2.547587E-03 -2.560973E+00
25   1.56505765E-07 -6.112008E-02  0.000000E+00 -2.729957E-03 -2.441946E+00
26   1.64134277E-07 -6.409923E-02  0.000000E+00 -2.921215E-03 -2.328451E+00
27   1.72134585E-07 -6.722357E-02  0.000000E+00 -3.121795E-03 -2.220231E+00
28   1.80524806E-07 -7.050019E-02  0.000000E+00 -3.332151E-03 -2.117041E+00
29   1.89323941E-07 -7.393649E-02  0.000000E+00 -3.552758E-03 -2.018648E+00
30   1.98551914E-07 -7.754027E-02  0.000000E+00 -3.784118E-03 -1.924829E+00
31   2.08229624E-07 -8.131968E-02  0.000000E+00 -4.026752E-03 -1.835370E+00
32   2.18378983E-07 -8.528328E-02  0.000000E+00 -4.281212E-03 -1.750069E+00
33   2.29022975E-07 -8.944004E-02  0.000000E+00 -4.548073E-03 -1.668734E+00
34   2.40185701E-07 -9.379938E-02  0.000000E+00 -4.827940E-03 -1.591178E+00
35   2.51892436E-07 -9.837117E-02  0.000000E+00 -5.121445E-03 -1.517228E+00
36   2.64169689E-07 -1.031658E-01  0.000000E+00 -5.429254E-03 -1.446715E+00
37   2.77045256E-07 -1.081940E-01  0.000000E+00 -5.752064E-03 -1.379479E+00
38   2.90548290E-07 -1.134673E-01  0.000000E+00 -6.090606E-03 -1.315368E+00
39   3.04709363E-07 -1.189975E-01  0.000000E+00 -6.445645E-03 -1.254237E+00
40   3.19560537E-07 -1.247972E-01  0.000000E+00 -6.817986E-03 -1.195948E+00
41   3.35135434E-07 -1.308796E-01  0.000000E+00 -7.208472E-03 -1.140368E+00
42   3.51469316E-07 -1.372584E-01  0.000000E+00 -7.617987E-03 -1.087371E+00
43   3.68599158E-07 -1.439479E-01  0.000000E+00 -8.047458E-03 -1.036837E+00
44   3.86563742E-07 -1.509635E-01  0.000000E+00 -8.497857E-03 -9.886524E-01
45   4.05403733E-07 -1.583209E-01  0.000000E+00 -8.970203E-03 -9.427071E-01
46   4.25161780E-07 -1.660368E-01  0.000000E+00 -9.465567E-03 -8.988972E-01
47   4.45882607E-07 -1.741286E-01  0.000000E+00 -9.985068E-03 -8.571235E-01
48   4.67613119E-07 -1.826148E-01  0.000000E+00 -1.052988E-02 -8.172913E-01
49   4.90402501E-07 -1.915144E-01  0.000000E+00 -1.110125E-02 -7.793104E-01
50   5.14302336E-07 -2.008476E-01  0.000000E+00 -1.170045E-02 -7.430947E-01
51   5.39366718E-07 -2.106356E-01  0.000000E+00 -1.232885E-02 -7.085622E-01
52   5.65652375E-07 -2.209005E-01  0.000000E+00 -1.298787E-02 -6.756346E-01
53   5.93218797E-07 -2.316654E-01  0.000000E+00 -1.367900E-02 -6.442373E-01
54   6.22128371E-07 -2.429548E-01  0.000000E+00 -1.440381E-02 -6.142991E-01
55   6.52446521E-07 -2.547942E-01  0.000000E+00 -1.516393E-02 -5.857523E-01
56   6.84241856E-07 -2.672104E-01  0.000000E+00 -1.596108E-02 -5.585321E-01
57   7.17586327E-07 -2.802314E-01  0.000000E+00 -1.679707E-02 -5.325769E-01
58   7.52555387E-07 -2.938867E-01  0.000000E+00 -1.767380E-02 -5.078279E-01
59   7.89228161E-07 -3.082072E-01  0.000000E+00 -1.859323E-02 -4.842289E-01
60   8.27687628E-07 -3.232253E-01  0.000000E+00 -1.955747E-02 -4.617266E-01
61   8.68020804E-07 -3.389749E-01  0.000000E+00 -2.056867E-02 -4.402698E-01
62   9.10318942E-07 -3.554915E-01  0.000000E+00 -2.162915E-02 -4.198100E-01
63   9.54677738E-07 -3.728126E-01  0.000000E+00 -2.274128E-02 -4.003009E-01
64   1.00119754E-06 -3.909773E-01  0.000000E+00 -2.390760E-02 -3.816982E-01
65   1.04998360E-06 -4.100267E-01  0.000000E+00 -2.513073E-02 -3.639597E-01
66   1.10114625E-06 -4.300036E-01  0.000000E+00 -2.641344E-02 -3.470453E-01
67   1.15480125E-06 -4.509534E-01  0.000000E+00 -2.775864E-02 -3.309166E-01
68   1.21106993E-06 -4.729233E-01  0.000000E+00 -2.916937E-02 -3.155370E-01
69   1.27007959E-06 -4.959629E-01  0.000000E+00 -3.064881E-02 -3.008717E-01
70   1.33196367E-06 -5.201241E-01  0.000000E+00 -3.220032E-02 -2.868875E-01
71   1.39686212E-06 -5.454617E-01  0.000000E+00 -3.382740E-02 -2.735527E-01
72   1.46492173E-06 -5.720326E-01  0.000000E+00 -3.553374E-02 -2.608369E-01
73   1.53629638E-06 -5.998969E-01  0.000000E+00 -3.732318E-02 -2.487114E-01
74   1.61114747E-06 -6.291173E-01  0.000000E+00 -3.919978E-02 -2.371487E-01
75   1.68964425E-06 -6.597598E-01  0.000000E+00 -4.116778E-02 -2.261225E-01
76   1.77196420E-06 -6.918934E-01  0.000000E+00 -4.323163E-02 -2.156078E-01
77   1.85829343E-06 -7.255905E-01  0.000000E+00 -4.539599E-02 -2.055808E-01
78   1.94882710E-06 -7.609269E-01  0.000000E+00 -4.766575E-02 -1.960186E-01
79   2.04376986E-06 -7.979821E-01  0.000000E+00 -5.004605E-02 -1.868996E-01
80   2.14333634E-06 -8.368396E-01  0.000000E+00 -5.254227E-02 -1.782031E-01
81   2.24775159E-06 -8.775866E-01  0.000000E+00 -5.516004E-02 -1.699093E-01
82   2.35725158E-06 -9.203148E-01  0.000000E+00 -5.790528E-02 -1.619993E-01
83   2.47208380E-06 -9.651200E-01  0.000000E+00 -6.078420E-02 -1.544552E-01
84   2.59250774E-06 -1.012103E+00  0.000000E+00 -6.380330E-02 -1.472597E-01
85   2.71879554E-06 -1.061368E+00  0.000000E+00 -6.696939E-02 -1.403964E-01
86   2.85123253E-06 -1.113027E+00  0.000000E+00 -7.028964E-02 -1.338498E-01
87   2.99011794E-06 -1.167195E+00  0.000000E+00 -7.377154E-02 -1.276048E-01
88   3.13576554E-06 -1.223993E+00  0.000000E+00 -7.742295E-02 -1.216472E-01
89   3.28850435E-06 -1.283547E+00  0.000000E+00 -8.125212E-02 -1.159634E-01
90   3.44867939E-06 -1.345991E+00  0.000000E+00 -8.526770E-02 -1.105402E-01
91   3.61665245E-06 -1.411464E+00  0.000000E+00 -8.947875E-02 -1.053654E-01
92   3.79280287E-06 -1.480111E+00  0.000000E+00 -9.389478E-02 -1.004269E-01
93   3.97752848E-06 -1.552084E+00  0.000000E+00 -9.852575E-02 -9.571330E-02
94   4.17124639E-06 -1.627544E+00  0.000000E+00 -1.033821E-01 -9.121379E-02
95   4.37439401E-06 -1.706656E+00  0.000000E+00 -1.084748E-01 -8.691788E-02
96   4.58742998E-06 -1.789596E+00  0.000000E+00 -1.138154E-01 -8.281558E-02
97   4.81083523E-06 -1.876546E+00  0.000000E+00 -1.194159E-01 -7.889728E-02
98   5.04511406E-06 -1.967698E+00  0.000000E+00 -1.252888E-01 -7.515377E-02
99   5.29079525E-06 -2.063250E+00  0.000000E+00 -1.314476E-01 -7.157621E-02
100  5.54843326E-06 -2.163411E+00  0.000000E+00 -1.379060E-01 -6.815609E-02
101  5.81860949E-06 -2.268398E+00  0.000000E+00 -1.446786E-01 -6.488522E-02
102  6.10193357E-06 -2.378441E+00  0.000000E+00 -1.517807E-01 -6.175570E-02
103  6.39904471E-06 -2.493774E+00  0.000000E+00 -1.592282E-01 -5.875991E-02
104  6.71061317E-06 -2.614648E+00  0.000000E+00 -1.670380E-01 -5.589047E-02
105  7.03734175E-06 -2.741318E+00  0.000000E+00 -1.752277E-01 -5.314023E-02
106  7.37996735E-06 -2.874054E+00  0.000000E+00 -1.838156E-01 -5.050226E-02
107  7.73926264E-06 -3.013137E+00  0.000000E+00 -1.928211E-01 -4.796979E-02
108  8.11603780E-06 -3.158857E+00  0.000000E+00 -2.022645E-01 -4.553624E-02
109  8.51114229E-06 -3.311518E+00  0.000000E+00 -2.121671E-01 -4.319515E-02
110  8.92546681E-06 -3.471433E+00  0.000000E+00 -2.225509E-01 -4.094019E-02
111  9.35994527E-06 -3.638930E+00  0.000000E+00 -2.334396E-01 -3.876510E-02
112  9.81555686E-06 -3.814345E+00  0.000000E+00 -2.448574E-01 -3.666373E-02
113  1.02933283E-05 -3.998029E+00  0.000000E+00 -2.568300E-01 -3.462995E-02
114  1.07943360E-05 -4.190344E+00  0.000000E+00 -2.693843E-01 -3.265765E-02
115  1.13197087E-05 -4.391661E+00  0.000000E+00 -2.825485E-01 -3.074073E-02
116  1.18706298E-05 -4.602365E+00  0.000000E+00 -2.963521E-01 -2.887304E-02
117  1.24483401E-05 -4.822850E+00  0.000000E+00 -3.108260E-01 -2.704840E-02
118  1.30541404E-05 -5.053519E+00  0.000000E+00 -3.260027E-01 -2.526052E-02
119  1.36893947E-05 -5.294786E+00  0.000000E+00 -3.419162E-01 -2.350298E-02
120  1.43555330E-05 -5.547069E+00  0.000000E+00 -3.586019E-01 -2.176923E-02
121  1.50540547E-05 -5.810794E+00  0.000000E+00 -3.760972E-01 -2.005253E-02
122  1.57865316E-05 -6.086391E+00  0.000000E+00 -3.944413E-01 -1.834591E-02
123  1.65546119E-05 -6.374291E+00  0.000000E+00 -4.136750E-01 -1.664215E-02
124  1.73600235E-05 -6.674924E+00  0.000000E+00 -4.338411E-01 -1.493372E-02
125  1.82045778E-05 -6.988714E+00  0.000000E+00 -4.549847E-01 -1.321276E-02
126  1.90901741E-05 -7.316077E+00  0.000000E+00 -4.771527E-01 -1.147104E-02
127  2.00188036E-05 -7.657416E+00  0.000000E+00 -5.003944E-01 -9.699875E-03
128  2.09925538E-05 -8.013113E+00  0.000000E+00 -5.247613E-01 -7.890138E-03
129  2.20136132E-05 -8.383522E+00  0.000000E+00 -5.503075E-01 -6.032165E-03
130  2.30842763E-05 -8.768964E+00  0.000000E+00 -5.770895E-01 -4.115728E-03
131  2.42069482E-05 -9.169715E+00  0.000000E+00 -6.051664E-01 -2.129979E-03
132  2.53841508E-05 -9.585995E+00  0.000000E+00 -6.346001E-01 -6.340558E-05
133  2.66185276E-05 -1.001795E+01  0.000000E+00 -6.654555E-01  2.096220E-03
134  2.79128501E-05 -1.046565E+01  0.000000E+00 -6.978003E-01  4.361889E-03
135  2.92700234E-05 -1.092906E+01  0.000000E+00 -7.317055E-01  6.747392E-03
136  3.06930933E-05 -1.140801E+01  0.000000E+00 -7.672452E-01  9.267365E-03
137  3.21852525E-05 -1.190220E+01  0.000000E+00 -8.044970E-01  1.193731E-02
138  3.37498482E-05 -1.241113E+01  0.000000E+00 -8.435420E-01  1.477362E-02
139  3.53903889E-05 -1.293410E+01  0.000000E+00 -8.844650E-01  1.779357E-02
140  3.71105527E-05 -1.347016E+01  0.000000E+00 -9.273547E-01  2.101533E-02
141  3.89141950E-05 -1.401807E+01  0.000000E+00 -9.723037E-01  2.445788E-02
142  4.08053574E-05 -1.457623E+01  0.000000E+00 -1.019409E+00  2.814097E-02
143  4.27882763E-05 -1.514264E+01  0.000000E+00 -1.068771E+00  3.208497E-02
144  4.48673927E-05 -1.571483E+01  0.000000E+00 -1.120497E+00  3.631076E-02
145  4.70473614E-05 -1.628974E+01  0.000000E+00 -1.174696E+00  4.083942E-02
146  4.93330617E-05 -1.686369E+01  0.000000E+00 -1.231485E+00  4.569193E-02
147  5.17296081E-05 -1.743222E+01  0.000000E+00 -1.290983E+00  5.088879E-02
148  5.42423613E-05 -1.798998E+01  0.000000E+00 -1.353318E+00  5.644938E-02
149  5.68769404E-05 -1.853060E+01  0.000000E+00 -1.418621E+00  6.239130E-02
150  5.96392350E-05 -1.904650E+01  0.000000E+00 -1.487031E+00  6.872941E-02
151  6.25354179E-05 -1.952868E+01  0.000000E+00 -1.558693E+00  7.546940E-02
152  6.55719593E-05 -1.996656E+01  0.000000E+00 -1.633758E+00  8.266452E-02
153  6.87556405E-05 -2.034766E+01  0.000000E+00 -1.712386E+00  9.094303E-02
154  7.20935687E-05 -2.065730E+01  0.000000E+00 -1.794746E+00  9.453843E-02
155  7.55931931E-05 -2.087832E+01  0.000000E+00 -1.881080E+00  9.045589E-02
156  7.92623206E-05 -2.099060E+01  0.000000E+00 -1.971546E+00  1.442429E-01
157  8.31091332E-05 -2.100000E+01  0.000000E+00 -2.065750E+00  1.368241E-01
158  8.71422059E-05 -2.100000E+01  0.000000E+00 -2.165175E+00  1.077722E-01
159  9.13705252E-05 -2.100000E+01  0.000000E+00 -2.269077E+00  1.436660E-01
160  9.58035090E-05 -2.100000E+01  0.000000E+00 -2.377877E+00  1.536161E-01
161  1.00451027E-04 -2.100000E+01  0.000000E+00 -2.491849E+00  1.632057E-01
162  1.05323421E-04 -2.100000E+01  0.000000E+00 -2.611234E+00  1.737466E-01
163  1.10431531E-04 -2.100000E+01  0.000000E+00 -2.736289E+00  1.846649E-01
164  1.15786714E-04 -2.100000E+01  0.000000E+00 -2.867281E+00  1.959810E-01
165  1.21400872E-04 -2.100000E+01  0.000000E+00 -3.004490E+00  2.077228E-01
166  1.27286477E-04 -2.100000E+01  0.000000E+00 -3.148209E+00  2.199154E-01
167  1.33456596E-04 -2.100000E+01  0.000000E+00 -3.298744E+00  2.325852E-01
168  1.39924923E-04 -2.100000E+01  0.000000E+00 -3.456417E+00  2.457592E-01
169  1.46705806E-04 -2.100000E+01  0.000000E+00 -3.621562E+00  2.594658E-01
170  1.53814278E-04 -2.100000E+01  0.000000E+00 -3.794531E+00  2.737343E-01
171  1.61266091E-04 -2.100000E+01  0.000000E+00 -3.975689E+00  2.885953E-01
172  1.69077748E-04 -2.100000E+01  0.000000E+00 -4.165421E+00  3.040805E-01
173  1.77266541E-04 -2.100000E+01  0.000000E+00 -4.364129E+00  3.202229E-01
174  1.85850584E-04 -2.100000E+01  0.000000E+00 -4.572230E+00  3.370570E-01
175  1.94848857E-04 -2.100000E+01  0.000000E+00 -4.790165E+00  3.546185E-01
176  2.04281243E-04 -2.100000E+01  0.000000E+00 -5.018390E+00  3.729447E-01
177  2.14168571E-04 -2.100000E+01  0.000000E+00 -5.257386E+00  3.920747E-01
178  2.24532662E-04 -2.100000E+01  0.000000E+00 -5.507653E+00  4.120488E-01
179  2.35396375E-04 -2.100000E+01  0.000000E+00 -5.769715E+00  4.329093E-01
180  2.46783655E-04 -2.100000E+01  0.000000E+00 -6.044118E+00  4.547002E-01
181  2.58719584E-04 -2.100000E+01  0.000000E+00 -6.331434E+00  4.774675E-01
182  2.71230436E-04 -2.100000E+01  0.000000E+00 -6.632259E+00  5.012591E-01
183  2.84343729E-04 -2.100000E+01  0.000000E+00 -6.947218E+00  5.261249E-01
184  2.98088289E-04 -2.100000E+01  0.000000E+00 -7.276960E+00  5.521170E-01
185  3.12494305E-04 -2.100000E+01  0.000000E+00 -7.622167E+00  5.792898E-01
186  3.27593396E-04 -2.100000E+01  0.000000E+00 -7.983548E+00  6.077000E-01
187  3.43418677E-04 -2.100000E+01  0.000000E+00 -8.361844E+00  6.374067E-01
188  3.60004829E-04 -2.100000E+01  0.000000E+00 -8.757829E+00  6.684718E-01
189  3.77388172E-04 -2.100000E+01  0.000000E+00 -9.172310E+00  7.009595E-01
190  3.95606739E-04 -2.100000E+01  0.000000E+00 -9.606128E+00  7.349371E-01
191  4.14700358E-04 -2.100000E+01  0.000000E+00 -1.006016E+01  7.704746E-01
192  4.34710735E-04 -2.100000E+01  0.000000E+00 -1.053533E+01  8.076452E-01
193  4.55681538E-04 -2.100000E+01  0.000000E+00 -1.103259E+01  8.465252E-01
194  4.77658493E-04 -2.100000E+01  0.000000E+00 -1.155293E+01  8.871940E-01
195  5.00689474E-04 -2.100000E+01  0.000000E+00 -1.209739E+01  9.297347E-01
196  5.24824604E-04 -2.100000E+01  0.000000E+00 -1.266705E+01  9.742337E-01
197  5.50116359E-04 -2.100000E+01  0.000000E+00 -1.326305E+01  1.020781E+00
198  5.76619677E-04 -2.100000E+01  0.000000E+00 -1.388655E+01  1.069472E+00
199  6.04392068E-04 -2.100000E+01  0.000000E+00 -1.453877E+01  1.120402E+00
200  6.33493736E-04 -2.100000E+01  0.000000E+00 -1.522100E+01  1.173676E+00
201  6.63987697E-04 -2.100000E+01  0.000000E+00 -1.593454E+01  1.229399E+00
202  6.95939915E-04 -2.100000E+01  0.000000E+00 -1.668078E+01  1.287682E+00
203  7.29419428E-04 -2.100000E+01  0.000000E+00 -1.746115E+01  1.348641E+00
204  7.64498497E-04 -2.100000E+01  0.000000E+00 -1.827713E+01  1.412396E+00
205  8.01252745E-04 -2.100000E+01  0.000000E+00 -1.913028E+01  1.479072E+00
206  8.39761313E-04 -2.100000E+01  0.000000E+00 -2.002219E+01  1.548800E+00
207  8.80107022E-04 -2.100000E+01  0.000000E+00 -2.095453E+01  1.621716E+00
208  9.22376535E-04 -2.100000E+01  0.000000E+00 -2.192904E+01  1.697961E+00
209  9.66660533E-04 -2.100000E+01  0.000000E+00 -2.294750E+01  1.777680E+00
210  1.01305390E-03 -2.100000E+01  0.000000E+00 -2.401178E+01  1.861029E+00
211  1.06165590E-03 -2.100000E+01  0.000000E+00 -2.512380E+01  1.948164E+00
212  1.11257038E-03 -2.100000E+01  0.000000E+00 -2.628556E+01  2.039251E+00
213  1.16590600E-03 -2.100000E+01  0.000000E+00 -2.749913E+01  2.134461E+00
214  1.22177640E-03 -2.100000E+01  0.000000E+00 -2.876663E+01  2.233973E+00
215  1.28030047E-03 -2.100000E+01  0.000000E+00 -3.009028E+01  2.337970E+00
216  1.34160254E-03 -2.100000E+01  0.000000E+00 -3.147235E+01  2.446644E+00
217  1.40581267E-03 -2.100000E+01  0.000000E+00 -3.291521E+01  2.560193E+00
218  1.47306685E-03 -2.100000E+01  0.000000E+00 -3.442126E+01  2.678824E+00
219  1.54350731E-03 -2.100000E+01  0.000000E+00 -3.599303E+01  2.802750E+00
220  1.61728279E-03 -2.100000E+01  0.000000E+00 -3.763307E+01  2.932191E+00
221  1.69454879E-03 -2.100000E+01  0.000000E+00 -3.934404E+01  3.067376E+00
222  1.77546789E-03 -2.100000E+01  0.000000E+00 -4.112866E+01  3.208540E+00
223  1.86021009E-03 -2.100000E+01  0.000000E+00 -4.298970E+01  3.355928E+00
224  1.94895309E-03 -2.100000E+01  0.000000E+00 -4.493004E+01  3.509792E+00
225  2.04188262E-03 -2.100000E+01  0.000000E+00 -4.695260E+01  3.670392E+00
226  2.13919285E-03 -2.100000E+01  0.000000E+00 -4.906037E+01  3.837996E+00
227  2.24108671E-03 -2.100000E+01  0.000000E+00 -5.125640E+01  4.012880E+00
228  2.34777625E-03 -2.100000E+01  0.000000E+00 -5.354380E+01  4.195329E+00
229  2.45948310E-03 -2.100000E+01  0.000000E+00 -5.592573E+01  4.385635E+00
230  2.57643881E-03 -2.100000E+01  0.000000E+00 -5.840540E+01  4.584099E+00
231  2.69888533E-03 -2.100000E+01  0.000000E+00 -6.098606E+01  4.791029E+00
232  2.82707543E-03 -2.100000E+01  0.000000E+00 -6.367100E+01  5.006742E+00
233  2.96127316E-03 -2.100000E+01  0.000000E+00 -6.646351E+01  5.231560E+00
234  3.10175434E-03 -2.100000E+01  0.000000E+00 -6.936694E+01  5.465816E+00
235  3.24880703E-03 -2.100000E+01  0.000000E+00 -7.238460E+01  5.709847E+00
236  3.40273211E-03 -2.100000E+01  0.000000E+00 -7.551981E+01  5.963997E+00
237  3.56384374E-03 -2.100000E+01  0.000000E+00 -7.877588E+01  6.228617E+00
238  3.73246999E-03 -2.100000E+01  0.000000E+00 -8.215606E+01  6.504064E+00
239  3.90895335E-03 -2.100000E+01  0.000000E+00 -8.566358E+01  6.790698E+00
240  4.09365139E-03 -2.100000E+01  0.000000E+00 -8.930156E+01  7.088884E+00
241  4.28693735E-03 -2.100000E+01  0.000000E+00 -9.307304E+01  7.398992E+00
242  4.48920081E-03 -2.100000E+01  0.000000E+00 -9.698097E+01  7.721392E+00
243  4.70084834E-03 -2.100000E+01  0.000000E+00 -1.010281E+02  8.056457E+00
244  4.92230419E-03 -2.100000E+01  0.000000E+00 -1.052171E+02  8.404559E+00
245  5.15401106E-03 -2.100000E+01  0.000000E+00 -1.095503E+02  8.766070E+00
246  5.39643080E-03 -2.100000E+01  0.000000E+00 -1.140300E+02  9.141358E+00
247  5.65004518E-03 -2.100000E+01  0.000000E+00 -1.186580E+02  9.530787E+00
248  5.91535673E-03 -2.100000E+01  0.000000E+00 -1.234359E+02  9.934715E+00
249  6.19288956E-03 -2.100000E+01  0.000000E+00 -1.283650E+02  1.035349E+01
250  6.48319019E-03 -2.100000E+01  0.000000E+00 -1.334461E+02  1.078746E+01
251  6.78682847E-03 -2.100000E+01  0.000000E+00 -1.386796E+02  1.123693E+01
252  7.10439850E-03 -2.100000E+01  0.000000E+00 -1.440654E+02  1.170223E+01
253  7.43651956E-03 -2.100000E+01  0.000000E+00 -1.496028E+02  1.218365E+01
254  7.78383711E-03 -2.100000E+01  0.000000E+00 -1.552905E+02  1.268145E+01
255  8.14702381E-03 -2.100000E+01  0.000000E+00 -1.611265E+02  1.319587E+01
256  8.52678056E-03 -2.100000E+01  0.000000E+00 -1.671080E+02  1.372714E+01
257  8.92383758E-03 -2.100000E+01  0.000000E+00 -1.732313E+02  1.427542E+01
258  9.33895557E-03 -2.100000E+01  0.000000E+00 -1.794919E+02  1.484087E+01
259  9.77292680E-03 -2.100000E+01  0.000000E+00 -1.858843E+02  1.542357E+01
260  1.02265764E-02 -2.100000E+01  0.000000E+00 -1.924018E+02  1.602359E+01
261  1.07007634E-02 -2.100000E+01  0.000000E+00 -1.990364E+02  1.664092E+01
262  1.11963822E-02 -2.100000E+01  0.000000E+00 -2.057789E+02  1.727549E+01
263  1.17143639E-02 -2.100000E+01  0.000000E+00 -2.126189E+02  1.792718E+01
264  1.22556774E-02 -2.100000E+01  0.000000E+00 -2.195441E+02  1.859578E+01
265  1.28213311E-02 -2.100000E+01  0.000000E+00 -2.265408E+02  1.928102E+01
266  1.34123739E-02 -2.100000E+01  0.000000E+00 -2.335935E+02  1.998252E+01
267  1.40298971E-02 -2.100000E+01  0.000000E+00 -2.406847E+02  2.069982E+01
268  1.46750358E-02 -2.100000E+01  0.000000E+00 -2.477951E+02  2.143234E+01
269  1.53489703E-02 -2.100000E+01  0.000000E+00 -2.549031E+02  2.217942E+01
270  1.60529277E-02 -2.100000E+01  0.000000E+00 -2.619850E+02  2.294023E+01
271  1.67881838E-02 -2.100000E+01  0.000000E+00 -2.690145E+02  2.371386E+01
272  1.75560644E-02 -2.100000E+01  0.000000E+00 -2.759631E+02  2.449922E+01
273  1.83579474E-02 -2.100000E+01  0.000000E+00 -2.827994E+02  2.529509E+01
274  1.91952643E-02 -2.100000E+01  0.000000E+00 -2.894894E+02  2.610007E+01
275  2.00695020E-02 -2.100000E+01  0.000000E+00 -2.959962E+02  2.691261E+01
276  2.09822049E-02 -2.100000E+01  0.000000E+00 -3.022799E+02  2.773096E+01
277  2.19349767E-02 -2.100000E+01  0.000000E+00 -3.082978E+02  2.855320E+01
278  2.29294820E-02 -2.100000E+01  0.000000E+00 -3.140038E+02  2.937717E+01
279  2.39674490E-02 -2.100000E+01  0.000000E+00 -3.193488E+02  3.020053E+01
280  2.50506706E-02 -2.100000E+01  0.000000E+00 -3.242805E+02  3.102070E+01
281  2.61810076E-02 -2.100000E+01  0.000000E+00 -3.287434E+02  3.183487E+01
282  2.73603896E-02 -2.100000E+01  0.000000E+00 -3.326789E+02  3.264000E+01
283  2.85908181E-02 -2.100000E+01  0.000000E+00 -3.360251E+02  3.343278E+01
284  2.98743684E-02 -2.100000E+01  0.000000E+00 -3.387173E+02  3.420966E+01
285  3.12131916E-02 -2.100000E+01  0.000000E+00 -3.406879E+02  3.496681E+01
286  3.26095172E-02 -2.100000E+01  0.000000E+00 -3.418666E+02  3.570017E+01
287  3.40656555E-02 -2.100000E+01  0.000000E+00 -3.421809E+02  3.640538E+01
288  3.55839995E-02 -2.100000E+01  0.000000E+00 -3.415560E+02  3.707783E+01
289  3.71670277E-02 -2.100000E+01  0.000000E+00 -3.399156E+02  3.771263E+01
290  3.88173066E-02 -2.100000E+01  0.000000E+00 -3.371821E+02  3.830465E+01
291  4.05374926E-02 -2.100000E+01  0.000000E+00 -3.332774E+02  3.884850E+01
292  4.23303354E-02 -2.100000E+01  0.000000E+00 -3.281234E+02  3.933856E+01
293  4.41986798E-02 -2.100000E+01  0.000000E+00 -3.216427E+02  3.976899E+01
294  4.61454686E-02 -2.100000E+01  0.000000E+00 -3.137595E+02  4.013373E+01
295  4.81737450E-02 -2.100000E+01  0.000000E+00 -3.044008E+02  4.042659E+01
296  5.02866556E-02 -2.100000E+01  0.000000E+00 -2.934970E+02  4.064118E+01
297  5.24874527E-02 -2.100000E+01  0.000000E+00 -2.809836E+02  4.077106E+01
298  5.47794972E-02 -2.100000E+01  0.000000E+00 -2.668022E+02  4.080971E+01
299  5.71662611E-02 -2.100000E+01  0.000000E+00 -2.509019E+02  4.075057E+01
300  5.96513303E-02 -2.100000E+01  0.000000E+00 -2.332412E+02  4.058718E+01
301  6.22384076E-02 -2.100000E+01  0.000000E+00 -2.137891E+02  4.031313E+01
302  6.49313151E-02 -2.100000E+01  0.000000E+00 -1.925274E+02  3.992225E+01
303  6.77339969E-02 -2.100000E+01  0.000000E+00 -1.694524E+02  3.940858E+01
304  7.06505222E-02 -2.100000E+01  0.000000E+00 -1.445768E+02  3.876654E+01
305  7.36850880E-02 -2.100000E+01  0.000000E+00 -1.179315E+02  3.799097E+01
306  7.68420216E-02 -2.100000E+01  0.000000E+00 -8.956809E+01  3.707727E+01
307  8.01257837E-02 -2.100000E+01  0.000000E+00 -5.956050E+01  3.602149E+01
308  8.35409709E-02 -2.100000E+01  0.000000E+00 -2.800727E+01  3.482042E+01
309  8.70923187E-02 -2.100000E+01  0.000000E+00  4.966617E+00  3.347178E+01
310  9.07847039E-02 -2.100000E+01  0.000000E+00  3.920787E+01  3.197427E+01
311  9.46231478E-02 -2.100000E+01  0.000000E+00  7.453320E+01  3.032775E+01
312  9.86128185E-02 -2.100000E+01  0.000000E+00  1.107279E+02  2.853332E+01
313  1.02759034E-01 -2.100000E+01  0.000000E+00  1.475448E+02  2.659353E+01
314  1.07067263E-01 -2.100000E+01  0.000000E+00  1.847031E+02  2.451241E+01
315  1.11543133E-01 -2.100000E+01  0.000000E+00  2.218888E+02  2.229566E+01
316  1.16192424E-01 -2.100000E+01  0.000000E+00  2.587541E+02  1.995074E+01
317  1.21021079E-01 -2.100000E+01  0.000000E+00  2.949187E+02  1.748700E+01
318  1.26035203E-01 -2.100000E+01  0.000000E+00  3.299712E+02  1.491570E+01
319  1.31241065E-01 -2.100000E+01  0.000000E+00  3.634717E+02  1.225016E+01
320  1.36645104E-01 -2.100000E+01  0.000000E+00  3.949543E+02  9.505755E+00
321  1.42253925E-01 -2.100000E+01  0.000000E+00  4.239323E+02  6.699970E+00
322  1.48074308E-01 -2.100000E+01  0.000000E+00  4.499023E+02  3.852356E+00
323  1.54113205E-01 -2.100000E+01  0.000000E+00  4.723516E+02  9.845054E-01
324  1.60377745E-01 -2.100000E+01  0.000000E+00  4.907647E+02 -1.880041E+00
325  1.66875236E-01 -2.100000E+01  0.000000E+00  5.046325E+02 -4.715925E+00
326  1.73613164E-01 -2.100000E+01  0.000000E+00  5.134615E+02 -7.496152E+00
327  1.80599201E-01 -2.100000E+01  0.000000E+00  5.167853E+02 -1.019232E+01
328  1.87841199E-01 -2.100000E+01  0.000000E+00  5.141756E+02 -1.277490E+01
329  1.95347197E-01 -2.100000E+01  0.000000E+00  5.052559E+02 -1.521358E+01
330  2.03125423E-01 -2.100000E+01  0.000000E+00  4.897139E+02 -1.747769E+01
331  2.11184291E-01 -2.100000E+01  0.000000E+00  4.673167E+02 -1.953661E+01
332  2.19532408E-01 -2.100000E+01  0.000000E+00  4.379238E+02 -2.136030E+01
333  2.28178568E-01 -2.100000E+01  0.000000E+00  4.015024E+02 -2.291987E+01
334  2.37131763E-01 -2.100000E+01  0.000000E+00  3.581403E+02 -2.418816E+01
335  2.46401174E-01 -2.100000E+01  0.000000E+00  3.080587E+02 -2.514042E+01
336  2.55996180E-01 -2.100000E+01  0.000000E+00  2.516241E+02 -2.575493E+01
337  2.65926353E-01 -2.100000E+01  0.000000E+00  1.893569E+02 -2.601370E+01
338  2.76201462E-01 -2.100000E+01  0.000000E+00  1.219389E+02 -2.590315E+01
339  2.86831473E-01 -2.100000E+01  0.000000E+00  5.021624E+01 -2.541478E+01
340  2.97826548E-01 -2.100000E+01  0.000000E+00 -2.479997E+01 -2.454578E+01
341  3.09197048E-01 -2.100000E+01  0.000000E+00 -1.019385E+02 -2.329961E+01
342  3.20953530E-01 -2.100000E+01  0.000000E+00 -1.798772E+02 -2.168646E+01
343  3.33106748E-01 -2.100000E+01  0.000000E+00 -2.571578E+02 -1.972366E+01
344  3.45667656E-01 -2.100000E+01  0.000000E+00 -3.322058E+02 -1.743592E+01
345  3.58647402E-01 -2.100000E+01  0.000000E+00 -4.033578E+02 -1.485543E+01
346  3.72057334E-01 -2.100000E+01  0.000000E+00 -4.688931E+02 -1.202177E+01
347  3.85908994E-01 -2.100000E+01  0.000000E+00 -5.270724E+02 -8.981671E+00
348  4.00214120E-01 -2.100000E+01  0.000000E+00 -5.761824E+02 -5.788513E+00
349  4.14984645E-01 -2.100000E+01  0.000000E+00 -6.145837E+02 -2.501627E+00
350  4.30232696E-01 -2.100000E+01  0.000000E+00 -6.407649E+02  8.146356E-01
351  4.45970592E-01 -2.100000E+01  0.000000E+00 -6.533980E+02  4.092074E+00
352  4.62210843E-01 -2.100000E+01  0.000000E+00 -6.513957E+02  7.260020E+00
353  4.78966151E-01 -2.100000E+01  0.000000E+00 -6.339686E+02  1.024693E+01
354  4.96249406E-01 -2.100000E+01  0.000000E+00 -6.006789E+02  1.298215E+01
355  5.14073682E-01 -2.100000E+01  0.000000E+00 -5.514904E+02  1.539785E+01
356  5.32452242E-01 -2.100000E+01  0.000000E+00 -4.868104E+02  1.743101E+01
357  5.51398529E-01 -2.100000E+01  0.000000E+00 -4.075218E+02  1.902549E+01
358  5.70926169E-01 -2.100000E+01  0.000000E+00 -3.150030E+02  2.013405E+01
359  5.91048967E-01 -2.100000E+01  0.000000E+00 -2.111324E+02  2.072030E+01
360  6.11780902E-01 -2.100000E+01  0.000000E+00 -9.827602E+01  2.076045E+01
361  6.33136130E-01 -2.100000E+01  0.000000E+00  2.074376E+01  2.024485E+01
362  6.55128976E-01 -2.100000E+01  0.000000E+00  1.427001E+02  1.917913E+01
363  6.77773937E-01 -2.100000E+01  0.000000E+00  2.640342E+02  1.758502E+01
364  7.01085672E-01 -2.100000E+01  0.000000E+00  3.809483E+02  1.550063E+01
365  7.25079005E-01 -2.100000E+01  0.000000E+00  4.895183E+02  1.298019E+01
366  7.49768922E-01 -2.100000E+01  0.000000E+00  5.858239E+02  1.009326E+01
367  7.75170561E-01 -2.100000E+01  0.000000E+00  6.660916E+02  6.923258E+00
368  8.01299219E-01 -2.100000E+01  0.000000E+00  7.268481E+02  3.565481E+00
369  8.28170339E-01 -2.100000E+01  0.000000E+00  7.650776E+02  1.244447E-01
370  8.55799513E-01 -2.100000E+01  0.000000E+00  7.783763E+02 -3.289249E+00
371  8.84202477E-01 -2.100000E+01  0.000000E+00  7.650975E+02 -6.562517E+00
372  9.13395104E-01 -2.100000E+01  0.000000E+00  7.244800E+02 -9.583744E+00
373  9.43393406E-01 -2.100000E+01  0.000000E+00  6.567514E+02 -1.224693E+01
374  9.74213526E-01 -2.100000E+01  0.000000E+00  5.631989E+02 -1.445592E+01
375  1.00587173E+00 -2.100000E+01  0.000000E+00  4.462006E+02 -1.612844E+01
376  1.03838443E+00 -2.100000E+01  0.000000E+00  3.092127E+02 -1.719994E+01
377  1.07176813E+00 -2.100000E+01  0.000000E+00  1.567067E+02 -1.762681E+01
378  1.10603946E+00 -2.100000E+01  0.000000E+00 -5.944992E+00 -1.738904E+01
379  1.14121518E+00 -2.100000E+01  0.000000E+00 -1.726341E+02 -1.649189E+01
380  1.17731213E+00 -2.100000E+01  0.000000E+00 -3.367304E+02 -1.496676E+01
381  1.21434728E+00 -2.100000E+01  0.000000E+00 -4.913382E+02 -1.287077E+01
382  1.25233769E+00 -2.100000E+01  0.000000E+00 -6.295870E+02 -1.028535E+01
383  1.29130050E+00 -2.100000E+01  0.000000E+00 -7.449453E+02 -7.313590E+00
384  1.33125298E+00 -2.100000E+01  0.000000E+00 -8.315430E+02 -4.076531E+00
385  1.37221246E+00 -2.100000E+01  0.000000E+00 -8.844876E+02 -7.084317E-01
386  1.41419634E+00 -2.100000E+01  0.000000E+00 -9.001571E+02  2.648753E+00
387  1.45722214E+00 -2.100000E+01  0.000000E+00 -8.764518E+02  5.851506E+00
388  1.50130742E+00 -2.100000E+01  0.000000E+00 -8.129888E+02  8.761199E+00
389  1.54646983E+00 -2.100000E+01  0.000000E+00 -7.112246E+02  1.125056E+01
390  1.59272707E+00 -2.100000E+01  0.000000E+00 -5.744920E+02  1.320985E+01
391  1.64009693E+00 -2.100000E+01  0.000000E+00 -4.079438E+02  1.455234E+01
392  1.68859722E+00 -2.100000E+01  0.000000E+00 -2.183990E+02  1.521898E+01
393  1.73824583E+00 -2.100000E+01  0.000000E+00 -1.409210E+01  1.518163E+01
394  1.78906070E+00 -2.100000E+01  0.000000E+00  1.956673E+02  1.444505E+01
395  1.84105980E+00 -2.100000E+01  0.000000E+00  4.009122E+02  1.304716E+01
396  1.89426115E+00 -2.100000E+01  0.000000E+00  5.914953E+02  1.105761E+01
397  1.94868281E+00 -2.100000E+01  0.000000E+00  7.576024E+02  8.574785E+00
398  2.00434286E+00 -2.100000E+01  0.000000E+00  8.902766E+02  5.723629E+00
399  2.06125944E+00 -2.100000E+01  0.000000E+00  3.312283E+03  8.878968E+00
