#      n =  5
#  kappa = -1
# energy = -4.38664165E+02
#     vc = -1.00895976E+14


0    4.16666667E-08 -1.772166E-02  0.000000E+00  0.000000E+00  2.788858E+03
1    4.36977938E-08 -1.858554E-02  0.000000E+00  2.006553E-02  2.788858E+03
2    4.58279267E-08 -1.949153E-02  0.000000E+00  4.110914E-02  2.659228E+03
3    4.80618909E-08 -2.044168E-02  0.000000E+00  6.317850E-02  2.535624E+03
4    5.04047471E-08 -2.143814E-02  0.000000E+00  8.632360E-02  2.417766E+03
5    5.28618026E-08 -2.248318E-02  0.000000E+00  1.105969E-01  2.305387E+03
6    5.54386235E-08 -2.357915E-02  0.000000E+00  1.360533E-01  2.198231E+03
7    5.81410468E-08 -2.472855E-02  0.000000E+00  1.627506E-01  2.096056E+03
8    6.09751944E-08 -2.593396E-02  0.000000E+00  1.907492E-01  1.998631E+03
9    6.39474861E-08 -2.719814E-02  0.000000E+00  2.201125E-01  1.905734E+03
10   6.70646548E-08 -2.852393E-02  0.000000E+00  2.509070E-01  1.817155E+03
11   7.03337615E-08 -2.991435E-02  0.000000E+00  2.832026E-01  1.732694E+03
12   7.37622110E-08 -3.137253E-02  0.000000E+00  3.170723E-01  1.652159E+03
13   7.73577694E-08 -3.290180E-02  0.000000E+00  3.525928E-01  1.575367E+03
14   8.11285807E-08 -3.450560E-02  0.000000E+00  3.898447E-01  1.502145E+03
15   8.50831862E-08 -3.618757E-02  0.000000E+00  4.289123E-01  1.432326E+03
16   8.92305431E-08 -3.795152E-02  0.000000E+00  4.698841E-01  1.365753E+03
17   9.35800452E-08 -3.980145E-02  0.000000E+00  5.128529E-01  1.302274E+03
18   9.81415440E-08 -4.174154E-02  0.000000E+00  5.579160E-01  1.241746E+03
19   1.02925371E-07 -4.377620E-02  0.000000E+00  6.051754E-01  1.184031E+03
20   1.07942361E-07 -4.591002E-02  0.000000E+00  6.547383E-01  1.128999E+03
21   1.13203876E-07 -4.814784E-02  0.000000E+00  7.067169E-01  1.076525E+03
22   1.18721834E-07 -5.049474E-02  0.000000E+00  7.612288E-01  1.026491E+03
23   1.24508732E-07 -5.295601E-02  0.000000E+00  8.183977E-01  9.787816E+02
24   1.30577674E-07 -5.553725E-02  0.000000E+00  8.783528E-01  9.332901E+02
25   1.36942407E-07 -5.824429E-02  0.000000E+00  9.412300E-01  8.899131E+02
26   1.43617343E-07 -6.108327E-02  0.000000E+00  1.007172E+00  8.485523E+02
27   1.50617599E-07 -6.406061E-02  0.000000E+00  1.076327E+00  8.091141E+02
28   1.57959028E-07 -6.718305E-02  0.000000E+00  1.148853E+00  7.715090E+02
29   1.65658256E-07 -7.045768E-02  0.000000E+00  1.224914E+00  7.356519E+02
30   1.73732716E-07 -7.389189E-02  0.000000E+00  1.304682E+00  7.014614E+02
31   1.82200694E-07 -7.749348E-02  0.000000E+00  1.388337E+00  6.688602E+02
32   1.91081365E-07 -8.127058E-02  0.000000E+00  1.476069E+00  6.377743E+02
33   2.00394838E-07 -8.523177E-02  0.000000E+00  1.568077E+00  6.081333E+02
34   2.10162202E-07 -8.938600E-02  0.000000E+00  1.664569E+00  5.798700E+02
35   2.20405573E-07 -9.374268E-02  0.000000E+00  1.765763E+00  5.529204E+02
36   2.31148144E-07 -9.831168E-02  0.000000E+00  1.871889E+00  5.272234E+02
37   2.42414239E-07 -1.031033E-01  0.000000E+00  1.983187E+00  5.027209E+02
38   2.54229367E-07 -1.081285E-01  0.000000E+00  2.099909E+00  4.793572E+02
39   2.66620276E-07 -1.133986E-01  0.000000E+00  2.222318E+00  4.570794E+02
40   2.79615022E-07 -1.189254E-01  0.000000E+00  2.350694E+00  4.358371E+02
41   2.93243023E-07 -1.247216E-01  0.000000E+00  2.485325E+00  4.155822E+02
42   3.07535133E-07 -1.308003E-01  0.000000E+00  2.626516E+00  3.962687E+02
43   3.22523708E-07 -1.371751E-01  0.000000E+00  2.774588E+00  3.778528E+02
44   3.38242677E-07 -1.438606E-01  0.000000E+00  2.929876E+00  3.602929E+02
45   3.54727626E-07 -1.508719E-01  0.000000E+00  3.092731E+00  3.435491E+02
46   3.72015871E-07 -1.582248E-01  0.000000E+00  3.263521E+00  3.275836E+02
47   3.90146547E-07 -1.659359E-01  0.000000E+00  3.442634E+00  3.123601E+02
48   4.09160692E-07 -1.740229E-01  0.000000E+00  3.630475E+00  2.978442E+02
49   4.29101346E-07 -1.825038E-01  0.000000E+00  3.827468E+00  2.840029E+02
50   4.50013643E-07 -1.913980E-01  0.000000E+00  4.034061E+00  2.708049E+02
51   4.71944914E-07 -2.007255E-01  0.000000E+00  4.250719E+00  2.582203E+02
52   4.94944797E-07 -2.105075E-01  0.000000E+00  4.477935E+00  2.462206E+02
53   5.19065345E-07 -2.207661E-01  0.000000E+00  4.716222E+00  2.347785E+02
54   5.44361146E-07 -2.315245E-01  0.000000E+00  4.966118E+00  2.238683E+02
55   5.70889447E-07 -2.428070E-01  0.000000E+00  5.228191E+00  2.134651E+02
56   5.98710281E-07 -2.546392E-01  0.000000E+00  5.503032E+00  2.035453E+02
57   6.27886602E-07 -2.670478E-01  0.000000E+00  5.791264E+00  1.940865E+02
58   6.58484434E-07 -2.800609E-01  0.000000E+00  6.093540E+00  1.850673E+02
59   6.90573009E-07 -2.937080E-01  0.000000E+00  6.410542E+00  1.764672E+02
60   7.24224933E-07 -3.080198E-01  0.000000E+00  6.742988E+00  1.682668E+02
61   7.59516347E-07 -3.230288E-01  0.000000E+00  7.091630E+00  1.604474E+02
62   7.96527096E-07 -3.387689E-01  0.000000E+00  7.457258E+00  1.529914E+02
63   8.35340912E-07 -3.552756E-01  0.000000E+00  7.840698E+00  1.458818E+02
64   8.76045604E-07 -3.725864E-01  0.000000E+00  8.242818E+00  1.391025E+02
65   9.18733254E-07 -3.907403E-01  0.000000E+00  8.664526E+00  1.326381E+02
66   9.63500424E-07 -4.097783E-01  0.000000E+00  9.106779E+00  1.264741E+02
67   1.01044838E-06 -4.297435E-01  0.000000E+00  9.570574E+00  1.205965E+02
68   1.05968331E-06 -4.506809E-01  0.000000E+00  1.005696E+01  1.149919E+02
69   1.11131657E-06 -4.726380E-01  0.000000E+00  1.056704E+01  1.096475E+02
70   1.16546494E-06 -4.956642E-01  0.000000E+00  1.110197E+01  1.045514E+02
71   1.22225088E-06 -5.198116E-01  0.000000E+00  1.166295E+01  9.969198E+01
72   1.28180281E-06 -5.451347E-01  0.000000E+00  1.225126E+01  9.505815E+01
73   1.34425540E-06 -5.716906E-01  0.000000E+00  1.286822E+01  9.063946E+01
74   1.40974986E-06 -5.995393E-01  0.000000E+00  1.351523E+01  8.642587E+01
75   1.47843428E-06 -6.287437E-01  0.000000E+00  1.419376E+01  8.240783E+01
76   1.55046396E-06 -6.593695E-01  0.000000E+00  1.490533E+01  7.857622E+01
77   1.62600173E-06 -6.914860E-01  0.000000E+00  1.565155E+01  7.492235E+01
78   1.70521838E-06 -7.251653E-01  0.000000E+00  1.643412E+01  7.143792E+01
79   1.78829297E-06 -7.604836E-01  0.000000E+00  1.725480E+01  6.811503E+01
80   1.87541329E-06 -7.975202E-01  0.000000E+00  1.811544E+01  6.494612E+01
81   1.96677626E-06 -8.363587E-01  0.000000E+00  1.901799E+01  6.192400E+01
82   2.06258836E-06 -8.770864E-01  0.000000E+00  1.996450E+01  5.904180E+01
83   2.16306613E-06 -9.197950E-01  0.000000E+00  2.095709E+01  5.629296E+01
84   2.26843665E-06 -9.645804E-01  0.000000E+00  2.199801E+01  5.367123E+01
85   2.37893800E-06 -1.011543E+00  0.000000E+00  2.308962E+01  5.117063E+01
86   2.49481987E-06 -1.060789E+00  0.000000E+00  2.423437E+01  4.878547E+01
87   2.61634408E-06 -1.112429E+00  0.000000E+00  2.543486E+01  4.651031E+01
88   2.74378518E-06 -1.166578E+00  0.000000E+00  2.669379E+01  4.433994E+01
89   2.87743105E-06 -1.223357E+00  0.000000E+00  2.801402E+01  4.226941E+01
90   3.01758360E-06 -1.282895E+00  0.000000E+00  2.939851E+01  4.029398E+01
91   3.16455936E-06 -1.345323E+00  0.000000E+00  3.085040E+01  3.840911E+01
92   3.31869029E-06 -1.410782E+00  0.000000E+00  3.237296E+01  3.661047E+01
93   3.48032446E-06 -1.479417E+00  0.000000E+00  3.396963E+01  3.489392E+01
94   3.64982686E-06 -1.551382E+00  0.000000E+00  3.564402E+01  3.325550E+01
95   3.82758020E-06 -1.626837E+00  0.000000E+00  3.739990E+01  3.169142E+01
96   4.01398580E-06 -1.705949E+00  0.000000E+00  3.924123E+01  3.019803E+01
97   4.20946448E-06 -1.788893E+00  0.000000E+00  4.117217E+01  2.877185E+01
98   4.41445749E-06 -1.875855E+00  0.000000E+00  4.319708E+01  2.740956E+01
99   4.62942750E-06 -1.967025E+00  0.000000E+00  4.532051E+01  2.610793E+01
100  4.85485967E-06 -2.062604E+00  0.000000E+00  4.754726E+01  2.486389E+01
101  5.09126272E-06 -2.162804E+00  0.000000E+00  4.988235E+01  2.367448E+01
102  5.33917007E-06 -2.267844E+00  0.000000E+00  5.233104E+01  2.253683E+01
103  5.59914104E-06 -2.377953E+00  0.000000E+00  5.489885E+01  2.144820E+01
104  5.87176208E-06 -2.493372E+00  0.000000E+00  5.759157E+01  2.040593E+01
105  6.15764815E-06 -2.614351E+00  0.000000E+00  6.041525E+01  1.940743E+01
106  6.45744404E-06 -2.741152E+00  0.000000E+00  6.337627E+01  1.845022E+01
107  6.77182582E-06 -2.874048E+00  0.000000E+00  6.648127E+01  1.753187E+01
108  7.10150238E-06 -3.013324E+00  0.000000E+00  6.973726E+01  1.665001E+01
109  7.44721702E-06 -3.159277E+00  0.000000E+00  7.315156E+01  1.580234E+01
110  7.80974909E-06 -3.312216E+00  0.000000E+00  7.673185E+01  1.498660E+01
111  8.18991574E-06 -3.472464E+00  0.000000E+00  8.048617E+01  1.420055E+01
112  8.58857377E-06 -3.640355E+00  0.000000E+00  8.442297E+01  1.344202E+01
113  9.00662153E-06 -3.816238E+00  0.000000E+00  8.855108E+01  1.270882E+01
114  9.44500094E-06 -4.000474E+00  0.000000E+00  9.287979E+01  1.199881E+01
115  9.90469958E-06 -4.193438E+00  0.000000E+00  9.741881E+01  1.130982E+01
116  1.03867529E-05 -4.395519E+00  0.000000E+00  1.021783E+02  1.063971E+01
117  1.08922466E-05 -4.607118E+00  0.000000E+00  1.071690E+02  9.986294E+00
118  1.14223189E-05 -4.828650E+00  0.000000E+00  1.124020E+02  9.347377E+00
119  1.19781634E-05 -5.060543E+00  0.000000E+00  1.178891E+02  8.720726E+00
120  1.25610311E-05 -5.303238E+00  0.000000E+00  1.236425E+02  8.104059E+00
121  1.31722341E-05 -5.557187E+00  0.000000E+00  1.296752E+02  7.495036E+00
122  1.38131478E-05 -5.822852E+00  0.000000E+00  1.360005E+02  6.891242E+00
123  1.44852142E-05 -6.100707E+00  0.000000E+00  1.426327E+02  6.290181E+00
124  1.51899452E-05 -6.391230E+00  0.000000E+00  1.495865E+02  5.689255E+00
125  1.59289260E-05 -6.694911E+00  0.000000E+00  1.568774E+02  5.085752E+00
126  1.67038182E-05 -7.012238E+00  0.000000E+00  1.645217E+02  4.476830E+00
127  1.75163642E-05 -7.343706E+00  0.000000E+00  1.725363E+02  3.859501E+00
128  1.83683906E-05 -7.689803E+00  0.000000E+00  1.809390E+02  3.230611E+00
129  1.92618123E-05 -8.051013E+00  0.000000E+00  1.897486E+02  2.586824E+00
130  2.01986368E-05 -8.427809E+00  0.000000E+00  1.989845E+02  1.924603E+00
131  2.11809688E-05 -8.820646E+00  0.000000E+00  2.086671E+02  1.240186E+00
132  2.22110148E-05 -9.229955E+00  0.000000E+00  2.188178E+02  5.295709E-01
133  2.32910879E-05 -9.656136E+00  0.000000E+00  2.294591E+02 -2.115131E-01
134  2.44236130E-05 -1.009955E+01  0.000000E+00  2.406142E+02 -9.876219E-01
135  2.56111323E-05 -1.056049E+01  0.000000E+00  2.523077E+02 -1.803622E+00
136  2.68563107E-05 -1.103921E+01  0.000000E+00  2.645653E+02 -2.664711E+00
137  2.81619418E-05 -1.153585E+01  0.000000E+00  2.774136E+02 -3.576443E+00
138  2.95309544E-05 -1.205048E+01  0.000000E+00  2.908807E+02 -4.544742E+00
139  3.09664184E-05 -1.258302E+01  0.000000E+00  3.049960E+02 -5.575930E+00
140  3.24715520E-05 -1.313327E+01  0.000000E+00  3.197900E+02 -6.676737E+00
141  3.40497289E-05 -1.370083E+01  0.000000E+00  3.352946E+02 -7.854313E+00
142  3.57044852E-05 -1.428511E+01  0.000000E+00  3.515433E+02 -9.116238E+00
143  3.74395280E-05 -1.488527E+01  0.000000E+00  3.685711E+02 -1.047052E+01
144  3.92587429E-05 -1.550015E+01  0.000000E+00  3.864142E+02 -1.192558E+01
145  4.11662029E-05 -1.612829E+01  0.000000E+00  4.051109E+02 -1.349025E+01
146  4.31661774E-05 -1.676777E+01  0.000000E+00  4.247009E+02 -1.517368E+01
147  4.52631415E-05 -1.741624E+01  0.000000E+00  4.452256E+02 -1.698536E+01
148  4.74617858E-05 -1.807075E+01  0.000000E+00  4.667284E+02 -1.893496E+01
149  4.97670270E-05 -1.872772E+01  0.000000E+00  4.892545E+02 -2.103226E+01
150  5.21840183E-05 -1.938279E+01  0.000000E+00  5.128511E+02 -2.328694E+01
151  5.47181610E-05 -2.003071E+01  0.000000E+00  5.375677E+02 -2.570844E+01
152  5.73751165E-05 -2.066519E+01  0.000000E+00  5.634557E+02 -2.830562E+01
153  6.01608183E-05 -2.127874E+01  0.000000E+00  5.905692E+02 -3.108645E+01
154  6.30814852E-05 -2.186244E+01  0.000000E+00  6.189645E+02 -3.405752E+01
155  6.61436351E-05 -2.240576E+01  0.000000E+00  6.487009E+02 -3.722041E+01
156  6.93540991E-05 -2.289626E+01  0.000000E+00  6.798404E+02 -4.061065E+01
157  7.27200364E-05 -2.331931E+01  0.000000E+00  7.124480E+02 -4.453122E+01
158  7.62489499E-05 -2.365772E+01  0.000000E+00  7.465933E+02 -4.519031E+01
159  7.99487029E-05 -2.389135E+01  0.000000E+00  7.823902E+02 -4.807432E+01
160  8.38275359E-05 -2.399668E+01  0.000000E+00  8.198306E+02 -6.732329E+01
161  8.78940846E-05 -2.400000E+01  0.000000E+00  8.588840E+02 -6.198621E+01
162  9.21573989E-05 -2.400000E+01  0.000000E+00  9.000640E+02 -5.560764E+01
163  9.66269625E-05 -2.400000E+01  0.000000E+00  9.430704E+02 -6.986082E+01
164  1.01312713E-04 -2.400000E+01  0.000000E+00  9.881022E+02 -7.378338E+01
165  1.06225065E-04 -2.400000E+01  0.000000E+00  1.035262E+03 -7.844659E+01
166  1.11374931E-04 -2.400000E+01  0.000000E+00  1.084648E+03 -8.341546E+01
167  1.16773745E-04 -2.400000E+01  0.000000E+00  1.136366E+03 -8.855654E+01
168  1.22433489E-04 -2.400000E+01  0.000000E+00  1.190524E+03 -9.388788E+01
169  1.28366717E-04 -2.400000E+01  0.000000E+00  1.247237E+03 -9.942121E+01
170  1.34586583E-04 -2.400000E+01  0.000000E+00  1.306624E+03 -1.051683E+02
171  1.41106870E-04 -2.400000E+01  0.000000E+00  1.368811E+03 -1.111414E+02
172  1.47942018E-04 -2.400000E+01  0.000000E+00  1.433928E+03 -1.173531E+02
173  1.55107156E-04 -2.400000E+01  0.000000E+00  1.502111E+03 -1.238166E+02
174  1.62618136E-04 -2.400000E+01  0.000000E+00  1.573504E+03 -1.305456E+02
175  1.70491564E-04 -2.400000E+01  0.000000E+00  1.648256E+03 -1.375542E+02
176  1.78744837E-04 -2.400000E+01  0.000000E+00  1.726522E+03 -1.448573E+02
177  1.87396181E-04 -2.400000E+01  0.000000E+00  1.808466E+03 -1.524702E+02
178  1.96464690E-04 -2.400000E+01  0.000000E+00  1.894259E+03 -1.604089E+02
179  2.05970363E-04 -2.400000E+01  0.000000E+00  1.984077E+03 -1.686901E+02
180  2.15934154E-04 -2.400000E+01  0.000000E+00  2.078108E+03 -1.773310E+02
181  2.26378009E-04 -2.400000E+01  0.000000E+00  2.176546E+03 -1.863498E+02
182  2.37324916E-04 -2.400000E+01  0.000000E+00  2.279592E+03 -1.957652E+02
183  2.48798956E-04 -2.400000E+01  0.000000E+00  2.387460E+03 -2.055969E+02
184  2.60825348E-04 -2.400000E+01  0.000000E+00  2.500371E+03 -2.158653E+02
185  2.73430510E-04 -2.400000E+01  0.000000E+00  2.618555E+03 -2.265915E+02
186  2.86642107E-04 -2.400000E+01  0.000000E+00  2.742254E+03 -2.377979E+02
187  3.00489114E-04 -2.400000E+01  0.000000E+00  2.871719E+03 -2.495076E+02
188  3.15001878E-04 -2.400000E+01  0.000000E+00  3.007213E+03 -2.617445E+02
189  3.30212177E-04 -2.400000E+01  0.000000E+00  3.149010E+03 -2.745340E+02
190  3.46153291E-04 -2.400000E+01  0.000000E+00  3.297396E+03 -2.879021E+02
191  3.62860068E-04 -2.400000E+01  0.000000E+00  3.452668E+03 -3.018761E+02
192  3.80369001E-04 -2.400000E+01  0.000000E+00  3.615139E+03 -3.164846E+02
193  3.98718299E-04 -2.400000E+01  0.000000E+00  3.785131E+03 -3.317572E+02
194  4.17947972E-04 -2.400000E+01  0.000000E+00  3.962982E+03 -3.477248E+02
195  4.38099909E-04 -2.400000E+01  0.000000E+00  4.149045E+03 -3.644197E+02
196  4.59217968E-04 -2.400000E+01  0.000000E+00  4.343686E+03 -3.818755E+02
197  4.81348065E-04 -2.400000E+01  0.000000E+00  4.547286E+03 -4.001273E+02
198  5.04538269E-04 -2.400000E+01  0.000000E+00  4.760245E+03 -4.192115E+02
199  5.28838901E-04 -2.400000E+01  0.000000E+00  4.982974E+03 -4.391661E+02
200  5.54302640E-04 -2.400000E+01  0.000000E+00  5.215905E+03 -4.600309E+02
201  5.80984624E-04 -2.400000E+01  0.000000E+00  5.459487E+03 -4.818470E+02
202  6.08942570E-04 -2.400000E+01  0.000000E+00  5.714184E+03 -5.046576E+02
203  6.38236887E-04 -2.400000E+01  0.000000E+00  5.980482E+03 -5.285072E+02
204  6.68930802E-04 -2.400000E+01  0.000000E+00  6.258883E+03 -5.534425E+02
205  7.01090484E-04 -2.400000E+01  0.000000E+00  6.549910E+03 -5.795121E+02
206  7.34785183E-04 -2.400000E+01  0.000000E+00  6.854107E+03 -6.067663E+02
207  7.70087363E-04 -2.400000E+01  0.000000E+00  7.172037E+03 -6.352578E+02
208  8.07072856E-04 -2.400000E+01  0.000000E+00  7.504284E+03 -6.650410E+02
209  8.45821007E-04 -2.400000E+01  0.000000E+00  7.851455E+03 -6.961728E+02
210  8.86414834E-04 -2.400000E+01  0.000000E+00  8.214179E+03 -7.287122E+02
211  9.28941198E-04 -2.400000E+01  0.000000E+00  8.593104E+03 -7.627205E+02
212  9.73490969E-04 -2.400000E+01  0.000000E+00  8.988907E+03 -7.982613E+02
213  1.02015921E-03 -2.400000E+01  0.000000E+00  9.402283E+03 -8.354008E+02
214  1.06904537E-03 -2.400000E+01  0.000000E+00  9.833954E+03 -8.742076E+02
215  1.12025345E-03 -2.400000E+01  0.000000E+00  1.028466E+04 -9.147529E+02
216  1.17389227E-03 -2.400000E+01  0.000000E+00  1.075518E+04 -9.571105E+02
217  1.23007561E-03 -2.400000E+01  0.000000E+00  1.124630E+04 -1.001357E+03
218  1.28892247E-03 -2.400000E+01  0.000000E+00  1.175885E+04 -1.047572E+03
219  1.35055731E-03 -2.400000E+01  0.000000E+00  1.229365E+04 -1.095836E+03
220  1.41511025E-03 -2.400000E+01  0.000000E+00  1.285158E+04 -1.146236E+03
221  1.48271736E-03 -2.400000E+01  0.000000E+00  1.343354E+04 -1.198859E+03
222  1.55352091E-03 -2.400000E+01  0.000000E+00  1.404043E+04 -1.253796E+03
223  1.62766964E-03 -2.400000E+01  0.000000E+00  1.467320E+04 -1.311140E+03
224  1.70531902E-03 -2.400000E+01  0.000000E+00  1.533280E+04 -1.370988E+03
225  1.78663159E-03 -2.400000E+01  0.000000E+00  1.602022E+04 -1.433441E+03
226  1.87177723E-03 -2.400000E+01  0.000000E+00  1.673648E+04 -1.498600E+03
227  1.96093350E-03 -2.400000E+01  0.000000E+00  1.748258E+04 -1.566573E+03
228  2.05428596E-03 -2.400000E+01  0.000000E+00  1.825958E+04 -1.637467E+03
229  2.15202851E-03 -2.400000E+01  0.000000E+00  1.906854E+04 -1.711395E+03
230  2.25436377E-03 -2.400000E+01  0.000000E+00  1.991054E+04 -1.788472E+03
231  2.36150344E-03 -2.400000E+01  0.000000E+00  2.078666E+04 -1.868816E+03
232  2.47366869E-03 -2.400000E+01  0.000000E+00  2.169801E+04 -1.952547E+03
233  2.59109055E-03 -2.400000E+01  0.000000E+00  2.264569E+04 -2.039789E+03
234  2.71401038E-03 -2.400000E+01  0.000000E+00  2.363082E+04 -2.130669E+03
235  2.84268023E-03 -2.400000E+01  0.000000E+00  2.465451E+04 -2.225314E+03
236  2.97736335E-03 -2.400000E+01  0.000000E+00  2.571788E+04 -2.323857E+03
237  3.11833464E-03 -2.400000E+01  0.000000E+00  2.682202E+04 -2.426429E+03
238  3.26588114E-03 -2.400000E+01  0.000000E+00  2.796803E+04 -2.533167E+03
239  3.42030255E-03 -2.400000E+01  0.000000E+00  2.915697E+04 -2.644207E+03
240  3.58191173E-03 -2.400000E+01  0.000000E+00  3.038989E+04 -2.759688E+03
241  3.75103526E-03 -2.400000E+01  0.000000E+00  3.166781E+04 -2.879749E+03
242  3.92801402E-03 -2.400000E+01  0.000000E+00  3.299169E+04 -3.004530E+03
243  4.11320375E-03 -2.400000E+01  0.000000E+00  3.436247E+04 -3.134172E+03
244  4.30697568E-03 -2.400000E+01  0.000000E+00  3.578100E+04 -3.268814E+03
245  4.50971715E-03 -2.400000E+01  0.000000E+00  3.724808E+04 -3.408595E+03
246  4.72183227E-03 -2.400000E+01  0.000000E+00  3.876444E+04 -3.553655E+03
247  4.94374261E-03 -2.400000E+01  0.000000E+00  4.033069E+04 -3.704127E+03
248  5.17588787E-03 -2.400000E+01  0.000000E+00  4.194735E+04 -3.860147E+03
249  5.41872662E-03 -2.400000E+01  0.000000E+00  4.361483E+04 -4.021843E+03
250  5.67273708E-03 -2.400000E+01  0.000000E+00  4.533338E+04 -4.189341E+03
251  5.93841786E-03 -2.400000E+01  0.000000E+00  4.710313E+04 -4.362760E+03
252  6.21628879E-03 -2.400000E+01  0.000000E+00  4.892399E+04 -4.542214E+03
253  6.50689174E-03 -2.400000E+01  0.000000E+00  5.079573E+04 -4.727807E+03
254  6.81079147E-03 -2.400000E+01  0.000000E+00  5.271787E+04 -4.919637E+03
255  7.12857655E-03 -2.400000E+01  0.000000E+00  5.468972E+04 -5.117789E+03
256  7.46086027E-03 -2.400000E+01  0.000000E+00  5.671033E+04 -5.322339E+03
257  7.80828158E-03 -2.400000E+01  0.000000E+00  5.877843E+04 -5.533346E+03
258  8.17150605E-03 -2.400000E+01  0.000000E+00  6.089249E+04 -5.750858E+03
259  8.55122693E-03 -2.400000E+01  0.000000E+00  6.305061E+04 -5.974903E+03
260  8.94816616E-03 -2.400000E+01  0.000000E+00  6.525051E+04 -6.205491E+03
261  9.36307546E-03 -2.400000E+01  0.000000E+00  6.748953E+04 -6.442610E+03
262  9.79673742E-03 -2.400000E+01  0.000000E+00  6.976455E+04 -6.686226E+03
263  1.02499667E-02 -2.400000E+01  0.000000E+00  7.207200E+04 -6.936278E+03
264  1.07236110E-02 -2.400000E+01  0.000000E+00  7.440779E+04 -7.192677E+03
265  1.12185528E-02 -2.400000E+01  0.000000E+00  7.676727E+04 -7.455304E+03
266  1.17357098E-02 -2.400000E+01  0.000000E+00  7.914524E+04 -7.724005E+03
267  1.22760369E-02 -2.400000E+01  0.000000E+00  8.153583E+04 -7.998588E+03
268  1.28405273E-02 -2.400000E+01  0.000000E+00  8.393253E+04 -8.278823E+03
269  1.34302138E-02 -2.400000E+01  0.000000E+00  8.632813E+04 -8.564435E+03
270  1.40461700E-02 -2.400000E+01  0.000000E+00  8.871464E+04 -8.855103E+03
271  1.46895123E-02 -2.400000E+01  0.000000E+00  9.108332E+04 -9.150455E+03
272  1.53614007E-02 -2.400000E+01  0.000000E+00  9.342455E+04 -9.450067E+03
273  1.60630408E-02 -2.400000E+01  0.000000E+00  9.572788E+04 -9.753456E+03
274  1.67956853E-02 -2.400000E+01  0.000000E+00  9.798195E+04 -1.006008E+04
275  1.75606352E-02 -2.400000E+01  0.000000E+00  1.001744E+05 -1.036932E+04
276  1.83592417E-02 -2.400000E+01  0.000000E+00  1.022920E+05 -1.068051E+04
277  1.91929081E-02 -2.400000E+01  0.000000E+00  1.043205E+05 -1.099290E+04
278  2.00630910E-02 -2.400000E+01  0.000000E+00  1.062445E+05 -1.130565E+04
279  2.09713023E-02 -2.400000E+01  0.000000E+00  1.080477E+05 -1.161787E+04
280  2.19191112E-02 -2.400000E+01  0.000000E+00  1.097127E+05 -1.192856E+04
281  2.29081454E-02 -2.400000E+01  0.000000E+00  1.112211E+05 -1.223664E+04
282  2.39400935E-02 -2.400000E+01  0.000000E+00  1.125533E+05 -1.254095E+04
283  2.50167070E-02 -2.400000E+01  0.000000E+00  1.136890E+05 -1.284024E+04
284  2.61398014E-02 -2.400000E+01  0.000000E+00  1.146066E+05 -1.313315E+04
285  2.73112591E-02 -2.400000E+01  0.000000E+00  1.152837E+05 -1.341823E+04
286  2.85330310E-02 -2.400000E+01  0.000000E+00  1.156971E+05 -1.369395E+04
287  2.98071383E-02 -2.400000E+01  0.000000E+00  1.158227E+05 -1.395866E+04
288  3.11356750E-02 -2.400000E+01  0.000000E+00  1.156359E+05 -1.421064E+04
289  3.25208098E-02 -2.400000E+01  0.000000E+00  1.151114E+05 -1.444805E+04
290  3.39647882E-02 -2.400000E+01  0.000000E+00  1.142236E+05 -1.466898E+04
291  3.54699348E-02 -2.400000E+01  0.000000E+00  1.129468E+05 -1.487143E+04
292  3.70386554E-02 -2.400000E+01  0.000000E+00  1.112550E+05 -1.505331E+04
293  3.86734391E-02 -2.400000E+01  0.000000E+00  1.091229E+05 -1.521246E+04
294  4.03768609E-02 -2.400000E+01  0.000000E+00  1.065253E+05 -1.534666E+04
295  4.21515837E-02 -2.400000E+01  0.000000E+00  1.034382E+05 -1.545362E+04
296  4.40003606E-02 -2.400000E+01  0.000000E+00  9.983847E+04 -1.553104E+04
297  4.59260373E-02 -2.400000E+01  0.000000E+00  9.570484E+04 -1.557656E+04
298  4.79315547E-02 -2.400000E+01  0.000000E+00  9.101786E+04 -1.558782E+04
299  5.00199506E-02 -2.400000E+01  0.000000E+00  8.576054E+04 -1.556247E+04
300  5.21943629E-02 -2.400000E+01  0.000000E+00  7.991886E+04 -1.549819E+04
301  5.44580312E-02 -2.400000E+01  0.000000E+00  7.348222E+04 -1.539272E+04
302  5.68142999E-02 -2.400000E+01  0.000000E+00  6.644407E+04 -1.524386E+04
303  5.92666202E-02 -2.400000E+01  0.000000E+00  5.880241E+04 -1.504954E+04
304  6.18185525E-02 -2.400000E+01  0.000000E+00  5.056048E+04 -1.480781E+04
305  6.44737691E-02 -2.400000E+01  0.000000E+00  4.172732E+04 -1.451693E+04
306  6.72360564E-02 -2.400000E+01  0.000000E+00  3.231843E+04 -1.417532E+04
307  7.01093175E-02 -2.400000E+01  0.000000E+00  2.235640E+04 -1.378170E+04
308  7.30975744E-02 -2.400000E+01  0.000000E+00  1.187149E+04 -1.333503E+04
309  7.62049705E-02 -2.400000E+01  0.000000E+00  9.023064E+02 -1.283464E+04
310  7.94357731E-02 -2.400000E+01  0.000000E+00 -1.050372E+04 -1.228021E+04
311  8.27943757E-02 -2.400000E+01  0.000000E+00 -2.228980E+04 -1.167183E+04
312  8.62853005E-02 -2.400000E+01  0.000000E+00 -3.438933E+04 -1.101006E+04
313  8.99132002E-02 -2.400000E+01  0.000000E+00 -4.672559E+04 -1.029595E+04
314  9.36828612E-02 -2.400000E+01  0.000000E+00 -5.921152E+04 -9.531093E+03
315  9.75992052E-02 -2.400000E+01  0.000000E+00 -7.174957E+04 -8.717651E+03
316  1.01667292E-01 -2.400000E+01  0.000000E+00 -8.423183E+04 -7.858394E+03
317  1.05892320E-01 -2.400000E+01  0.000000E+00 -9.654025E+04 -6.956733E+03
318  1.10279632E-01 -2.400000E+01  0.000000E+00 -1.085471E+05 -6.016736E+03
319  1.14834714E-01 -2.400000E+01  0.000000E+00 -1.201156E+05 -5.043146E+03
320  1.19563199E-01 -2.400000E+01  0.000000E+00 -1.311010E+05 -4.041390E+03
321  1.24470866E-01 -2.400000E+01  0.000000E+00 -1.413517E+05 -3.017576E+03
322  1.29563647E-01 -2.400000E+01  0.000000E+00 -1.507105E+05 -1.978477E+03
323  1.34847627E-01 -2.400000E+01  0.000000E+00 -1.590169E+05 -9.315126E+02
324  1.40329042E-01 -2.400000E+01  0.000000E+00 -1.661088E+05  1.152970E+02
325  1.46014287E-01 -2.400000E+01  0.000000E+00 -1.718251E+05  1.153378E+03
326  1.51909914E-01 -2.400000E+01  0.000000E+00 -1.760083E+05  2.173674E+03
327  1.58022632E-01 -2.400000E+01  0.000000E+00 -1.785076E+05  3.166727E+03
328  1.64359315E-01 -2.400000E+01  0.000000E+00 -1.791822E+05  4.122775E+03
329  1.70926996E-01 -2.400000E+01  0.000000E+00 -1.779047E+05  5.031871E+03
330  1.77732874E-01 -2.400000E+01  0.000000E+00 -1.745648E+05  5.884012E+03
331  1.84784312E-01 -2.400000E+01  0.000000E+00 -1.690733E+05  6.669280E+03
332  1.92088838E-01 -2.400000E+01  0.000000E+00 -1.613656E+05  7.378006E+03
333  1.99654152E-01 -2.400000E+01  0.000000E+00 -1.514058E+05  8.000936E+03
334  2.07488118E-01 -2.400000E+01  0.000000E+00 -1.391904E+05  8.529410E+03
335  2.15598770E-01 -2.400000E+01  0.000000E+00 -1.247517E+05  8.955547E+03
336  2.23994316E-01 -2.400000E+01  0.000000E+00 -1.081606E+05  9.272434E+03
337  2.32683129E-01 -2.400000E+01  0.000000E+00 -8.952988E+04  9.474311E+03
338  2.41673760E-01 -2.400000E+01  0.000000E+00 -6.901547E+04  9.556747E+03
339  2.50974926E-01 -2.400000E+01  0.000000E+00 -4.681817E+04  9.516819E+03
340  2.60595521E-01 -2.400000E+01  0.000000E+00 -2.318389E+04  9.353254E+03
341  2.70544609E-01 -2.400000E+01  0.000000E+00  1.597009E+03  9.066573E+03
342  2.80831429E-01 -2.400000E+01  0.000000E+00  2.719138E+04  8.659185E+03
343  2.91465390E-01 -2.400000E+01  0.000000E+00  5.322625E+04  8.135470E+03
344  3.02456076E-01 -2.400000E+01  0.000000E+00  7.929294E+04  7.501811E+03
345  3.13813243E-01 -2.400000E+01  0.000000E+00  1.049526E+05  6.766590E+03
346  3.25546819E-01 -2.400000E+01  0.000000E+00  1.297428E+05  5.940137E+03
347  3.37666903E-01 -2.400000E+01  0.000000E+00  1.531859E+05  5.034634E+03
348  3.50183767E-01 -2.400000E+01  0.000000E+00  1.747976E+05  4.063969E+03
349  3.63107852E-01 -2.400000E+01  0.000000E+00  1.940979E+05  3.043534E+03
350  3.76449768E-01 -2.400000E+01  0.000000E+00  2.106213E+05  1.989985E+03
351  3.90220294E-01 -2.400000E+01  0.000000E+00  2.239292E+05  9.209485E+02
352  4.04430379E-01 -2.400000E+01  0.000000E+00  2.336210E+05 -1.453109E+02
353  4.19091134E-01 -2.400000E+01  0.000000E+00  2.393471E+05 -1.190255E+03
354  4.34213839E-01 -2.400000E+01  0.000000E+00  2.408195E+05 -2.195468E+03
355  4.49809934E-01 -2.400000E+01  0.000000E+00  2.378231E+05 -3.143061E+03
356  4.65891023E-01 -2.400000E+01  0.000000E+00  2.302255E+05 -4.016095E+03
357  4.82468869E-01 -2.400000E+01  0.000000E+00  2.179850E+05 -4.798983E+03
358  4.99555396E-01 -2.400000E+01  0.000000E+00  2.011569E+05 -5.477889E+03
359  5.17162680E-01 -2.400000E+01  0.000000E+00  1.798975E+05 -6.041083E+03
360  5.35302957E-01 -2.400000E+01  0.000000E+00  1.544657E+05 -6.479255E+03
361  5.53988610E-01 -2.400000E+01  0.000000E+00  1.252214E+05 -6.785782E+03
362  5.73232175E-01 -2.400000E+01  0.000000E+00  9.262162E+04 -6.956912E+03
363  5.93046336E-01 -2.400000E+01  0.000000E+00  5.721298E+04 -6.991885E+03
364  6.13443919E-01 -2.400000E+01  0.000000E+00  1.962177E+04 -6.892970E+03
365  6.34437898E-01 -2.400000E+01  0.000000E+00 -1.945899E+04 -6.665407E+03
366  6.56041381E-01 -2.400000E+01  0.000000E+00 -5.928483E+04 -6.317274E+03
367  6.78267618E-01 -2.400000E+01  0.000000E+00 -9.907724E+04 -5.859258E+03
368  7.01129991E-01 -2.400000E+01  0.000000E+00 -1.380426E+05 -5.304356E+03
369  7.24642013E-01 -2.400000E+01  0.000000E+00 -1.753919E+05 -4.667496E+03
370  7.48817329E-01 -2.400000E+01  0.000000E+00 -2.103613E+05 -3.965108E+03
371  7.73669705E-01 -2.400000E+01  0.000000E+00 -2.422318E+05 -3.214642E+03
372  7.99213033E-01 -2.400000E+01  0.000000E+00 -2.703477E+05 -2.434067E+03
373  8.25461320E-01 -2.400000E+01  0.000000E+00 -2.941341E+05 -1.641344E+03
374  8.52428694E-01 -2.400000E+01  0.000000E+00 -3.131110E+05 -8.539263E+02
375  8.80129390E-01 -2.400000E+01  0.000000E+00 -3.269048E+05 -8.826606E+01
376  9.08577757E-01 -2.400000E+01  0.000000E+00 -3.352566E+05  6.406237E+02
377  9.37788245E-01 -2.400000E+01  0.000000E+00 -3.380261E+05  1.319556E+03
378  9.67775410E-01 -2.400000E+01  0.000000E+00 -3.351920E+05  1.937484E+03
379  9.98553905E-01 -2.400000E+01  0.000000E+00 -3.268478E+05  2.485738E+03
380  1.03013848E+00 -2.400000E+01  0.000000E+00 -3.131942E+05  2.958174E+03
381  1.06254397E+00 -2.400000E+01  0.000000E+00 -2.945275E+05  3.351238E+03
382  1.09578530E+00 -2.400000E+01  0.000000E+00 -2.712246E+05  3.663942E+03
383  1.12987749E+00 -2.400000E+01  0.000000E+00 -2.437257E+05  3.897763E+03
384  1.16483562E+00 -2.400000E+01  0.000000E+00 -2.125143E+05  4.056473E+03
385  1.20067487E+00 -2.400000E+01  0.000000E+00 -1.780957E+05  4.145911E+03
386  1.23741048E+00 -2.400000E+01  0.000000E+00 -1.409751E+05  4.173713E+03
387  1.27505775E+00 -2.400000E+01  0.000000E+00 -1.016345E+05  4.149015E+03
388  1.31363206E+00 -2.400000E+01  0.000000E+00 -6.051039E+04  4.082158E+03
389  1.35314886E+00 -2.400000E+01  0.000000E+00 -1.797155E+04  3.984400E+03
390  1.39362363E+00 -2.400000E+01  0.000000E+00  2.570227E+04  3.867659E+03
391  1.43507193E+00 -2.400000E+01  0.000000E+00  7.034131E+04  3.744310E+03
392  1.47750936E+00 -2.400000E+01  0.000000E+00  1.159064E+05  3.627053E+03
393  1.52095156E+00 -2.400000E+01  0.000000E+00  1.625103E+05  3.528866E+03
394  1.56541423E+00 -2.400000E+01  0.000000E+00  2.104399E+05  3.463064E+03
395  1.61091310E+00 -2.400000E+01  0.000000E+00  2.601824E+05  3.443492E+03
396  1.65746393E+00 -2.400000E+01  0.000000E+00  3.124561E+05  3.484861E+03
397  1.70508252E+00 -2.400000E+01  0.000000E+00  3.682491E+05  3.603279E+03
398  1.75378471E+00 -2.400000E+01  0.000000E+00  4.288704E+05  3.817554E+03
399  1.80358634E+00 -2.400000E+01  0.000000E+00  1.740244E+06  1.454779E+04
