#      n =  2
#  kappa = -1
# energy = -4.90983114E+02
#     vc = -9.84332439E+02


0    8.33333333E-08 -2.293163E-02  0.000000E+00 -0.000000E+00  1.269467E-02
1    8.73957586E-08 -2.404953E-02  0.000000E+00  1.234236E-07  1.269467E-02
2    9.16562121E-08 -2.522192E-02  0.000000E+00  2.528636E-07  1.210458E-02
3    9.61243460E-08 -2.645146E-02  0.000000E+00  3.886133E-07  1.154192E-02
4    1.00810283E-07 -2.774093E-02  0.000000E+00  5.309803E-07  1.100542E-02
5    1.05724640E-07 -2.909326E-02  0.000000E+00  6.802870E-07  1.049386E-02
6    1.10878549E-07 -3.051150E-02  0.000000E+00  8.368718E-07  1.000608E-02
7    1.16283686E-07 -3.199888E-02  0.000000E+00  1.001089E-06  9.540973E-03
8    1.21952298E-07 -3.355877E-02  0.000000E+00  1.173312E-06  9.097487E-03
9    1.27897225E-07 -3.519468E-02  0.000000E+00  1.353929E-06  8.674617E-03
10   1.34131934E-07 -3.691034E-02  0.000000E+00  1.543350E-06  8.271404E-03
11   1.40670551E-07 -3.870963E-02  0.000000E+00  1.742005E-06  7.886934E-03
12   1.47527886E-07 -4.059662E-02  0.000000E+00  1.950342E-06  7.520337E-03
13   1.54719474E-07 -4.257559E-02  0.000000E+00  2.168835E-06  7.170780E-03
14   1.62261606E-07 -4.465102E-02  0.000000E+00  2.397978E-06  6.837473E-03
15   1.70171367E-07 -4.682761E-02  0.000000E+00  2.638290E-06  6.519659E-03
16   1.78466673E-07 -4.911029E-02  0.000000E+00  2.890316E-06  6.216619E-03
17   1.87166316E-07 -5.150424E-02  0.000000E+00  3.154626E-06  5.927665E-03
18   1.96290001E-07 -5.401487E-02  0.000000E+00  3.431819E-06  5.652143E-03
19   2.05858395E-07 -5.664788E-02  0.000000E+00  3.722523E-06  5.389429E-03
20   2.15893170E-07 -5.940922E-02  0.000000E+00  4.027397E-06  5.138927E-03
21   2.26417056E-07 -6.230514E-02  0.000000E+00  4.347131E-06  4.900069E-03
22   2.37453890E-07 -6.534222E-02  0.000000E+00  4.682448E-06  4.672314E-03
23   2.49028670E-07 -6.852732E-02  0.000000E+00  5.034110E-06  4.455146E-03
24   2.61167613E-07 -7.186766E-02  0.000000E+00  5.402911E-06  4.248073E-03
25   2.73898211E-07 -7.537080E-02  0.000000E+00  5.789688E-06  4.050625E-03
26   2.87249298E-07 -7.904469E-02  0.000000E+00  6.195317E-06  3.862355E-03
27   3.01251112E-07 -8.289762E-02  0.000000E+00  6.620715E-06  3.682837E-03
28   3.15935364E-07 -8.693834E-02  0.000000E+00  7.066847E-06  3.511663E-03
29   3.31335311E-07 -9.117599E-02  0.000000E+00  7.534723E-06  3.348446E-03
30   3.47485828E-07 -9.562017E-02  0.000000E+00  8.025403E-06  3.192816E-03
31   3.64423491E-07 -1.002809E-01  0.000000E+00  8.539997E-06  3.044420E-03
32   3.82186657E-07 -1.051688E-01  0.000000E+00  9.079671E-06  2.902922E-03
33   4.00815553E-07 -1.102949E-01  0.000000E+00  9.645648E-06  2.768001E-03
34   4.20352364E-07 -1.156709E-01  0.000000E+00  1.023921E-05  2.639352E-03
35   4.40841331E-07 -1.213088E-01  0.000000E+00  1.086170E-05  2.516682E-03
36   4.62328850E-07 -1.272214E-01  0.000000E+00  1.151452E-05  2.399714E-03
37   4.84863575E-07 -1.334222E-01  0.000000E+00  1.219916E-05  2.288184E-03
38   5.08496535E-07 -1.399251E-01  0.000000E+00  1.291717E-05  2.181837E-03
39   5.33281240E-07 -1.467450E-01  0.000000E+00  1.367017E-05  2.080434E-03
40   5.59273808E-07 -1.538971E-01  0.000000E+00  1.445986E-05  1.983743E-03
41   5.86533091E-07 -1.613977E-01  0.000000E+00  1.528804E-05  1.891547E-03
42   6.15120807E-07 -1.692638E-01  0.000000E+00  1.615658E-05  1.803637E-03
43   6.45101680E-07 -1.775132E-01  0.000000E+00  1.706745E-05  1.719812E-03
44   6.76543587E-07 -1.861645E-01  0.000000E+00  1.802270E-05  1.639884E-03
45   7.09517710E-07 -1.952373E-01  0.000000E+00  1.902450E-05  1.563671E-03
46   7.44098699E-07 -2.047521E-01  0.000000E+00  2.007513E-05  1.491000E-03
47   7.80364839E-07 -2.147304E-01  0.000000E+00  2.117695E-05  1.421707E-03
48   8.18398226E-07 -2.251949E-01  0.000000E+00  2.233246E-05  1.355634E-03
49   8.58284957E-07 -2.361691E-01  0.000000E+00  2.354427E-05  1.292632E-03
50   9.00115319E-07 -2.476779E-01  0.000000E+00  2.481514E-05  1.232559E-03
51   9.43983998E-07 -2.597473E-01  0.000000E+00  2.614793E-05  1.175277E-03
52   9.89990288E-07 -2.724045E-01  0.000000E+00  2.754567E-05  1.120658E-03
53   1.03823832E-06 -2.856782E-01  0.000000E+00  2.901151E-05  1.068577E-03
54   1.08883730E-06 -2.995983E-01  0.000000E+00  3.054877E-05  1.018916E-03
55   1.14190174E-06 -3.141963E-01  0.000000E+00  3.216094E-05  9.715636E-04
56   1.19755173E-06 -3.295052E-01  0.000000E+00  3.385166E-05  9.264115E-04
57   1.25591322E-06 -3.455594E-01  0.000000E+00  3.562475E-05  8.833577E-04
58   1.31711828E-06 -3.623953E-01  0.000000E+00  3.748424E-05  8.423045E-04
59   1.38130541E-06 -3.800508E-01  0.000000E+00  3.943432E-05  8.031590E-04
60   1.44861986E-06 -3.985657E-01  0.000000E+00  4.147941E-05  7.658324E-04
61   1.51921394E-06 -4.179818E-01  0.000000E+00  4.362414E-05  7.302401E-04
62   1.59324738E-06 -4.383427E-01  0.000000E+00  4.587336E-05  6.963014E-04
63   1.67088769E-06 -4.596945E-01  0.000000E+00  4.823215E-05  6.639394E-04
64   1.75231053E-06 -4.820850E-01  0.000000E+00  5.070586E-05  6.330808E-04
65   1.83770011E-06 -5.055648E-01  0.000000E+00  5.330008E-05  6.036556E-04
66   1.92724960E-06 -5.301866E-01  0.000000E+00  5.602067E-05  5.755971E-04
67   2.02116158E-06 -5.560058E-01  0.000000E+00  5.887380E-05  5.488417E-04
68   2.11964848E-06 -5.830802E-01  0.000000E+00  6.186591E-05  5.233286E-04
69   2.22293307E-06 -6.114707E-01  0.000000E+00  6.500377E-05  4.990002E-04
70   2.33124899E-06 -6.412409E-01  0.000000E+00  6.829447E-05  4.758010E-04
71   2.44484120E-06 -6.724575E-01  0.000000E+00  7.174547E-05  4.536787E-04
72   2.56396660E-06 -7.051904E-01  0.000000E+00  7.536456E-05  4.325829E-04
73   2.68889461E-06 -7.395126E-01  0.000000E+00  7.915993E-05  4.124657E-04
74   2.81990774E-06 -7.755008E-01  0.000000E+00  8.314015E-05  3.932816E-04
75   2.95730224E-06 -8.132353E-01  0.000000E+00  8.731423E-05  3.749869E-04
76   3.10138877E-06 -8.527999E-01  0.000000E+00  9.169159E-05  3.575401E-04
77   3.25249313E-06 -8.942827E-01  0.000000E+00  9.628214E-05  3.409015E-04
78   3.41095694E-06 -9.377756E-01  0.000000E+00  1.010963E-04  3.250334E-04
79   3.57713845E-06 -9.833748E-01  0.000000E+00  1.061448E-04  3.098996E-04
80   3.75141333E-06 -1.031181E+00  0.000000E+00  1.114392E-04  2.954657E-04
81   3.93417552E-06 -1.081300E+00  0.000000E+00  1.169914E-04  2.816989E-04
82   4.12583812E-06 -1.133842E+00  0.000000E+00  1.228140E-04  2.685676E-04
83   4.32683434E-06 -1.188921E+00  0.000000E+00  1.289201E-04  2.560421E-04
84   4.53761841E-06 -1.246658E+00  0.000000E+00  1.353235E-04  2.440936E-04
85   4.75866669E-06 -1.307179E+00  0.000000E+00  1.420387E-04  2.326949E-04
86   4.99047869E-06 -1.370614E+00  0.000000E+00  1.490808E-04  2.218198E-04
87   5.23357819E-06 -1.437102E+00  0.000000E+00  1.564657E-04  2.114435E-04
88   5.48851444E-06 -1.506784E+00  0.000000E+00  1.642101E-04  2.015420E-04
89   5.75586340E-06 -1.579809E+00  0.000000E+00  1.723316E-04  1.920927E-04
90   6.03622903E-06 -1.656333E+00  0.000000E+00  1.808484E-04  1.830735E-04
91   6.33024462E-06 -1.736517E+00  0.000000E+00  1.897797E-04  1.744638E-04
92   6.63857426E-06 -1.820529E+00  0.000000E+00  1.991457E-04  1.662434E-04
93   6.96191431E-06 -1.908544E+00  0.000000E+00  2.089676E-04  1.583933E-04
94   7.30099496E-06 -2.000743E+00  0.000000E+00  2.192675E-04  1.508951E-04
95   7.65658189E-06 -2.097314E+00  0.000000E+00  2.300686E-04  1.437311E-04
96   8.02947797E-06 -2.198452E+00  0.000000E+00  2.413952E-04  1.368843E-04
97   8.42052509E-06 -2.304358E+00  0.000000E+00  2.532730E-04  1.303386E-04
98   8.83060603E-06 -2.415242E+00  0.000000E+00  2.657287E-04  1.240782E-04
99   9.26064643E-06 -2.531317E+00  0.000000E+00  2.787904E-04  1.180880E-04
100  9.71161693E-06 -2.652804E+00  0.000000E+00  2.924874E-04  1.123534E-04
101  1.01845353E-05 -2.779931E+00  0.000000E+00  3.068507E-04  1.068603E-04
102  1.06804686E-05 -2.912930E+00  0.000000E+00  3.219126E-04  1.015950E-04
103  1.12005360E-05 -3.052038E+00  0.000000E+00  3.377070E-04  9.654423E-05
104  1.17459107E-05 -3.197496E+00  0.000000E+00  3.542694E-04  9.169509E-05
105  1.23178230E-05 -3.349549E+00  0.000000E+00  3.716371E-04  8.703498E-05
106  1.29175629E-05 -3.508443E+00  0.000000E+00  3.898492E-04  8.255157E-05
107  1.35464831E-05 -3.674426E+00  0.000000E+00  4.089466E-04  7.823280E-05
108  1.42060017E-05 -3.847743E+00  0.000000E+00  4.289722E-04  7.406677E-05
109  1.48976058E-05 -4.028638E+00  0.000000E+00  4.499710E-04  7.004176E-05
110  1.56228547E-05 -4.217348E+00  0.000000E+00  4.719901E-04  6.614617E-05
111  1.63833832E-05 -4.414101E+00  0.000000E+00  4.950790E-04  6.236847E-05
112  1.71809056E-05 -4.619115E+00  0.000000E+00  5.192895E-04  5.869716E-05
113  1.80172190E-05 -4.832589E+00  0.000000E+00  5.446757E-04  5.512073E-05
114  1.88942081E-05 -5.054703E+00  0.000000E+00  5.712947E-04  5.162763E-05
115  1.98138486E-05 -5.285611E+00  0.000000E+00  5.992059E-04  4.820622E-05
116  2.07782121E-05 -5.525431E+00  0.000000E+00  6.284718E-04  4.484472E-05
117  2.17894709E-05 -5.774241E+00  0.000000E+00  6.591579E-04  4.153119E-05
118  2.28499021E-05 -6.032069E+00  0.000000E+00  6.913327E-04  3.825348E-05
119  2.39618936E-05 -6.298879E+00  0.000000E+00  7.250680E-04  3.499919E-05
120  2.51279488E-05 -6.574566E+00  0.000000E+00  7.604391E-04  3.175566E-05
121  2.63506923E-05 -6.858931E+00  0.000000E+00  7.975248E-04  2.850992E-05
122  2.76328761E-05 -7.151672E+00  0.000000E+00  8.364077E-04  2.524868E-05
123  2.89773852E-05 -7.452362E+00  0.000000E+00  8.771742E-04  2.195834E-05
124  3.03872446E-05 -7.760425E+00  0.000000E+00  9.199148E-04  1.862496E-05
125  3.18656256E-05 -8.075109E+00  0.000000E+00  9.647246E-04  1.523429E-05
126  3.34158530E-05 -8.395457E+00  0.000000E+00  1.011703E-03  1.177181E-05
127  3.50414126E-05 -8.720269E+00  0.000000E+00  1.060953E-03  8.222817E-06
128  3.67459589E-05 -9.048062E+00  0.000000E+00  1.112585E-03  4.572471E-06
129  3.85333231E-05 -9.377020E+00  0.000000E+00  1.166713E-03  8.059719E-07
130  4.04075220E-05 -9.704940E+00  0.000000E+00  1.223456E-03 -3.091266E-06
131  4.23727664E-05 -1.002917E+01  0.000000E+00  1.282939E-03 -7.133357E-06
132  4.44334709E-05 -1.034652E+01  0.000000E+00  1.345293E-03 -1.133361E-05
133  4.65942635E-05 -1.065319E+01  0.000000E+00  1.410656E-03 -1.570410E-05
134  4.88599959E-05 -1.094469E+01  0.000000E+00  1.479171E-03 -2.025508E-05
135  5.12357542E-05 -1.121566E+01  0.000000E+00  1.550990E-03 -2.497884E-05
136  5.37268705E-05 -1.145981E+01  0.000000E+00  1.626271E-03 -3.005173E-05
137  5.63389343E-05 -1.166971E+01  0.000000E+00  1.705178E-03 -3.689981E-05
138  5.90778050E-05 -1.183667E+01  0.000000E+00  1.787889E-03 -2.637561E-05
139  6.19496251E-05 -1.195046E+01  0.000000E+00  1.874692E-03 -3.427327E-05
140  6.49608335E-05 -1.199915E+01  0.000000E+00  1.965517E-03 -1.000344E-04
141  6.81181800E-05 -1.200000E+01  0.000000E+00  2.060453E-03 -6.052437E-05
142  7.14287401E-05 -1.200000E+01  0.000000E+00  2.160550E-03 -2.796093E-05
143  7.48999305E-05 -1.200000E+01  0.000000E+00  2.265203E-03 -7.343498E-05
144  7.85395256E-05 -1.200000E+01  0.000000E+00  2.374890E-03 -7.610233E-05
145  8.23556747E-05 -1.200000E+01  0.000000E+00  2.489864E-03 -8.202128E-05
146  8.63569201E-05 -1.200000E+01  0.000000E+00  2.610375E-03 -8.859981E-05
147  9.05522155E-05 -1.200000E+01  0.000000E+00  2.736690E-03 -9.533909E-05
148  9.49509460E-05 -1.200000E+01  0.000000E+00  2.869087E-03 -1.022894E-04
149  9.95629489E-05 -1.200000E+01  0.000000E+00  3.007859E-03 -1.094669E-04
150  1.04398535E-04 -1.200000E+01  0.000000E+00  3.153310E-03 -1.168876E-04
151  1.09468511E-04 -1.200000E+01  0.000000E+00  3.305762E-03 -1.245678E-04
152  1.14784205E-04 -1.200000E+01  0.000000E+00  3.465549E-03 -1.325244E-04
153  1.20357488E-04 -1.200000E+01  0.000000E+00  3.633022E-03 -1.407752E-04
154  1.26200804E-04 -1.200000E+01  0.000000E+00  3.808550E-03 -1.493382E-04
155  1.32327193E-04 -1.200000E+01  0.000000E+00  3.992518E-03 -1.582323E-04
156  1.38750324E-04 -1.200000E+01  0.000000E+00  4.185328E-03 -1.674772E-04
157  1.45484520E-04 -1.200000E+01  0.000000E+00  4.387405E-03 -1.770931E-04
158  1.52544795E-04 -1.200000E+01  0.000000E+00  4.599189E-03 -1.871013E-04
159  1.59946882E-04 -1.200000E+01  0.000000E+00  4.821144E-03 -1.975236E-04
160  1.67707267E-04 -1.200000E+01  0.000000E+00  5.053755E-03 -2.083831E-04
161  1.75843231E-04 -1.200000E+01  0.000000E+00  5.297530E-03 -2.197034E-04
162  1.84372881E-04 -1.200000E+01  0.000000E+00  5.553000E-03 -2.315094E-04
163  1.93315192E-04 -1.200000E+01  0.000000E+00  5.820723E-03 -2.438270E-04
164  2.02690050E-04 -1.200000E+01  0.000000E+00  6.101280E-03 -2.566830E-04
165  2.12518290E-04 -1.200000E+01  0.000000E+00  6.395281E-03 -2.701056E-04
166  2.22821748E-04 -1.200000E+01  0.000000E+00  6.703364E-03 -2.841241E-04
167  2.33623303E-04 -1.200000E+01  0.000000E+00  7.026199E-03 -2.987689E-04
168  2.44946928E-04 -1.200000E+01  0.000000E+00  7.364483E-03 -3.140720E-04
169  2.56817744E-04 -1.200000E+01  0.000000E+00  7.718948E-03 -3.300667E-04
170  2.69262069E-04 -1.200000E+01  0.000000E+00  8.090360E-03 -3.467876E-04
171  2.82307482E-04 -1.200000E+01  0.000000E+00  8.479519E-03 -3.642711E-04
172  2.95982877E-04 -1.200000E+01  0.000000E+00  8.887264E-03 -3.825551E-04
173  3.10318525E-04 -1.200000E+01  0.000000E+00  9.314472E-03 -4.016790E-04
174  3.25346142E-04 -1.200000E+01  0.000000E+00  9.762059E-03 -4.216843E-04
175  3.41098958E-04 -1.200000E+01  0.000000E+00  1.023098E-02 -4.426140E-04
176  3.57611782E-04 -1.200000E+01  0.000000E+00  1.072225E-02 -4.645133E-04
177  3.74921082E-04 -1.200000E+01  0.000000E+00  1.123691E-02 -4.874292E-04
178  3.93065063E-04 -1.200000E+01  0.000000E+00  1.177605E-02 -5.114110E-04
179  4.12083746E-04 -1.200000E+01  0.000000E+00  1.234083E-02 -5.365100E-04
180  4.32019052E-04 -1.200000E+01  0.000000E+00  1.293244E-02 -5.627800E-04
181  4.52914896E-04 -1.200000E+01  0.000000E+00  1.355213E-02 -5.902770E-04
182  4.74817277E-04 -1.200000E+01  0.000000E+00  1.420122E-02 -6.190598E-04
183  4.97774376E-04 -1.200000E+01  0.000000E+00  1.488108E-02 -6.491895E-04
184  5.21836659E-04 -1.200000E+01  0.000000E+00  1.559313E-02 -6.807301E-04
185  5.47056982E-04 -1.200000E+01  0.000000E+00  1.633886E-02 -7.137486E-04
186  5.73490705E-04 -1.200000E+01  0.000000E+00  1.711984E-02 -7.483146E-04
187  6.01195806E-04 -1.200000E+01  0.000000E+00  1.793770E-02 -7.845011E-04
188  6.30233004E-04 -1.200000E+01  0.000000E+00  1.879413E-02 -8.223844E-04
189  6.60665887E-04 -1.200000E+01  0.000000E+00  1.969092E-02 -8.620438E-04
190  6.92561047E-04 -1.200000E+01  0.000000E+00  2.062992E-02 -9.035626E-04
191  7.25988215E-04 -1.200000E+01  0.000000E+00  2.161307E-02 -9.470273E-04
192  7.61020409E-04 -1.200000E+01  0.000000E+00  2.264237E-02 -9.925287E-04
193  7.97734088E-04 -1.200000E+01  0.000000E+00  2.371995E-02 -1.040161E-03
194  8.36209307E-04 -1.200000E+01  0.000000E+00  2.484799E-02 -1.090023E-03
195  8.76529885E-04 -1.200000E+01  0.000000E+00  2.602878E-02 -1.142218E-03
196  9.18783583E-04 -1.200000E+01  0.000000E+00  2.726473E-02 -1.196853E-03
197  9.63062275E-04 -1.200000E+01  0.000000E+00  2.855831E-02 -1.254039E-03
198  1.00946215E-03 -1.200000E+01  0.000000E+00  2.991211E-02 -1.313895E-03
199  1.05808390E-03 -1.200000E+01  0.000000E+00  3.132885E-02 -1.376542E-03
200  1.10903292E-03 -1.200000E+01  0.000000E+00  3.281133E-02 -1.442106E-03
201  1.16241957E-03 -1.200000E+01  0.000000E+00  3.436248E-02 -1.510721E-03
202  1.21835931E-03 -1.200000E+01  0.000000E+00  3.598535E-02 -1.582523E-03
203  1.27697304E-03 -1.200000E+01  0.000000E+00  3.768311E-02 -1.657658E-03
204  1.33838727E-03 -1.200000E+01  0.000000E+00  3.945906E-02 -1.736275E-03
205  1.40273440E-03 -1.200000E+01  0.000000E+00  4.131663E-02 -1.818530E-03
206  1.47015301E-03 -1.200000E+01  0.000000E+00  4.325939E-02 -1.904585E-03
207  1.54078809E-03 -1.200000E+01  0.000000E+00  4.529102E-02 -1.994609E-03
208  1.61479138E-03 -1.200000E+01  0.000000E+00  4.741538E-02 -2.088777E-03
209  1.69232166E-03 -1.200000E+01  0.000000E+00  4.963646E-02 -2.187274E-03
210  1.77354505E-03 -1.200000E+01  0.000000E+00  5.195838E-02 -2.290289E-03
211  1.85863534E-03 -1.200000E+01  0.000000E+00  5.438545E-02 -2.398019E-03
212  1.94777439E-03 -1.200000E+01  0.000000E+00  5.692210E-02 -2.510671E-03
213  2.04115241E-03 -1.200000E+01  0.000000E+00  5.957295E-02 -2.628456E-03
214  2.13896840E-03 -1.200000E+01  0.000000E+00  6.234274E-02 -2.751597E-03
215  2.24143048E-03 -1.200000E+01  0.000000E+00  6.523642E-02 -2.880322E-03
216  2.34875638E-03 -1.200000E+01  0.000000E+00  6.825908E-02 -3.014871E-03
217  2.46117379E-03 -1.200000E+01  0.000000E+00  7.141597E-02 -3.155490E-03
218  2.57892085E-03 -1.200000E+01  0.000000E+00  7.471254E-02 -3.302434E-03
219  2.70224656E-03 -1.200000E+01  0.000000E+00  7.815436E-02 -3.455969E-03
220  2.83141135E-03 -1.200000E+01  0.000000E+00  8.174723E-02 -3.616368E-03
221  2.96668747E-03 -1.200000E+01  0.000000E+00  8.549706E-02 -3.783915E-03
222  3.10835963E-03 -1.200000E+01  0.000000E+00  8.940998E-02 -3.958902E-03
223  3.25672543E-03 -1.200000E+01  0.000000E+00  9.349225E-02 -4.141633E-03
224  3.41209601E-03 -1.200000E+01  0.000000E+00  9.775030E-02 -4.332419E-03
225  3.57479660E-03 -1.200000E+01  0.000000E+00  1.021907E-01 -4.531582E-03
226  3.74516716E-03 -1.200000E+01  0.000000E+00  1.068203E-01 -4.739453E-03
227  3.92356296E-03 -1.200000E+01  0.000000E+00  1.116459E-01 -4.956373E-03
228  4.11035534E-03 -1.200000E+01  0.000000E+00  1.166745E-01 -5.182694E-03
229  4.30593231E-03 -1.200000E+01  0.000000E+00  1.219134E-01 -5.418776E-03
230  4.51069932E-03 -1.200000E+01  0.000000E+00  1.273698E-01 -5.664988E-03
231  4.72507998E-03 -1.200000E+01  0.000000E+00  1.330511E-01 -5.921711E-03
232  4.94951688E-03 -1.200000E+01  0.000000E+00  1.389647E-01 -6.189330E-03
233  5.18447235E-03 -1.200000E+01  0.000000E+00  1.451184E-01 -6.468244E-03
234  5.43042930E-03 -1.200000E+01  0.000000E+00  1.515195E-01 -6.758857E-03
235  5.68789215E-03 -1.200000E+01  0.000000E+00  1.581759E-01 -7.061580E-03
236  5.95738767E-03 -1.200000E+01  0.000000E+00  1.650951E-01 -7.376835E-03
237  6.23946596E-03 -1.200000E+01  0.000000E+00  1.722848E-01 -7.705046E-03
238  6.53470140E-03 -1.200000E+01  0.000000E+00  1.797525E-01 -8.046646E-03
239  6.84369371E-03 -1.200000E+01  0.000000E+00  1.875057E-01 -8.402070E-03
240  7.16706895E-03 -1.200000E+01  0.000000E+00  1.955519E-01 -8.771759E-03
241  7.50548063E-03 -1.200000E+01  0.000000E+00  2.038981E-01 -9.156155E-03
242  7.85961087E-03 -1.200000E+01  0.000000E+00  2.125514E-01 -9.555702E-03
243  8.23017154E-03 -1.200000E+01  0.000000E+00  2.215184E-01 -9.970844E-03
244  8.61790550E-03 -1.200000E+01  0.000000E+00  2.308055E-01 -1.040202E-02
245  9.02358786E-03 -1.200000E+01  0.000000E+00  2.404187E-01 -1.084968E-02
246  9.44802727E-03 -1.200000E+01  0.000000E+00  2.503634E-01 -1.131423E-02
247  9.89206730E-03 -1.200000E+01  0.000000E+00  2.606445E-01 -1.179613E-02
248  1.03565878E-02 -1.200000E+01  0.000000E+00  2.712665E-01 -1.229576E-02
249  1.08425065E-02 -1.200000E+01  0.000000E+00  2.822328E-01 -1.281354E-02
250  1.13507804E-02 -1.200000E+01  0.000000E+00  2.935463E-01 -1.334985E-02
251  1.18824070E-02 -1.200000E+01  0.000000E+00  3.052089E-01 -1.390505E-02
252  1.24384268E-02 -1.200000E+01  0.000000E+00  3.172213E-01 -1.447949E-02
253  1.30199240E-02 -1.200000E+01  0.000000E+00  3.295832E-01 -1.507347E-02
254  1.36280287E-02 -1.200000E+01  0.000000E+00  3.422930E-01 -1.568730E-02
255  1.42639188E-02 -1.200000E+01  0.000000E+00  3.553475E-01 -1.632120E-02
256  1.49288215E-02 -1.200000E+01  0.000000E+00  3.687422E-01 -1.697539E-02
257  1.56240152E-02 -1.200000E+01  0.000000E+00  3.824706E-01 -1.765003E-02
258  1.63508321E-02 -1.200000E+01  0.000000E+00  3.965244E-01 -1.834524E-02
259  1.71106592E-02 -1.200000E+01  0.000000E+00  4.108931E-01 -1.906106E-02
260  1.79049413E-02 -1.200000E+01  0.000000E+00  4.255642E-01 -1.979748E-02
261  1.87351825E-02 -1.200000E+01  0.000000E+00  4.405223E-01 -2.055444E-02
262  1.96029490E-02 -1.200000E+01  0.000000E+00  4.557496E-01 -2.133175E-02
263  2.05098708E-02 -1.200000E+01  0.000000E+00  4.712253E-01 -2.212920E-02
264  2.14576446E-02 -1.200000E+01  0.000000E+00  4.869254E-01 -2.294643E-02
265  2.24480357E-02 -1.200000E+01  0.000000E+00  5.028227E-01 -2.378301E-02
266  2.34828811E-02 -1.200000E+01  0.000000E+00  5.188862E-01 -2.463840E-02
267  2.45640914E-02 -1.200000E+01  0.000000E+00  5.350810E-01 -2.551192E-02
268  2.56936539E-02 -1.200000E+01  0.000000E+00  5.513683E-01 -2.640279E-02
269  2.68736354E-02 -1.200000E+01  0.000000E+00  5.677048E-01 -2.731008E-02
270  2.81061844E-02 -1.200000E+01  0.000000E+00  5.840427E-01 -2.823269E-02
271  2.93935347E-02 -1.200000E+01  0.000000E+00  6.003290E-01 -2.916941E-02
272  3.07380078E-02 -1.200000E+01  0.000000E+00  6.165059E-01 -3.011881E-02
273  3.21420162E-02 -1.200000E+01  0.000000E+00  6.325102E-01 -3.107932E-02
274  3.36080662E-02 -1.200000E+01  0.000000E+00  6.482730E-01 -3.204917E-02
275  3.51387614E-02 -1.200000E+01  0.000000E+00  6.637196E-01 -3.302639E-02
276  3.67368060E-02 -1.200000E+01  0.000000E+00  6.787694E-01 -3.400881E-02
277  3.84050076E-02 -1.200000E+01  0.000000E+00  6.933355E-01 -3.499403E-02
278  4.01462812E-02 -1.200000E+01  0.000000E+00  7.073249E-01 -3.597943E-02
279  4.19636522E-02 -1.200000E+01  0.000000E+00  7.206380E-01 -3.696217E-02
280  4.38602604E-02 -1.200000E+01  0.000000E+00  7.331688E-01 -3.793916E-02
281  4.58393632E-02 -1.200000E+01  0.000000E+00  7.448048E-01 -3.890707E-02
282  4.79043398E-02 -1.200000E+01  0.000000E+00  7.554273E-01 -3.986231E-02
283  5.00586943E-02 -1.200000E+01  0.000000E+00  7.649111E-01 -4.080105E-02
284  5.23060602E-02 -1.200000E+01  0.000000E+00  7.731247E-01 -4.171919E-02
285  5.46502042E-02 -1.200000E+01  0.000000E+00  7.799313E-01 -4.261241E-02
286  5.70950297E-02 -1.200000E+01  0.000000E+00  7.851882E-01 -4.347610E-02
287  5.96445817E-02 -1.200000E+01  0.000000E+00  7.887478E-01 -4.430545E-02
288  6.23030502E-02 -1.200000E+01  0.000000E+00  7.904582E-01 -4.509539E-02
289  6.50747748E-02 -1.200000E+01  0.000000E+00  7.901638E-01 -4.584065E-02
290  6.79642489E-02 -1.200000E+01  0.000000E+00  7.877060E-01 -4.653574E-02
291  7.09761239E-02 -1.200000E+01  0.000000E+00  7.829245E-01 -4.717499E-02
292  7.41152138E-02 -1.200000E+01  0.000000E+00  7.756580E-01 -4.775260E-02
293  7.73864997E-02 -1.200000E+01  0.000000E+00  7.657459E-01 -4.826261E-02
294  8.07951338E-02 -1.200000E+01  0.000000E+00  7.530294E-01 -4.869898E-02
295  8.43464447E-02 -1.200000E+01  0.000000E+00  7.373534E-01 -4.905562E-02
296  8.80459414E-02 -1.200000E+01  0.000000E+00  7.185679E-01 -4.932642E-02
297  9.18993183E-02 -1.200000E+01  0.000000E+00  6.965302E-01 -4.950533E-02
298  9.59124598E-02 -1.200000E+01  0.000000E+00  6.711069E-01 -4.958637E-02
299  1.00091445E-01 -1.200000E+01  0.000000E+00  6.421762E-01 -4.956373E-02
300  1.04442552E-01 -1.200000E+01  0.000000E+00  6.096299E-01 -4.943182E-02
301  1.08972264E-01 -1.200000E+01  0.000000E+00  5.733765E-01 -4.918534E-02
302  1.13687272E-01 -1.200000E+01  0.000000E+00  5.333434E-01 -4.881935E-02
303  1.18594483E-01 -1.200000E+01  0.000000E+00  4.894795E-01 -4.832937E-02
304  1.23701020E-01 -1.200000E+01  0.000000E+00  4.417582E-01 -4.771144E-02
305  1.29014232E-01 -1.200000E+01  0.000000E+00  3.901801E-01 -4.696221E-02
306  1.34541695E-01 -1.200000E+01  0.000000E+00  3.347756E-01 -4.607902E-02
307  1.40291220E-01 -1.200000E+01  0.000000E+00  2.756074E-01 -4.506002E-02
308  1.46270853E-01 -1.200000E+01  0.000000E+00  2.127733E-01 -4.390421E-02
309  1.52488885E-01 -1.200000E+01  0.000000E+00  1.464085E-01 -4.261154E-02
310  1.58953856E-01 -1.200000E+01  0.000000E+00  7.668728E-02 -4.118303E-02
311  1.65674556E-01 -1.200000E+01  0.000000E+00  3.825150E-03 -3.962077E-02
312  1.72660033E-01 -1.200000E+01  0.000000E+00 -7.192001E-02 -3.792803E-02
313  1.79919597E-01 -1.200000E+01  0.000000E+00 -1.502470E-01 -3.610934E-02
314  1.87462826E-01 -1.200000E+01  0.000000E+00 -2.308111E-01 -3.417047E-02
315  1.95299567E-01 -1.200000E+01  0.000000E+00 -3.132239E-01 -3.211851E-02
316  2.03439943E-01 -1.200000E+01  0.000000E+00 -3.970550E-01 -2.996186E-02
317  2.11894359E-01 -1.200000E+01  0.000000E+00 -4.818329E-01 -2.771025E-02
318  2.20673502E-01 -1.200000E+01  0.000000E+00 -5.670481E-01 -2.537470E-02
319  2.29788349E-01 -1.200000E+01  0.000000E+00 -6.521558E-01 -2.296746E-02
320  2.39250170E-01 -1.200000E+01  0.000000E+00 -7.365808E-01 -2.050198E-02
321  2.49070532E-01 -1.200000E+01  0.000000E+00 -8.197219E-01 -1.799277E-02
322  2.59261301E-01 -1.200000E+01  0.000000E+00 -9.009582E-01 -1.545535E-02
323  2.69834651E-01 -1.200000E+01  0.000000E+00 -9.796557E-01 -1.290603E-02
324  2.80803062E-01 -1.200000E+01  0.000000E+00 -1.055175E+00 -1.036179E-02
325  2.92179328E-01 -1.200000E+01  0.000000E+00 -1.126880E+00 -7.840118E-03
326  3.03976556E-01 -1.200000E+01  0.000000E+00 -1.194144E+00 -5.358733E-03
327  3.16208174E-01 -1.200000E+01  0.000000E+00 -1.256365E+00 -2.935411E-03
328  3.28887932E-01 -1.200000E+01  0.000000E+00 -1.312968E+00 -5.877262E-04
329  3.42029903E-01 -1.200000E+01  0.000000E+00 -1.363421E+00  1.667203E-03
330  3.55648489E-01 -1.200000E+01  0.000000E+00 -1.407241E+00  3.812972E-03
331  3.69758423E-01 -1.200000E+01  0.000000E+00 -1.444005E+00  5.834147E-03
332  3.84374769E-01 -1.200000E+01  0.000000E+00 -1.473357E+00  7.716528E-03
333  3.99512928E-01 -1.200000E+01  0.000000E+00 -1.495021E+00  9.447374E-03
334  4.15188636E-01 -1.200000E+01  0.000000E+00 -1.508800E+00  1.101567E-02
335  4.31417969E-01 -1.200000E+01  0.000000E+00 -1.514589E+00  1.241229E-02
336  4.48217345E-01 -1.200000E+01  0.000000E+00 -1.512377E+00  1.363020E-02
337  4.65603520E-01 -1.200000E+01  0.000000E+00 -1.502249E+00  1.466457E-02
338  4.83593598E-01 -1.200000E+01  0.000000E+00 -1.484387E+00  1.551288E-02
339  5.02205024E-01 -1.200000E+01  0.000000E+00 -1.459068E+00  1.617501E-02
340  5.21455587E-01 -1.200000E+01  0.000000E+00 -1.426663E+00  1.665320E-02
341  5.41363425E-01 -1.200000E+01  0.000000E+00 -1.387630E+00  1.695202E-02
342  5.61947019E-01 -1.200000E+01  0.000000E+00 -1.342509E+00  1.707830E-02
343  5.83225197E-01 -1.200000E+01  0.000000E+00 -1.291908E+00  1.704095E-02
344  6.05217130E-01 -1.200000E+01  0.000000E+00 -1.236500E+00  1.685080E-02
345  6.27942338E-01 -1.200000E+01  0.000000E+00 -1.177002E+00  1.652035E-02
346  6.51420682E-01 -1.200000E+01  0.000000E+00 -1.114171E+00  1.606352E-02
347  6.75672369E-01 -1.200000E+01  0.000000E+00 -1.048780E+00  1.549535E-02
348  7.00717945E-01 -1.200000E+01  0.000000E+00 -9.816117E-01  1.483168E-02
349  7.26578301E-01 -1.200000E+01  0.000000E+00 -9.134402E-01  1.408879E-02
350  7.53274664E-01 -1.200000E+01  0.000000E+00 -8.450169E-01  1.328312E-02
351  7.80828599E-01 -1.200000E+01  0.000000E+00 -7.770578E-01  1.243092E-02
352  8.09262005E-01 -1.200000E+01  0.000000E+00 -7.102312E-01  1.154792E-02
353  8.38597116E-01 -1.200000E+01  0.000000E+00 -6.451467E-01  1.064908E-02
354  8.68856494E-01 -1.200000E+01  0.000000E+00 -5.823469E-01  9.748306E-03
355  9.00063028E-01 -1.200000E+01  0.000000E+00 -5.223000E-01  8.858255E-03
356  9.32239932E-01 -1.200000E+01  0.000000E+00 -4.653955E-01  7.990165E-03
357  9.65410739E-01 -1.200000E+01  0.000000E+00 -4.119416E-01  7.153728E-03
358  9.99599300E-01 -1.200000E+01  0.000000E+00 -3.621648E-01  6.357019E-03
359  1.03482978E+00 -1.200000E+01  0.000000E+00 -3.162123E-01  5.606474E-03
360  1.07112664E+00 -1.200000E+01  0.000000E+00 -2.741551E-01  4.906907E-03
361  1.10851468E+00 -1.200000E+01  0.000000E+00 -2.359939E-01  4.261578E-03
362  1.14701895E+00 -1.200000E+01  0.000000E+00 -2.016662E-01  3.672292E-03
363  1.18666484E+00 -1.200000E+01  0.000000E+00 -1.710539E-01  3.139531E-03
364  1.22747800E+00 -1.200000E+01  0.000000E+00 -1.439921E-01  2.662605E-03
365  1.26948439E+00 -1.200000E+01  0.000000E+00 -1.202785E-01  2.239826E-03
366  1.31271023E+00 -1.200000E+01  0.000000E+00 -9.968200E-02  1.868688E-03
367  1.35718203E+00 -1.200000E+01  0.000000E+00 -8.195223E-02  1.546039E-03
368  1.40292654E+00 -1.200000E+01  0.000000E+00 -6.682737E-02  1.268267E-03
369  1.44997082E+00 -1.200000E+01  0.000000E+00 -5.404196E-02  1.031455E-03
370  1.49834215E+00 -1.200000E+01  0.000000E+00 -4.333348E-02  8.315346E-04
371  1.54806806E+00 -1.200000E+01  0.000000E+00 -3.444797E-02  6.644172E-04
372  1.59917635E+00 -1.200000E+01  0.000000E+00 -2.714451E-02  5.261023E-04
373  1.65169504E+00 -1.200000E+01  0.000000E+00 -2.119869E-02  4.127670E-04
374  1.70565239E+00 -1.200000E+01  0.000000E+00 -1.640491E-02  3.208344E-04
375  1.76107687E+00 -1.200000E+01  0.000000E+00 -1.257782E-02  2.470202E-04
376  1.81799719E+00 -1.200000E+01  0.000000E+00 -9.552821E-03  1.883617E-04
377  1.87644225E+00 -1.200000E+01  0.000000E+00 -7.185873E-03  1.422308E-04
378  1.93644116E+00 -1.200000E+01  0.000000E+00 -5.352736E-03  1.063326E-04
379  1.99802324E+00 -1.200000E+01  0.000000E+00 -3.947721E-03  7.869396E-05
380  2.06121799E+00 -1.200000E+01  0.000000E+00 -2.882151E-03  5.764313E-05
381  2.12605509E+00 -1.200000E+01  0.000000E+00 -2.082628E-03  4.178433E-05
382  2.19256440E+00 -1.200000E+01  0.000000E+00 -1.489208E-03  2.996859E-05
383  2.26077594E+00 -1.200000E+01  0.000000E+00 -1.053589E-03  2.126343E-05
384  2.33071990E+00 -1.200000E+01  0.000000E+00 -7.373653E-04  1.492245E-05
385  2.40242663E+00 -1.200000E+01  0.000000E+00 -5.104019E-04  1.035649E-05
386  2.47592661E+00 -1.200000E+01  0.000000E+00 -3.493669E-04  7.106829E-06
387  2.55125046E+00 -1.200000E+01  0.000000E+00 -2.364352E-04  4.821191E-06
388  2.62842893E+00 -1.200000E+01  0.000000E+00 -1.581694E-04  3.232761E-06
389  2.70749292E+00 -1.200000E+01  0.000000E+00 -1.045752E-04  2.142206E-06
390  2.78847341E+00 -1.200000E+01  0.000000E+00 -6.831842E-05  1.402656E-06
391  2.87140151E+00 -1.200000E+01  0.000000E+00 -4.408971E-05  9.073899E-07
392  2.95630842E+00 -1.200000E+01  0.000000E+00 -2.809710E-05  5.799442E-07
393  3.04322544E+00 -1.200000E+01  0.000000E+00 -1.766868E-05  3.663084E-07
394  3.13218395E+00 -1.200000E+01  0.000000E+00 -1.094640E-05  2.288923E-07
395  3.22321543E+00 -1.200000E+01  0.000000E+00 -6.653690E-06  1.419479E-07
396  3.31635140E+00 -1.200000E+01  0.000000E+00 -3.921467E-06  8.817133E-08
397  3.41162347E+00 -1.200000E+01  0.000000E+00 -2.158518E-06  5.624997E-08
398  3.50906329E+00 -1.200000E+01  0.000000E+00 -9.539676E-07  3.938998E-08
399  3.60870258E+00 -1.200000E+01  0.000000E+00 -0.000000E+00  0.000000E+00
