#      n =  5
#  kappa = -1
# energy = -3.48508119E+01
#     vc = -6.97421141E+01


0    1.25000000E-07 -2.625014E-02  0.000000E+00  0.000000E+00  2.172439E-03
1    1.31117881E-07 -2.753490E-02  0.000000E+00  2.518499E-08  2.172439E-03
2    1.37535172E-07 -2.888253E-02  0.000000E+00  5.160254E-08  2.071073E-03
3    1.44266526E-07 -3.029612E-02  0.000000E+00  7.931296E-08  1.974439E-03
4    1.51327311E-07 -3.177888E-02  0.000000E+00  1.083795E-07  1.882313E-03
5    1.58733648E-07 -3.333421E-02  0.000000E+00  1.388686E-07  1.794487E-03
6    1.66502447E-07 -3.496566E-02  0.000000E+00  1.708498E-07  1.710758E-03
7    1.74651444E-07 -3.667694E-02  0.000000E+00  2.043961E-07  1.630936E-03
8    1.83199245E-07 -3.847198E-02  0.000000E+00  2.395841E-07  1.554839E-03
9    1.92165364E-07 -4.035486E-02  0.000000E+00  2.764941E-07  1.482293E-03
10   2.01570271E-07 -4.232988E-02  0.000000E+00  3.152105E-07  1.413132E-03
11   2.11435437E-07 -4.440155E-02  0.000000E+00  3.558216E-07  1.347198E-03
12   2.21783385E-07 -4.657460E-02  0.000000E+00  3.984201E-07  1.284340E-03
13   2.32637739E-07 -4.885400E-02  0.000000E+00  4.431032E-07  1.224416E-03
14   2.44023276E-07 -5.124493E-02  0.000000E+00  4.899730E-07  1.167288E-03
15   2.55965990E-07 -5.375287E-02  0.000000E+00  5.391365E-07  1.112825E-03
16   2.68493144E-07 -5.638354E-02  0.000000E+00  5.907059E-07  1.060904E-03
17   2.81633335E-07 -5.914293E-02  0.000000E+00  6.447989E-07  1.011405E-03
18   2.95416559E-07 -6.203736E-02  0.000000E+00  7.015390E-07  9.642159E-04
19   3.09874280E-07 -6.507341E-02  0.000000E+00  7.610558E-07  9.192287E-04
20   3.25039501E-07 -6.825803E-02  0.000000E+00  8.234850E-07  8.763406E-04
21   3.40946838E-07 -7.159848E-02  0.000000E+00  8.889691E-07  8.354537E-04
22   3.57632604E-07 -7.510239E-02  0.000000E+00  9.576578E-07  7.964746E-04
23   3.75134885E-07 -7.877774E-02  0.000000E+00  1.029708E-06  7.593142E-04
24   3.93493631E-07 -8.263293E-02  0.000000E+00  1.105283E-06  7.238878E-04
25   4.12750746E-07 -8.667675E-02  0.000000E+00  1.184557E-06  6.901144E-04
26   4.32950186E-07 -9.091843E-02  0.000000E+00  1.267710E-06  6.579168E-04
27   4.54138054E-07 -9.536765E-02  0.000000E+00  1.354932E-06  6.272215E-04
28   4.76362710E-07 -1.000345E-01  0.000000E+00  1.446421E-06  5.979585E-04
29   4.99674879E-07 -1.049298E-01  0.000000E+00  1.542388E-06  5.700609E-04
30   5.24127766E-07 -1.100645E-01  0.000000E+00  1.643050E-06  5.434649E-04
31   5.49777181E-07 -1.154504E-01  0.000000E+00  1.748638E-06  5.181099E-04
32   5.76681662E-07 -1.210999E-01  0.000000E+00  1.859393E-06  4.939380E-04
33   6.04902609E-07 -1.270257E-01  0.000000E+00  1.975567E-06  4.708938E-04
34   6.34504428E-07 -1.332414E-01  0.000000E+00  2.097425E-06  4.489249E-04
35   6.65554672E-07 -1.397611E-01  0.000000E+00  2.225245E-06  4.279810E-04
36   6.98124199E-07 -1.465998E-01  0.000000E+00  2.359320E-06  4.080143E-04
37   7.32287334E-07 -1.537730E-01  0.000000E+00  2.499955E-06  3.889792E-04
38   7.68122034E-07 -1.612970E-01  0.000000E+00  2.647471E-06  3.708323E-04
39   8.05710072E-07 -1.691891E-01  0.000000E+00  2.802204E-06  3.535320E-04
40   8.45137215E-07 -1.774671E-01  0.000000E+00  2.964508E-06  3.370389E-04
41   8.86493430E-07 -1.861500E-01  0.000000E+00  3.134753E-06  3.213154E-04
42   9.29873079E-07 -1.952575E-01  0.000000E+00  3.313327E-06  3.063254E-04
43   9.75375140E-07 -2.048103E-01  0.000000E+00  3.500639E-06  2.920348E-04
44   1.02310343E-06 -2.148303E-01  0.000000E+00  3.697114E-06  2.784110E-04
45   1.07316685E-06 -2.253401E-01  0.000000E+00  3.903202E-06  2.654228E-04
46   1.12567961E-06 -2.363638E-01  0.000000E+00  4.119372E-06  2.530405E-04
47   1.18076151E-06 -2.479264E-01  0.000000E+00  4.346118E-06  2.412359E-04
48   1.23853823E-06 -2.600541E-01  0.000000E+00  4.583957E-06  2.299821E-04
49   1.29914155E-06 -2.727746E-01  0.000000E+00  4.833431E-06  2.192533E-04
50   1.36270974E-06 -2.861168E-01  0.000000E+00  5.095110E-06  2.090250E-04
51   1.42938780E-06 -3.001109E-01  0.000000E+00  5.369590E-06  1.992738E-04
52   1.49932783E-06 -3.147888E-01  0.000000E+00  5.657497E-06  1.899776E-04
53   1.57268936E-06 -3.301837E-01  0.000000E+00  5.959489E-06  1.811150E-04
54   1.64963973E-06 -3.463305E-01  0.000000E+00  6.276253E-06  1.726659E-04
55   1.73035444E-06 -3.632659E-01  0.000000E+00  6.608513E-06  1.646108E-04
56   1.81501758E-06 -3.810282E-01  0.000000E+00  6.957025E-06  1.569315E-04
57   1.90382225E-06 -3.996575E-01  0.000000E+00  7.322585E-06  1.496104E-04
58   1.99697098E-06 -4.191961E-01  0.000000E+00  7.706026E-06  1.426308E-04
59   2.09467619E-06 -4.396880E-01  0.000000E+00  8.108222E-06  1.359766E-04
60   2.19716068E-06 -4.611796E-01  0.000000E+00  8.530091E-06  1.296329E-04
61   2.30465817E-06 -4.837192E-01  0.000000E+00  8.972595E-06  1.235849E-04
62   2.41741377E-06 -5.073576E-01  0.000000E+00  9.436741E-06  1.178189E-04
63   2.53568457E-06 -5.321480E-01  0.000000E+00  9.923588E-06  1.123218E-04
64   2.65974025E-06 -5.581460E-01  0.000000E+00  1.043425E-05  1.070810E-04
65   2.78986365E-06 -5.854099E-01  0.000000E+00  1.096988E-05  1.020845E-04
66   2.92635142E-06 -6.140008E-01  0.000000E+00  1.153171E-05  9.732085E-05
67   3.06951472E-06 -6.439826E-01  0.000000E+00  1.212102E-05  9.277922E-05
68   3.21967992E-06 -6.754220E-01  0.000000E+00  1.273914E-05  8.844921E-05
69   3.37718932E-06 -7.083889E-01  0.000000E+00  1.338749E-05  8.432091E-05
70   3.54240196E-06 -7.429566E-01  0.000000E+00  1.406755E-05  8.038489E-05
71   3.71569439E-06 -7.792015E-01  0.000000E+00  1.478086E-05  7.663215E-05
72   3.89746160E-06 -8.172034E-01  0.000000E+00  1.552906E-05  7.305409E-05
73   4.08811783E-06 -8.570460E-01  0.000000E+00  1.631383E-05  6.964254E-05
74   4.28809759E-06 -8.988164E-01  0.000000E+00  1.713698E-05  6.638967E-05
75   4.49785660E-06 -9.426057E-01  0.000000E+00  1.800038E-05  6.328804E-05
76   4.71787282E-06 -9.885090E-01  0.000000E+00  1.890599E-05  6.033054E-05
77   4.94864759E-06 -1.036625E+00  0.000000E+00  1.985588E-05  5.751040E-05
78   5.19070670E-06 -1.087058E+00  0.000000E+00  2.085220E-05  5.482113E-05
79   5.44460164E-06 -1.139914E+00  0.000000E+00  2.189724E-05  5.225657E-05
80   5.71091081E-06 -1.195307E+00  0.000000E+00  2.299336E-05  4.981082E-05
81   5.99024088E-06 -1.253351E+00  0.000000E+00  2.414306E-05  4.747826E-05
82   6.28322811E-06 -1.314169E+00  0.000000E+00  2.534896E-05  4.525351E-05
83   6.59053984E-06 -1.377886E+00  0.000000E+00  2.661380E-05  4.313145E-05
84   6.91287599E-06 -1.444632E+00  0.000000E+00  2.794047E-05  4.110718E-05
85   7.25097064E-06 -1.514542E+00  0.000000E+00  2.933197E-05  3.917602E-05
86   7.60559371E-06 -1.587754E+00  0.000000E+00  3.079148E-05  3.733348E-05
87   7.97755271E-06 -1.664414E+00  0.000000E+00  3.232232E-05  3.557530E-05
88   8.36769453E-06 -1.744668E+00  0.000000E+00  3.392796E-05  3.389737E-05
89   8.77690742E-06 -1.828669E+00  0.000000E+00  3.561206E-05  3.229579E-05
90   9.20612297E-06 -1.916572E+00  0.000000E+00  3.737845E-05  3.076679E-05
91   9.65631822E-06 -2.008538E+00  0.000000E+00  3.923114E-05  2.930678E-05
92   1.01285179E-05 -2.104728E+00  0.000000E+00  4.117434E-05  2.791232E-05
93   1.06237967E-05 -2.205308E+00  0.000000E+00  4.321247E-05  2.658009E-05
94   1.11432818E-05 -2.310442E+00  0.000000E+00  4.535016E-05  2.530692E-05
95   1.16881552E-05 -2.420299E+00  0.000000E+00  4.759226E-05  2.408974E-05
96   1.22596569E-05 -2.535044E+00  0.000000E+00  4.994386E-05  2.292563E-05
97   1.28590870E-05 -2.654843E+00  0.000000E+00  5.241031E-05  2.181173E-05
98   1.34878092E-05 -2.779857E+00  0.000000E+00  5.499719E-05  2.074532E-05
99   1.41472536E-05 -2.910242E+00  0.000000E+00  5.771038E-05  1.972375E-05
100  1.48389203E-05 -3.046148E+00  0.000000E+00  6.055603E-05  1.874445E-05
101  1.55643821E-05 -3.187712E+00  0.000000E+00  6.354059E-05  1.780494E-05
102  1.63252888E-05 -3.335059E+00  0.000000E+00  6.667083E-05  1.690281E-05
103  1.71233705E-05 -3.488298E+00  0.000000E+00  6.995384E-05  1.603569E-05
104  1.79604417E-05 -3.647515E+00  0.000000E+00  7.339705E-05  1.520130E-05
105  1.88384053E-05 -3.812770E+00  0.000000E+00  7.700827E-05  1.439739E-05
106  1.97592568E-05 -3.984088E+00  0.000000E+00  8.079565E-05  1.362176E-05
107  2.07250892E-05 -4.161458E+00  0.000000E+00  8.476776E-05  1.287224E-05
108  2.17380972E-05 -4.344817E+00  0.000000E+00  8.893360E-05  1.214671E-05
109  2.28005826E-05 -4.534046E+00  0.000000E+00  9.330256E-05  1.144307E-05
110  2.39149593E-05 -4.728957E+00  0.000000E+00  9.788452E-05  1.075923E-05
111  2.50837586E-05 -4.929280E+00  0.000000E+00  1.026898E-04  1.009315E-05
112  2.63096352E-05 -5.134646E+00  0.000000E+00  1.077293E-04  9.442790E-06
113  2.75953731E-05 -5.344572E+00  0.000000E+00  1.130143E-04  8.806125E-06
114  2.89438917E-05 -5.558438E+00  0.000000E+00  1.185568E-04  8.181161E-06
115  3.03582527E-05 -5.775468E+00  0.000000E+00  1.243691E-04  7.565919E-06
116  3.18416667E-05 -5.994694E+00  0.000000E+00  1.304645E-04  6.958448E-06
117  3.33975005E-05 -6.214932E+00  0.000000E+00  1.368566E-04  6.356834E-06
118  3.50292848E-05 -6.434740E+00  0.000000E+00  1.435598E-04  5.759211E-06
119  3.67407221E-05 -6.652378E+00  0.000000E+00  1.505891E-04  5.163780E-06
120  3.85356950E-05 -6.865755E+00  0.000000E+00  1.579603E-04  4.568836E-06
121  4.04182748E-05 -7.072375E+00  0.000000E+00  1.656900E-04  3.972799E-06
122  4.23927311E-05 -7.269268E+00  0.000000E+00  1.737955E-04  3.374262E-06
123  4.44635406E-05 -7.452912E+00  0.000000E+00  1.822950E-04  2.773908E-06
124  4.66353982E-05 -7.619148E+00  0.000000E+00  1.912075E-04  2.151774E-06
125  4.89132265E-05 -7.763072E+00  0.000000E+00  2.005529E-04  1.314190E-06
126  5.13021878E-05 -7.878919E+00  0.000000E+00  2.103524E-04  2.446292E-06
127  5.38076948E-05 -7.959926E+00  0.000000E+00  2.206372E-04  3.493012E-06
128  5.64354234E-05 -7.998170E+00  0.000000E+00  2.314158E-04 -7.988394E-06
129  5.91913252E-05 -8.000000E+00  0.000000E+00  2.426699E-04 -2.922581E-06
130  6.20816408E-05 -8.000000E+00  0.000000E+00  2.545463E-04  4.614960E-06
131  6.51129136E-05 -8.000000E+00  0.000000E+00  2.669700E-04 -2.688916E-06
132  6.82920050E-05 -8.000000E+00  0.000000E+00  2.799947E-04 -2.987328E-06
133  7.16261091E-05 -8.000000E+00  0.000000E+00  2.936522E-04 -3.528402E-06
134  7.51227693E-05 -8.000000E+00  0.000000E+00  3.079730E-04 -4.185117E-06
135  7.87898950E-05 -8.000000E+00  0.000000E+00  3.229892E-04 -4.847618E-06
136  8.26357790E-05 -8.000000E+00  0.000000E+00  3.387346E-04 -5.520631E-06
137  8.66691164E-05 -8.000000E+00  0.000000E+00  3.552444E-04 -6.206088E-06
138  9.08990239E-05 -8.000000E+00  0.000000E+00  3.725558E-04 -6.905535E-06
139  9.53350601E-05 -8.000000E+00  0.000000E+00  3.907074E-04 -7.620547E-06
140  9.99872466E-05 -8.000000E+00  0.000000E+00  4.097401E-04 -8.352736E-06
141  1.04866091E-04 -8.000000E+00  0.000000E+00  4.296965E-04 -9.103748E-06
142  1.09982609E-04 -8.000000E+00  0.000000E+00  4.506211E-04 -9.875274E-06
143  1.15348351E-04 -8.000000E+00  0.000000E+00  4.725610E-04 -1.066905E-05
144  1.20975425E-04 -8.000000E+00  0.000000E+00  4.955650E-04 -1.148686E-05
145  1.26876527E-04 -8.000000E+00  0.000000E+00  5.196848E-04 -1.233053E-05
146  1.33064965E-04 -8.000000E+00  0.000000E+00  5.449740E-04 -1.320197E-05
147  1.39554692E-04 -8.000000E+00  0.000000E+00  5.714893E-04 -1.410312E-05
148  1.46360337E-04 -8.000000E+00  0.000000E+00  5.992898E-04 -1.503602E-05
149  1.53497233E-04 -8.000000E+00  0.000000E+00  6.284374E-04 -1.600274E-05
150  1.60981458E-04 -8.000000E+00  0.000000E+00  6.589972E-04 -1.700545E-05
151  1.68829862E-04 -8.000000E+00  0.000000E+00  6.910371E-04 -1.804639E-05
152  1.77060114E-04 -8.000000E+00  0.000000E+00  7.246286E-04 -1.912790E-05
153  1.85690733E-04 -8.000000E+00  0.000000E+00  7.598462E-04 -2.025238E-05
154  1.94741132E-04 -8.000000E+00  0.000000E+00  7.967682E-04 -2.142235E-05
155  2.04231662E-04 -8.000000E+00  0.000000E+00  8.354767E-04 -2.264042E-05
156  2.14183654E-04 -8.000000E+00  0.000000E+00  8.760574E-04 -2.390930E-05
157  2.24619469E-04 -8.000000E+00  0.000000E+00  9.186003E-04 -2.523181E-05
158  2.35562546E-04 -8.000000E+00  0.000000E+00  9.631997E-04 -2.661091E-05
159  2.47037452E-04 -8.000000E+00  0.000000E+00  1.009954E-03 -2.804965E-05
160  2.59069938E-04 -8.000000E+00  0.000000E+00  1.058967E-03 -2.955124E-05
161  2.71686995E-04 -8.000000E+00  0.000000E+00  1.110347E-03 -3.111900E-05
162  2.84916912E-04 -8.000000E+00  0.000000E+00  1.164206E-03 -3.275641E-05
163  2.98789341E-04 -8.000000E+00  0.000000E+00  1.220664E-03 -3.446710E-05
164  3.13335357E-04 -8.000000E+00  0.000000E+00  1.279845E-03 -3.625485E-05
165  3.28587532E-04 -8.000000E+00  0.000000E+00  1.341879E-03 -3.812362E-05
166  3.44580000E-04 -8.000000E+00  0.000000E+00  1.406903E-03 -4.007753E-05
167  3.61348535E-04 -8.000000E+00  0.000000E+00  1.475058E-03 -4.212090E-05
168  3.78930629E-04 -8.000000E+00  0.000000E+00  1.546494E-03 -4.425823E-05
169  3.97365574E-04 -8.000000E+00  0.000000E+00  1.621367E-03 -4.649422E-05
170  4.16694543E-04 -8.000000E+00  0.000000E+00  1.699841E-03 -4.883378E-05
171  4.36960686E-04 -8.000000E+00  0.000000E+00  1.782087E-03 -5.128207E-05
172  4.58209218E-04 -8.000000E+00  0.000000E+00  1.868284E-03 -5.384443E-05
173  4.80487519E-04 -8.000000E+00  0.000000E+00  1.958619E-03 -5.652650E-05
174  5.03845238E-04 -8.000000E+00  0.000000E+00  2.053288E-03 -5.933413E-05
175  5.28334399E-04 -8.000000E+00  0.000000E+00  2.152497E-03 -6.227346E-05
176  5.54009512E-04 -8.000000E+00  0.000000E+00  2.256460E-03 -6.535090E-05
177  5.80927691E-04 -8.000000E+00  0.000000E+00  2.365401E-03 -6.857316E-05
178  6.09148779E-04 -8.000000E+00  0.000000E+00  2.479555E-03 -7.194723E-05
179  6.38735474E-04 -8.000000E+00  0.000000E+00  2.599168E-03 -7.548044E-05
180  6.69753464E-04 -8.000000E+00  0.000000E+00  2.724495E-03 -7.918046E-05
181  7.02271570E-04 -8.000000E+00  0.000000E+00  2.855806E-03 -8.305528E-05
182  7.36361887E-04 -8.000000E+00  0.000000E+00  2.993381E-03 -8.711329E-05
183  7.72099948E-04 -8.000000E+00  0.000000E+00  3.137512E-03 -9.136322E-05
184  8.09564873E-04 -8.000000E+00  0.000000E+00  3.288506E-03 -9.581421E-05
185  8.48839549E-04 -8.000000E+00  0.000000E+00  3.446683E-03 -1.004758E-04
186  8.90010796E-04 -8.000000E+00  0.000000E+00  3.612377E-03 -1.053581E-04
187  9.33169559E-04 -8.000000E+00  0.000000E+00  3.785938E-03 -1.104714E-04
188  9.78411095E-04 -8.000000E+00  0.000000E+00  3.967730E-03 -1.158266E-04
189  1.02583518E-03 -8.000000E+00  0.000000E+00  4.158134E-03 -1.214353E-04
190  1.07554630E-03 -8.000000E+00  0.000000E+00  4.357548E-03 -1.273091E-04
191  1.12765392E-03 -8.000000E+00  0.000000E+00  4.566386E-03 -1.334607E-04
192  1.18227265E-03 -8.000000E+00  0.000000E+00  4.785081E-03 -1.399030E-04
193  1.23952252E-03 -8.000000E+00  0.000000E+00  5.014086E-03 -1.466496E-04
194  1.29952924E-03 -8.000000E+00  0.000000E+00  5.253871E-03 -1.537146E-04
195  1.36242444E-03 -8.000000E+00  0.000000E+00  5.504928E-03 -1.611128E-04
196  1.42834596E-03 -8.000000E+00  0.000000E+00  5.767770E-03 -1.688597E-04
197  1.49743813E-03 -8.000000E+00  0.000000E+00  6.042929E-03 -1.769713E-04
198  1.56985206E-03 -8.000000E+00  0.000000E+00  6.330964E-03 -1.854646E-04
199  1.64574596E-03 -8.000000E+00  0.000000E+00  6.632453E-03 -1.943570E-04
200  1.72528549E-03 -8.000000E+00  0.000000E+00  6.948000E-03 -2.036669E-04
201  1.80864407E-03 -8.000000E+00  0.000000E+00  7.278234E-03 -2.134133E-04
202  1.89600322E-03 -8.000000E+00  0.000000E+00  7.623808E-03 -2.236162E-04
203  1.98755301E-03 -8.000000E+00  0.000000E+00  7.985403E-03 -2.342963E-04
204  2.08349234E-03 -8.000000E+00  0.000000E+00  8.363728E-03 -2.454752E-04
205  2.18402945E-03 -8.000000E+00  0.000000E+00  8.759516E-03 -2.571754E-04
206  2.28938225E-03 -8.000000E+00  0.000000E+00  9.173534E-03 -2.694204E-04
207  2.39977885E-03 -8.000000E+00  0.000000E+00  9.606574E-03 -2.822347E-04
208  2.51545795E-03 -8.000000E+00  0.000000E+00  1.005946E-02 -2.956437E-04
209  2.63666935E-03 -8.000000E+00  0.000000E+00  1.053305E-02 -3.096739E-04
210  2.76367445E-03 -8.000000E+00  0.000000E+00  1.102823E-02 -3.243527E-04
211  2.89674679E-03 -8.000000E+00  0.000000E+00  1.154592E-02 -3.397089E-04
212  3.03617256E-03 -8.000000E+00  0.000000E+00  1.208707E-02 -3.557722E-04
213  3.18225120E-03 -8.000000E+00  0.000000E+00  1.265266E-02 -3.725736E-04
214  3.33529598E-03 -8.000000E+00  0.000000E+00  1.324373E-02 -3.901452E-04
215  3.49563461E-03 -8.000000E+00  0.000000E+00  1.386132E-02 -4.085203E-04
216  3.66360991E-03 -8.000000E+00  0.000000E+00  1.450652E-02 -4.277337E-04
217  3.83958048E-03 -8.000000E+00  0.000000E+00  1.518046E-02 -4.478212E-04
218  4.02392136E-03 -8.000000E+00  0.000000E+00  1.588431E-02 -4.688200E-04
219  4.21702482E-03 -8.000000E+00  0.000000E+00  1.661925E-02 -4.907688E-04
220  4.41930109E-03 -8.000000E+00  0.000000E+00  1.738651E-02 -5.137075E-04
221  4.63117913E-03 -8.000000E+00  0.000000E+00  1.818738E-02 -5.376776E-04
222  4.85310752E-03 -8.000000E+00  0.000000E+00  1.902314E-02 -5.627217E-04
223  5.08555526E-03 -8.000000E+00  0.000000E+00  1.989513E-02 -5.888841E-04
224  5.32901267E-03 -8.000000E+00  0.000000E+00  2.080473E-02 -6.162105E-04
225  5.58399238E-03 -8.000000E+00  0.000000E+00  2.175334E-02 -6.447480E-04
226  5.85103024E-03 -8.000000E+00  0.000000E+00  2.274238E-02 -6.745453E-04
227  6.13068633E-03 -8.000000E+00  0.000000E+00  2.377333E-02 -7.056524E-04
228  6.42354607E-03 -8.000000E+00  0.000000E+00  2.484766E-02 -7.381210E-04
229  6.73022124E-03 -8.000000E+00  0.000000E+00  2.596690E-02 -7.720039E-04
230  7.05135117E-03 -8.000000E+00  0.000000E+00  2.713258E-02 -8.073558E-04
231  7.38760388E-03 -8.000000E+00  0.000000E+00  2.834626E-02 -8.442325E-04
232  7.73967734E-03 -8.000000E+00  0.000000E+00  2.960951E-02 -8.826914E-04
233  8.10830076E-03 -8.000000E+00  0.000000E+00  3.092391E-02 -9.227910E-04
234  8.49423585E-03 -8.000000E+00  0.000000E+00  3.229105E-02 -9.645912E-04
235  8.89827827E-03 -8.000000E+00  0.000000E+00  3.371253E-02 -1.008153E-03
236  9.32125904E-03 -8.000000E+00  0.000000E+00  3.518992E-02 -1.053540E-03
237  9.76404600E-03 -8.000000E+00  0.000000E+00  3.672480E-02 -1.100814E-03
238  1.02275454E-02 -8.000000E+00  0.000000E+00  3.831873E-02 -1.150039E-03
239  1.07127034E-02 -8.000000E+00  0.000000E+00  3.997323E-02 -1.201282E-03
240  1.12205080E-02 -8.000000E+00  0.000000E+00  4.168980E-02 -1.254608E-03
241  1.17519904E-02 -8.000000E+00  0.000000E+00  4.346986E-02 -1.310084E-03
242  1.23082269E-02 -8.000000E+00  0.000000E+00  4.531481E-02 -1.367775E-03
243  1.28903412E-02 -8.000000E+00  0.000000E+00  4.722595E-02 -1.427750E-03
244  1.34995055E-02 -8.000000E+00  0.000000E+00  4.920450E-02 -1.490074E-03
245  1.41369431E-02 -8.000000E+00  0.000000E+00  5.125160E-02 -1.554815E-03
246  1.48039305E-02 -8.000000E+00  0.000000E+00  5.336823E-02 -1.622037E-03
247  1.55017991E-02 -8.000000E+00  0.000000E+00  5.555528E-02 -1.691807E-03
248  1.62319378E-02 -8.000000E+00  0.000000E+00  5.781345E-02 -1.764186E-03
249  1.69957950E-02 -8.000000E+00  0.000000E+00  6.014327E-02 -1.839238E-03
250  1.77948814E-02 -8.000000E+00  0.000000E+00  6.254507E-02 -1.917021E-03
251  1.86307718E-02 -8.000000E+00  0.000000E+00  6.501897E-02 -1.997593E-03
252  1.95051085E-02 -8.000000E+00  0.000000E+00  6.756481E-02 -2.081006E-03
253  2.04196031E-02 -8.000000E+00  0.000000E+00  7.018216E-02 -2.167312E-03
254  2.13760397E-02 -8.000000E+00  0.000000E+00  7.287028E-02 -2.256556E-03
255  2.23762775E-02 -8.000000E+00  0.000000E+00  7.562808E-02 -2.348778E-03
256  2.34222538E-02 -8.000000E+00  0.000000E+00  7.845407E-02 -2.444014E-03
257  2.45159870E-02 -8.000000E+00  0.000000E+00  8.134636E-02 -2.542290E-03
258  2.56595797E-02 -8.000000E+00  0.000000E+00  8.430259E-02 -2.643629E-03
259  2.68552217E-02 -8.000000E+00  0.000000E+00  8.731990E-02 -2.748043E-03
260  2.81051934E-02 -8.000000E+00  0.000000E+00  9.039486E-02 -2.855534E-03
261  2.94118694E-02 -8.000000E+00  0.000000E+00  9.352346E-02 -2.966096E-03
262  3.07777216E-02 -8.000000E+00  0.000000E+00  9.670105E-02 -3.079710E-03
263  3.22053229E-02 -8.000000E+00  0.000000E+00  9.992226E-02 -3.196344E-03
264  3.36973513E-02 -8.000000E+00  0.000000E+00  1.031810E-01 -3.315954E-03
265  3.52565932E-02 -8.000000E+00  0.000000E+00  1.064703E-01 -3.438477E-03
266  3.68859475E-02 -8.000000E+00  0.000000E+00  1.097824E-01 -3.563838E-03
267  3.85884297E-02 -8.000000E+00  0.000000E+00  1.131085E-01 -3.691940E-03
268  4.03671758E-02 -8.000000E+00  0.000000E+00  1.164391E-01 -3.822669E-03
269  4.22254472E-02 -8.000000E+00  0.000000E+00  1.197633E-01 -3.955887E-03
270  4.41666341E-02 -8.000000E+00  0.000000E+00  1.230693E-01 -4.091435E-03
271  4.61942607E-02 -8.000000E+00  0.000000E+00  1.263440E-01 -4.229129E-03
272  4.83119898E-02 -8.000000E+00  0.000000E+00  1.295733E-01 -4.368758E-03
273  5.05236269E-02 -8.000000E+00  0.000000E+00  1.327417E-01 -4.510083E-03
274  5.28331258E-02 -8.000000E+00  0.000000E+00  1.358322E-01 -4.652834E-03
275  5.52445931E-02 -8.000000E+00  0.000000E+00  1.388267E-01 -4.796710E-03
276  5.77622933E-02 -8.000000E+00  0.000000E+00  1.417056E-01 -4.941376E-03
277  6.03906542E-02 -8.000000E+00  0.000000E+00  1.444477E-01 -5.086461E-03
278  6.31342719E-02 -8.000000E+00  0.000000E+00  1.470304E-01 -5.231557E-03
279  6.59979167E-02 -8.000000E+00  0.000000E+00  1.494298E-01 -5.376217E-03
280  6.89865380E-02 -8.000000E+00  0.000000E+00  1.516201E-01 -5.519951E-03
281  7.21052705E-02 -8.000000E+00  0.000000E+00  1.535744E-01 -5.662230E-03
282  7.53594396E-02 -8.000000E+00  0.000000E+00  1.552640E-01 -5.802479E-03
283  7.87545677E-02 -8.000000E+00  0.000000E+00  1.566590E-01 -5.940080E-03
284  8.22963796E-02 -8.000000E+00  0.000000E+00  1.577281E-01 -6.074368E-03
285  8.59908092E-02 -8.000000E+00  0.000000E+00  1.584386E-01 -6.204632E-03
286  8.98440054E-02 -8.000000E+00  0.000000E+00  1.587567E-01 -6.330115E-03
287  9.38623384E-02 -8.000000E+00  0.000000E+00  1.586477E-01 -6.450012E-03
288  9.80524060E-02 -8.000000E+00  0.000000E+00  1.580759E-01 -6.563475E-03
289  1.02421041E-01 -8.000000E+00  0.000000E+00  1.570051E-01 -6.669608E-03
290  1.06975315E-01 -8.000000E+00  0.000000E+00  1.553986E-01 -6.767475E-03
291  1.11722551E-01 -8.000000E+00  0.000000E+00  1.532198E-01 -6.856096E-03
292  1.16670322E-01 -8.000000E+00  0.000000E+00  1.504323E-01 -6.934457E-03
293  1.21826466E-01 -8.000000E+00  0.000000E+00  1.470002E-01 -7.001506E-03
294  1.27199085E-01 -8.000000E+00  0.000000E+00  1.428889E-01 -7.056165E-03
295  1.32796562E-01 -8.000000E+00  0.000000E+00  1.380652E-01 -7.097331E-03
296  1.38627556E-01 -8.000000E+00  0.000000E+00  1.324982E-01 -7.123882E-03
297  1.44701019E-01 -8.000000E+00  0.000000E+00  1.261596E-01 -7.134691E-03
298  1.51026199E-01 -8.000000E+00  0.000000E+00  1.190245E-01 -7.128626E-03
299  1.57612648E-01 -8.000000E+00  0.000000E+00  1.110721E-01 -7.104568E-03
300  1.64470228E-01 -8.000000E+00  0.000000E+00  1.022863E-01 -7.061416E-03
301  1.71609120E-01 -8.000000E+00  0.000000E+00  9.265682E-02 -6.998102E-03
302  1.79039832E-01 -8.000000E+00  0.000000E+00  8.217972E-02 -6.913607E-03
303  1.86773203E-01 -8.000000E+00  0.000000E+00  7.085848E-02 -6.806972E-03
304  1.94820414E-01 -8.000000E+00  0.000000E+00  5.870484E-02 -6.677316E-03
305  2.03192992E-01 -8.000000E+00  0.000000E+00  4.573975E-02 -6.523854E-03
306  2.11902821E-01 -8.000000E+00  0.000000E+00  3.199425E-02 -6.345914E-03
307  2.20962148E-01 -8.000000E+00  0.000000E+00  1.751045E-02 -6.142959E-03
308  2.30383587E-01 -8.000000E+00  0.000000E+00  2.342380E-03 -5.914602E-03
309  2.40180131E-01 -8.000000E+00  0.000000E+00 -1.344316E-02 -5.660634E-03
310  2.50365158E-01 -8.000000E+00  0.000000E+00 -2.976587E-02 -5.381039E-03
311  2.60952435E-01 -8.000000E+00  0.000000E+00 -4.653126E-02 -5.076018E-03
312  2.71956130E-01 -8.000000E+00  0.000000E+00 -6.363013E-02 -4.746012E-03
313  2.83390816E-01 -8.000000E+00  0.000000E+00 -8.093826E-02 -4.391718E-03
314  2.95271476E-01 -8.000000E+00  0.000000E+00 -9.831617E-02 -4.014112E-03
315  3.07613516E-01 -8.000000E+00  0.000000E+00 -1.156092E-01 -3.614464E-03
316  3.20432766E-01 -8.000000E+00  0.000000E+00 -1.326481E-01 -3.194355E-03
317  3.33745487E-01 -8.000000E+00  0.000000E+00 -1.492490E-01 -2.755692E-03
318  3.47568382E-01 -8.000000E+00  0.000000E+00 -1.652154E-01 -2.300712E-03
319  3.61918598E-01 -8.000000E+00  0.000000E+00 -1.803386E-01 -1.831994E-03
320  3.76813733E-01 -8.000000E+00  0.000000E+00 -1.944000E-01 -1.352455E-03
321  3.92271841E-01 -8.000000E+00  0.000000E+00 -2.071732E-01 -8.653489E-04
322  4.08311442E-01 -8.000000E+00  0.000000E+00 -2.184269E-01 -3.742539E-04
323  4.24951523E-01 -8.000000E+00  0.000000E+00 -2.279273E-01  1.169423E-04
324  4.42211545E-01 -8.000000E+00  0.000000E+00 -2.354429E-01  6.040680E-04
325  4.60111447E-01 -8.000000E+00  0.000000E+00 -2.407475E-01  1.082698E-03
326  4.78671654E-01 -8.000000E+00  0.000000E+00 -2.436256E-01  1.548196E-03
327  4.97913078E-01 -8.000000E+00  0.000000E+00 -2.438767E-01  1.995757E-03
328  5.17857126E-01 -8.000000E+00  0.000000E+00 -2.413213E-01  2.420471E-03
329  5.38525700E-01 -8.000000E+00  0.000000E+00 -2.358060E-01  2.817383E-03
330  5.59941203E-01 -8.000000E+00  0.000000E+00 -2.272097E-01  3.181564E-03
331  5.82126545E-01 -8.000000E+00  0.000000E+00 -2.154492E-01  3.508198E-03
332  6.05105141E-01 -8.000000E+00  0.000000E+00 -2.004856E-01  3.792663E-03
333  6.28900918E-01 -8.000000E+00  0.000000E+00 -1.823294E-01  4.030625E-03
334  6.53538318E-01 -8.000000E+00  0.000000E+00 -1.610462E-01  4.218134E-03
335  6.79042296E-01 -8.000000E+00  0.000000E+00 -1.367614E-01  4.351725E-03
336  7.05438327E-01 -8.000000E+00  0.000000E+00 -1.096640E-01  4.428514E-03
337  7.32752403E-01 -8.000000E+00  0.000000E+00 -8.000974E-02  4.446297E-03
338  7.61011041E-01 -8.000000E+00  0.000000E+00 -4.812289E-02  4.403642E-03
339  7.90241275E-01 -8.000000E+00  0.000000E+00 -1.439656E-02  4.299972E-03
340  8.20470664E-01 -8.000000E+00  0.000000E+00  2.070859E-02  4.135647E-03
341  8.51727290E-01 -8.000000E+00  0.000000E+00  5.666740E-02  3.912014E-03
342  8.84039756E-01 -8.000000E+00  0.000000E+00  9.289530E-02  3.631465E-03
343  9.17437188E-01 -8.000000E+00  0.000000E+00  1.287555E-01  3.297451E-03
344  9.51949232E-01 -8.000000E+00  0.000000E+00  1.635683E-01  2.914494E-03
345  9.87606056E-01 -8.000000E+00  0.000000E+00  1.966226E-01  2.488162E-03
346  1.02443834E+00 -8.000000E+00  0.000000E+00  2.271896E-01  2.025024E-03
347  1.06247730E+00 -8.000000E+00  0.000000E+00  2.545385E-01  1.532572E-03
348  1.10175463E+00 -8.000000E+00  0.000000E+00  2.779534E-01  1.019121E-03
349  1.14230257E+00 -8.000000E+00  0.000000E+00  2.967527E-01  4.936759E-04
350  1.18415386E+00 -8.000000E+00  0.000000E+00  3.103088E-01 -3.423028E-05
351  1.22734172E+00 -8.000000E+00  0.000000E+00  3.180679E-01 -5.547160E-04
352  1.27189991E+00 -8.000000E+00  0.000000E+00  3.195710E-01 -1.057760E-03
353  1.31786265E+00 -8.000000E+00  0.000000E+00  3.144735E-01 -1.533423E-03
354  1.36526467E+00 -8.000000E+00  0.000000E+00  3.025629E-01 -1.972086E-03
355  1.41414120E+00 -8.000000E+00  0.000000E+00  2.837755E-01 -2.364694E-03
356  1.46452792E+00 -8.000000E+00  0.000000E+00  2.582090E-01 -2.702993E-03
357  1.51646100E+00 -8.000000E+00  0.000000E+00  2.261330E-01 -2.979771E-03
358  1.56997709E+00 -8.000000E+00  0.000000E+00  1.879934E-01 -3.189071E-03
359  1.62511330E+00 -8.000000E+00  0.000000E+00  1.444136E-01 -3.326388E-03
360  1.68190717E+00 -8.000000E+00  0.000000E+00  9.618930E-02 -3.388833E-03
361  1.74039674E+00 -8.000000E+00  0.000000E+00  4.427792E-02 -3.375254E-03
362  1.80062044E+00 -8.000000E+00  0.000000E+00 -1.021752E-02 -3.286315E-03
363  1.86261716E+00 -8.000000E+00  0.000000E+00 -6.607055E-02 -3.124523E-03
364  1.92642623E+00 -8.000000E+00  0.000000E+00 -1.219586E-01 -2.894205E-03
365  1.99208737E+00 -8.000000E+00  0.000000E+00 -1.764953E-01 -2.601420E-03
366  2.05964072E+00 -8.000000E+00  0.000000E+00 -2.282668E-01 -2.253822E-03
367  2.12912683E+00 -8.000000E+00  0.000000E+00 -2.758713E-01 -1.860470E-03
368  2.20058664E+00 -8.000000E+00  0.000000E+00 -3.179601E-01 -1.431580E-03
369  2.27406147E+00 -8.000000E+00  0.000000E+00 -3.532795E-01 -9.782486E-04
370  2.34959300E+00 -8.000000E+00  0.000000E+00 -3.807114E-01 -5.121292E-04
371  2.42722330E+00 -8.000000E+00  0.000000E+00 -3.993114E-01 -4.509306E-05
372  2.50699477E+00 -8.000000E+00  0.000000E+00 -4.083428E-01  4.111236E-04
373  2.58895017E+00 -8.000000E+00  0.000000E+00 -4.073052E-01  8.452710E-04
374  2.67313259E+00 -8.000000E+00  0.000000E+00 -3.959554E-01  1.246923E-03
375  2.75958543E+00 -8.000000E+00  0.000000E+00 -3.743218E-01  1.606788E-03
376  2.84835243E+00 -8.000000E+00  0.000000E+00 -3.427081E-01  1.916978E-03
377  2.93947760E+00 -8.000000E+00  0.000000E+00 -3.016891E-01  2.171230E-03
378  3.03300527E+00 -8.000000E+00  0.000000E+00 -2.520971E-01  2.365071E-03
379  3.12898003E+00 -8.000000E+00  0.000000E+00 -1.949979E-01  2.495912E-03
380  3.22744674E+00 -8.000000E+00  0.000000E+00 -1.316600E-01  2.563082E-03
381  3.32845054E+00 -8.000000E+00  0.000000E+00 -6.351605E-02  2.567782E-03
382  3.43203678E+00 -8.000000E+00  0.000000E+00  7.882437E-03  2.512986E-03
383  3.53825109E+00 -8.000000E+00  0.000000E+00  8.091312E-02  2.403271E-03
384  3.64713928E+00 -8.000000E+00  0.000000E+00  1.539340E-01  2.244596E-03
385  3.75874741E+00 -8.000000E+00  0.000000E+00  2.253344E-01  2.044042E-03
386  3.87312172E+00 -8.000000E+00  0.000000E+00  2.935844E-01  1.809516E-03
387  3.99030865E+00 -8.000000E+00  0.000000E+00  3.572800E-01  1.549443E-03
388  4.11035481E+00 -8.000000E+00  0.000000E+00  4.151831E-01  1.272451E-03
389  4.23330699E+00 -8.000000E+00  0.000000E+00  4.662543E-01  9.870650E-04
390  4.35921212E+00 -8.000000E+00  0.000000E+00  5.096776E-01  7.014225E-04
391  4.48811730E+00 -8.000000E+00  0.000000E+00  5.448758E-01  4.230262E-04
392  4.62006974E+00 -8.000000E+00  0.000000E+00  5.715170E-01  1.585326E-04
393  4.75511679E+00 -8.000000E+00  0.000000E+00  5.895116E-01 -8.640635E-05
394  4.89330590E+00 -8.000000E+00  0.000000E+00  5.990014E-01 -3.072592E-04
395  5.03468463E+00 -8.000000E+00  0.000000E+00  6.003394E-01 -5.006678E-04
396  5.17930063E+00 -8.000000E+00  0.000000E+00  5.940654E-01 -6.644497E-04
397  5.32720162E+00 -8.000000E+00  0.000000E+00  5.808743E-01 -7.975637E-04
398  5.47843539E+00 -8.000000E+00  0.000000E+00  5.615828E-01 -9.000247E-04
399  5.63304980E+00 -8.000000E+00  0.000000E+00  5.370931E-01 -9.727885E-04
400  5.79109275E+00 -8.000000E+00  0.000000E+00  5.083571E-01 -1.017611E-03
401  5.95261218E+00 -8.000000E+00  0.000000E+00  4.763421E-01 -1.036889E-03
402  6.11765605E+00 -8.000000E+00  0.000000E+00  4.419986E-01 -1.033498E-03
403  6.28627235E+00 -8.000000E+00  0.000000E+00  4.062327E-01 -1.010628E-03
404  6.45850907E+00 -8.000000E+00  0.000000E+00  3.698826E-01 -9.716221E-04
405  6.63441420E+00 -8.000000E+00  0.000000E+00  3.337004E-01 -9.198426E-04
406  6.81403571E+00 -8.000000E+00  0.000000E+00  2.983390E-01 -8.585423E-04
407  6.99742156E+00 -8.000000E+00  0.000000E+00  2.643446E-01 -7.907655E-04
408  7.18461968E+00 -8.000000E+00  0.000000E+00  2.321540E-01 -7.192704E-04
409  7.37567794E+00 -8.000000E+00  0.000000E+00  2.020962E-01 -6.464747E-04
410  7.57064420E+00 -8.000000E+00  0.000000E+00  1.743978E-01 -5.744250E-04
411  7.76956622E+00 -8.000000E+00  0.000000E+00  1.491913E-01 -5.047853E-04
412  7.97249173E+00 -8.000000E+00  0.000000E+00  1.265263E-01 -4.388444E-04
413  8.17946837E+00 -8.000000E+00  0.000000E+00  1.063806E-01 -3.775370E-04
414  8.39054369E+00 -8.000000E+00  0.000000E+00  8.867387E-02 -3.214759E-04
415  8.60576518E+00 -8.000000E+00  0.000000E+00  7.327972E-02 -2.709916E-04
416  8.82518020E+00 -8.000000E+00  0.000000E+00  6.003819E-02 -2.261763E-04
417  9.04883601E+00 -8.000000E+00  0.000000E+00  4.876690E-02 -1.869286E-04
418  9.27677979E+00 -8.000000E+00  0.000000E+00  3.927107E-02 -1.529982E-04
419  9.50905856E+00 -8.000000E+00  0.000000E+00  3.135191E-02 -1.240267E-04
420  9.74571923E+00 -8.000000E+00  0.000000E+00  2.481370E-02 -9.958444E-05
421  9.98680859E+00 -8.000000E+00  0.000000E+00  1.946910E-02 -7.920252E-05
422  1.02323733E+01 -8.000000E+00  0.000000E+00  1.514316E-02 -6.239874E-05
423  1.04824598E+01 -8.000000E+00  0.000000E+00  1.167592E-02 -4.869853E-05
424  1.07371144E+01 -8.000000E+00  0.000000E+00  8.923941E-03 -3.765035E-05
425  1.09963834E+01 -8.000000E+00  0.000000E+00  6.760816E-03 -2.883646E-05
426  1.12603127E+01 -8.000000E+00  0.000000E+00  5.076953E-03 -2.187953E-05
427  1.15289483E+01 -8.000000E+00  0.000000E+00  3.778792E-03 -1.644592E-05
428  1.18023357E+01 -8.000000E+00  0.000000E+00  2.787609E-03 -1.224618E-05
429  1.20805205E+01 -8.000000E+00  0.000000E+00  2.038086E-03 -9.033629E-06
430  1.23635480E+01 -8.000000E+00  0.000000E+00  1.476749E-03 -6.601419E-06
431  1.26514633E+01 -8.000000E+00  0.000000E+00  1.060391E-03 -4.778798E-06
432  1.29443114E+01 -8.000000E+00  0.000000E+00  7.545382E-04 -3.426871E-06
433  1.32421369E+01 -8.000000E+00  0.000000E+00  5.320263E-04 -2.434247E-06
434  1.35449845E+01 -8.000000E+00  0.000000E+00  3.717077E-04 -1.712806E-06
435  1.38528983E+01 -8.000000E+00  0.000000E+00  2.573157E-04 -1.193758E-06
436  1.41659226E+01 -8.000000E+00  0.000000E+00  1.764846E-04 -8.240911E-07
437  1.44841012E+01 -8.000000E+00  0.000000E+00  1.199229E-04 -5.634708E-07
438  1.48074778E+01 -8.000000E+00  0.000000E+00  8.072922E-05 -3.815838E-07
439  1.51360958E+01 -8.000000E+00  0.000000E+00  5.383587E-05 -2.559263E-07
440  1.54699986E+01 -8.000000E+00  0.000000E+00  3.556339E-05 -1.699928E-07
441  1.58092290E+01 -8.000000E+00  0.000000E+00  2.327037E-05 -1.118200E-07
442  1.61538300E+01 -8.000000E+00  0.000000E+00  1.508170E-05 -7.283916E-08
443  1.65038439E+01 -8.000000E+00  0.000000E+00  9.681033E-06 -4.698386E-08
444  1.68593132E+01 -8.000000E+00  0.000000E+00  6.154539E-06 -3.000908E-08
445  1.72202798E+01 -8.000000E+00  0.000000E+00  3.874800E-06 -1.897834E-08
446  1.75867857E+01 -8.000000E+00  0.000000E+00  2.415798E-06 -1.188356E-08
447  1.79588723E+01 -8.000000E+00  0.000000E+00  1.491444E-06 -7.367121E-09
448  1.83365812E+01 -8.000000E+00  0.000000E+00  9.117287E-07 -4.521608E-09
449  1.87199532E+01 -8.000000E+00  0.000000E+00  5.518412E-07 -2.747336E-09
450  1.91090294E+01 -8.000000E+00  0.000000E+00  3.306965E-07 -1.652473E-09
451  1.95038502E+01 -8.000000E+00  0.000000E+00  1.961957E-07 -9.838766E-10
452  1.99044561E+01 -8.000000E+00  0.000000E+00  1.152315E-07 -5.798421E-10
453  2.03108871E+01 -8.000000E+00  0.000000E+00  6.699641E-08 -3.382371E-10
454  2.07231831E+01 -8.000000E+00  0.000000E+00  3.855743E-08 -1.952784E-10
455  2.11413836E+01 -8.000000E+00  0.000000E+00  2.196433E-08 -1.115804E-10
456  2.15655280E+01 -8.000000E+00  0.000000E+00  1.238394E-08 -6.309592E-11
457  2.19956554E+01 -8.000000E+00  0.000000E+00  6.910466E-09 -3.530799E-11
458  2.24318046E+01 -8.000000E+00  0.000000E+00  3.816289E-09 -1.955159E-11
459  2.28740142E+01 -8.000000E+00  0.000000E+00  2.085632E-09 -1.071290E-11
460  2.33223224E+01 -8.000000E+00  0.000000E+00  1.127910E-09 -5.807998E-12
461  2.37767673E+01 -8.000000E+00  0.000000E+00  6.035708E-10 -3.115437E-12
462  2.42373866E+01 -8.000000E+00  0.000000E+00  3.195781E-10 -1.677162E-12
463  2.47042180E+01 -8.000000E+00  0.000000E+00  1.674165E-10 -8.111368E-13
