#      n =  2
#  kappa = -1
# energy = -1.22524611E+02
#     vc = -2.45196224E+02


0    1.66666667E-07 -2.889197E-02  0.000000E+00 -0.000000E+00  6.512388E-03
1    1.74791561E-07 -3.030042E-02  0.000000E+00  8.540469E-08  6.512388E-03
2    1.83312515E-07 -3.177753E-02  0.000000E+00  1.749725E-07  6.209668E-03
3    1.92248836E-07 -3.332664E-02  0.000000E+00  2.689065E-07  5.921024E-03
4    2.01620767E-07 -3.495127E-02  0.000000E+00  3.674193E-07  5.645797E-03
5    2.11449542E-07 -3.665508E-02  0.000000E+00  4.707342E-07  5.383364E-03
6    2.21757428E-07 -3.844195E-02  0.000000E+00  5.790852E-07  5.133131E-03
7    2.32567778E-07 -4.031591E-02  0.000000E+00  6.927178E-07  4.894530E-03
8    2.43905081E-07 -4.228122E-02  0.000000E+00  8.118894E-07  4.667020E-03
9    2.55795022E-07 -4.434232E-02  0.000000E+00  9.368700E-07  4.450086E-03
10   2.68264536E-07 -4.650388E-02  0.000000E+00  1.067943E-06  4.243236E-03
11   2.81341871E-07 -4.877081E-02  0.000000E+00  1.205404E-06  4.046002E-03
12   2.95056653E-07 -5.114822E-02  0.000000E+00  1.349567E-06  3.857936E-03
13   3.09439949E-07 -5.364152E-02  0.000000E+00  1.500756E-06  3.678613E-03
14   3.24524343E-07 -5.625634E-02  0.000000E+00  1.659314E-06  3.507625E-03
15   3.40344004E-07 -5.899860E-02  0.000000E+00  1.825601E-06  3.344586E-03
16   3.56934767E-07 -6.187452E-02  0.000000E+00  1.999994E-06  3.189125E-03
17   3.74334215E-07 -6.489061E-02  0.000000E+00  2.182887E-06  3.040891E-03
18   3.92581760E-07 -6.805369E-02  0.000000E+00  2.374694E-06  2.899548E-03
19   4.11718735E-07 -7.137093E-02  0.000000E+00  2.575851E-06  2.764775E-03
20   4.31788487E-07 -7.484984E-02  0.000000E+00  2.786812E-06  2.636266E-03
21   4.52836477E-07 -7.849829E-02  0.000000E+00  3.008055E-06  2.513732E-03
22   4.74910378E-07 -8.232455E-02  0.000000E+00  3.240082E-06  2.396893E-03
23   4.98060189E-07 -8.633727E-02  0.000000E+00  3.483419E-06  2.285485E-03
24   5.22338343E-07 -9.054554E-02  0.000000E+00  3.738615E-06  2.179256E-03
25   5.47799827E-07 -9.495888E-02  0.000000E+00  4.006250E-06  2.077965E-03
26   5.74502310E-07 -9.958728E-02  0.000000E+00  4.286929E-06  1.981383E-03
27   6.02506270E-07 -1.044412E-01  0.000000E+00  4.581288E-06  1.889290E-03
28   6.31875128E-07 -1.095317E-01  0.000000E+00  4.889993E-06  1.801477E-03
29   6.62675400E-07 -1.148701E-01  0.000000E+00  5.213744E-06  1.717747E-03
30   6.94976840E-07 -1.204687E-01  0.000000E+00  5.553275E-06  1.637908E-03
31   7.28852600E-07 -1.263400E-01  0.000000E+00  5.909352E-06  1.561781E-03
32   7.64379397E-07 -1.324974E-01  0.000000E+00  6.282784E-06  1.489192E-03
33   8.01637685E-07 -1.389548E-01  0.000000E+00  6.674416E-06  1.419978E-03
34   8.40711836E-07 -1.457267E-01  0.000000E+00  7.085134E-06  1.353980E-03
35   8.81690336E-07 -1.528284E-01  0.000000E+00  7.515869E-06  1.291051E-03
36   9.24665976E-07 -1.602761E-01  0.000000E+00  7.967595E-06  1.231046E-03
37   9.69736072E-07 -1.680865E-01  0.000000E+00  8.441336E-06  1.173831E-03
38   1.01700268E-06 -1.762773E-01  0.000000E+00  8.938164E-06  1.119275E-03
39   1.06657282E-06 -1.848669E-01  0.000000E+00  9.459204E-06  1.067255E-03
40   1.11855874E-06 -1.938748E-01  0.000000E+00  1.000564E-05  1.017652E-03
41   1.17307814E-06 -2.033213E-01  0.000000E+00  1.057870E-05  9.703558E-04
42   1.23025446E-06 -2.132276E-01  0.000000E+00  1.117968E-05  9.252575E-04
43   1.29021715E-06 -2.236162E-01  0.000000E+00  1.180996E-05  8.822553E-04
44   1.35310198E-06 -2.345103E-01  0.000000E+00  1.247094E-05  8.412519E-04
45   1.41905130E-06 -2.459347E-01  0.000000E+00  1.316414E-05  8.021543E-04
46   1.48821442E-06 -2.579149E-01  0.000000E+00  1.389111E-05  7.648738E-04
47   1.56074792E-06 -2.704779E-01  0.000000E+00  1.465351E-05  7.293261E-04
48   1.63681599E-06 -2.836519E-01  0.000000E+00  1.545306E-05  6.954305E-04
49   1.71659083E-06 -2.974667E-01  0.000000E+00  1.629156E-05  6.631102E-04
50   1.80025302E-06 -3.119531E-01  0.000000E+00  1.717093E-05  6.322921E-04
51   1.88799193E-06 -3.271436E-01  0.000000E+00  1.809314E-05  6.029062E-04
52   1.98000617E-06 -3.430724E-01  0.000000E+00  1.906029E-05  5.748860E-04
53   2.07650400E-06 -3.597750E-01  0.000000E+00  2.007455E-05  5.481679E-04
54   2.17770383E-06 -3.772888E-01  0.000000E+00  2.113824E-05  5.226914E-04
55   2.28383470E-06 -3.956528E-01  0.000000E+00  2.225375E-05  4.983988E-04
56   2.39513681E-06 -4.149081E-01  0.000000E+00  2.342361E-05  4.752350E-04
57   2.51186204E-06 -4.350975E-01  0.000000E+00  2.465046E-05  4.531475E-04
58   2.63427454E-06 -4.562659E-01  0.000000E+00  2.593709E-05  4.320862E-04
59   2.76265134E-06 -4.784602E-01  0.000000E+00  2.728640E-05  4.120035E-04
60   2.89728293E-06 -5.017295E-01  0.000000E+00  2.870144E-05  3.928537E-04
61   3.03847395E-06 -5.261253E-01  0.000000E+00  3.018541E-05  3.745935E-04
62   3.18654388E-06 -5.517013E-01  0.000000E+00  3.174168E-05  3.571814E-04
63   3.34182772E-06 -5.785137E-01  0.000000E+00  3.337376E-05  3.405781E-04
64   3.50467682E-06 -6.066213E-01  0.000000E+00  3.508533E-05  3.247458E-04
65   3.67545960E-06 -6.360853E-01  0.000000E+00  3.688029E-05  3.096486E-04
66   3.85456243E-06 -6.669699E-01  0.000000E+00  3.876267E-05  2.952523E-04
67   4.04239047E-06 -6.993419E-01  0.000000E+00  4.073674E-05  2.815243E-04
68   4.23936860E-06 -7.332713E-01  0.000000E+00  4.280696E-05  2.684333E-04
69   4.44594240E-06 -7.688308E-01  0.000000E+00  4.497802E-05  2.559497E-04
70   4.66257909E-06 -8.060962E-01  0.000000E+00  4.725481E-05  2.440452E-04
71   4.88976868E-06 -8.451467E-01  0.000000E+00  4.964249E-05  2.326927E-04
72   5.12802497E-06 -8.860645E-01  0.000000E+00  5.214645E-05  2.218664E-04
73   5.37788680E-06 -9.289351E-01  0.000000E+00  5.477235E-05  2.115418E-04
74   5.63991920E-06 -9.738475E-01  0.000000E+00  5.752612E-05  2.016953E-04
75   5.91471472E-06 -1.020894E+00  0.000000E+00  6.041399E-05  1.923046E-04
76   6.20289470E-06 -1.070170E+00  0.000000E+00  6.344249E-05  1.833483E-04
77   6.50511074E-06 -1.121775E+00  0.000000E+00  6.661844E-05  1.748061E-04
78   6.82204612E-06 -1.175811E+00  0.000000E+00  6.994904E-05  1.666584E-04
79   7.15441735E-06 -1.232385E+00  0.000000E+00  7.344179E-05  1.588866E-04
80   7.50297581E-06 -1.291604E+00  0.000000E+00  7.710458E-05  1.514731E-04
81   7.86850941E-06 -1.353581E+00  0.000000E+00  8.094570E-05  1.444009E-04
82   8.25184438E-06 -1.418431E+00  0.000000E+00  8.497380E-05  1.376538E-04
83   8.65384715E-06 -1.486272E+00  0.000000E+00  8.919798E-05  1.312163E-04
84   9.07542624E-06 -1.557222E+00  0.000000E+00  9.362777E-05  1.250737E-04
85   9.51753440E-06 -1.631405E+00  0.000000E+00  9.827317E-05  1.192118E-04
86   9.98117065E-06 -1.708943E+00  0.000000E+00  1.031447E-04  1.136172E-04
87   1.04673826E-05 -1.789959E+00  0.000000E+00  1.082532E-04  1.082769E-04
88   1.09772689E-05 -1.874578E+00  0.000000E+00  1.136104E-04  1.031786E-04
89   1.15119814E-05 -1.962923E+00  0.000000E+00  1.192283E-04  9.831029E-05
90   1.20727280E-05 -2.055114E+00  0.000000E+00  1.251195E-04  9.366075E-05
91   1.26607755E-05 -2.151268E+00  0.000000E+00  1.312973E-04  8.921906E-05
92   1.32774520E-05 -2.251498E+00  0.000000E+00  1.377757E-04  8.497476E-05
93   1.39241503E-05 -2.355910E+00  0.000000E+00  1.445692E-04  8.091784E-05
94   1.46023309E-05 -2.464599E+00  0.000000E+00  1.516931E-04  7.703864E-05
95   1.53135251E-05 -2.577651E+00  0.000000E+00  1.591635E-04  7.332788E-05
96   1.60593389E-05 -2.695134E+00  0.000000E+00  1.669972E-04  6.977662E-05
97   1.68414559E-05 -2.817101E+00  0.000000E+00  1.752119E-04  6.637626E-05
98   1.76616420E-05 -2.943581E+00  0.000000E+00  1.838259E-04  6.311847E-05
99   1.85217483E-05 -3.074573E+00  0.000000E+00  1.928587E-04  5.999521E-05
100  1.94237163E-05 -3.210046E+00  0.000000E+00  2.023306E-04  5.699870E-05
101  2.03695815E-05 -3.349928E+00  0.000000E+00  2.122629E-04  5.412142E-05
102  2.13614784E-05 -3.494097E+00  0.000000E+00  2.226778E-04  5.135603E-05
103  2.24016450E-05 -3.642375E+00  0.000000E+00  2.335988E-04  4.869545E-05
104  2.34924281E-05 -3.794518E+00  0.000000E+00  2.450503E-04  4.613278E-05
105  2.46362883E-05 -3.950200E+00  0.000000E+00  2.570581E-04  4.366129E-05
106  2.58358058E-05 -4.108999E+00  0.000000E+00  2.696491E-04  4.127446E-05
107  2.70936859E-05 -4.270384E+00  0.000000E+00  2.828515E-04  3.896593E-05
108  2.84127652E-05 -4.433694E+00  0.000000E+00  2.966949E-04  3.672954E-05
109  2.97960179E-05 -4.598113E+00  0.000000E+00  3.112102E-04  3.455929E-05
110  3.12465627E-05 -4.762648E+00  0.000000E+00  3.264301E-04  3.244939E-05
111  3.27676694E-05 -4.926096E+00  0.000000E+00  3.423884E-04  3.039428E-05
112  3.43627666E-05 -5.087011E+00  0.000000E+00  3.591210E-04  2.838865E-05
113  3.60354489E-05 -5.243665E+00  0.000000E+00  3.766651E-04  2.642750E-05
114  3.77894855E-05 -5.393997E+00  0.000000E+00  3.950600E-04  2.450620E-05
115  3.96288283E-05 -5.535564E+00  0.000000E+00  4.143469E-04  2.262151E-05
116  4.15576207E-05 -5.665479E+00  0.000000E+00  4.345686E-04  2.077206E-05
117  4.35802072E-05 -5.780335E+00  0.000000E+00  4.557705E-04  1.870782E-05
118  4.57011426E-05 -5.876125E+00  0.000000E+00  4.779994E-04  1.665160E-05
119  4.79252025E-05 -5.948149E+00  0.000000E+00  5.013103E-04  2.942721E-05
120  5.02573941E-05 -5.990897E+00  0.000000E+00  5.257918E-04  1.776194E-07
121  5.27029669E-05 -6.000000E+00  0.000000E+00  5.513105E-04 -4.829927E-06
122  5.52674251E-05 -6.000000E+00  0.000000E+00  5.781977E-04  2.473633E-05
123  5.79565391E-05 -6.000000E+00  0.000000E+00  6.063851E-04  1.292678E-05
124  6.07763589E-05 -6.000000E+00  0.000000E+00  6.359098E-04  5.825256E-06
125  6.37332275E-05 -6.000000E+00  0.000000E+00  6.668651E-04  5.087865E-06
126  6.68337949E-05 -6.000000E+00  0.000000E+00  6.993205E-04  3.509254E-06
127  7.00850329E-05 -6.000000E+00  0.000000E+00  7.333483E-04  1.885118E-06
128  7.34942510E-05 -6.000000E+00  0.000000E+00  7.690247E-04  2.728859E-07
129  7.70691119E-05 -6.000000E+00  0.000000E+00  8.064294E-04 -1.338667E-06
130  8.08176494E-05 -6.000000E+00  0.000000E+00  8.456463E-04 -2.953166E-06
131  8.47482858E-05 -6.000000E+00  0.000000E+00  8.867628E-04 -4.574240E-06
132  8.88698505E-05 -6.000000E+00  0.000000E+00  9.298711E-04 -6.205531E-06
133  9.31916000E-05 -6.000000E+00  0.000000E+00  9.750674E-04 -7.850705E-06
134  9.77232382E-05 -6.000000E+00  0.000000E+00  1.022453E-03 -9.513455E-06
135  1.02474938E-04 -6.000000E+00  0.000000E+00  1.072133E-03 -1.119751E-05
136  1.07457364E-04 -6.000000E+00  0.000000E+00  1.124218E-03 -1.290666E-05
137  1.12681695E-04 -6.000000E+00  0.000000E+00  1.178826E-03 -1.464472E-05
138  1.18159651E-04 -6.000000E+00  0.000000E+00  1.236077E-03 -1.641559E-05
139  1.23903518E-04 -6.000000E+00  0.000000E+00  1.296099E-03 -1.822325E-05
140  1.29926174E-04 -6.000000E+00  0.000000E+00  1.359026E-03 -2.007173E-05
141  1.36241120E-04 -6.000000E+00  0.000000E+00  1.424998E-03 -2.196517E-05
142  1.42862506E-04 -6.000000E+00  0.000000E+00  1.494163E-03 -2.390780E-05
143  1.49805168E-04 -6.000000E+00  0.000000E+00  1.566673E-03 -2.590398E-05
144  1.57084654E-04 -6.000000E+00  0.000000E+00  1.642690E-03 -2.795814E-05
145  1.64717265E-04 -6.000000E+00  0.000000E+00  1.722383E-03 -3.007489E-05
146  1.72720086E-04 -6.000000E+00  0.000000E+00  1.805929E-03 -3.225894E-05
147  1.81111024E-04 -6.000000E+00  0.000000E+00  1.893514E-03 -3.451515E-05
148  1.89908852E-04 -6.000000E+00  0.000000E+00  1.985331E-03 -3.684856E-05
149  1.99133244E-04 -6.000000E+00  0.000000E+00  2.081584E-03 -3.926436E-05
150  2.08804824E-04 -6.000000E+00  0.000000E+00  2.182488E-03 -4.176793E-05
151  2.18945206E-04 -6.000000E+00  0.000000E+00  2.288264E-03 -4.436482E-05
152  2.29577047E-04 -6.000000E+00  0.000000E+00  2.399147E-03 -4.706081E-05
153  2.40724091E-04 -6.000000E+00  0.000000E+00  2.515382E-03 -4.986188E-05
154  2.52411226E-04 -6.000000E+00  0.000000E+00  2.637227E-03 -5.277425E-05
155  2.64664536E-04 -6.000000E+00  0.000000E+00  2.764949E-03 -5.580436E-05
156  2.77511357E-04 -6.000000E+00  0.000000E+00  2.898831E-03 -5.895894E-05
157  2.90980341E-04 -6.000000E+00  0.000000E+00  3.039168E-03 -6.224495E-05
158  3.05101513E-04 -6.000000E+00  0.000000E+00  3.186268E-03 -6.566967E-05
159  3.19906342E-04 -6.000000E+00  0.000000E+00  3.340456E-03 -6.924065E-05
160  3.35427804E-04 -6.000000E+00  0.000000E+00  3.502070E-03 -7.296579E-05
161  3.51700461E-04 -6.000000E+00  0.000000E+00  3.671466E-03 -7.685329E-05
162  3.68760529E-04 -6.000000E+00  0.000000E+00  3.849014E-03 -8.091171E-05
163  3.86645961E-04 -6.000000E+00  0.000000E+00  4.035104E-03 -8.514999E-05
164  4.05396529E-04 -6.000000E+00  0.000000E+00  4.230143E-03 -8.957745E-05
165  4.25053909E-04 -6.000000E+00  0.000000E+00  4.434558E-03 -9.420381E-05
166  4.45661773E-04 -6.000000E+00  0.000000E+00  4.648795E-03 -9.903922E-05
167  4.67265881E-04 -6.000000E+00  0.000000E+00  4.873321E-03 -1.040943E-04
168  4.89914183E-04 -6.000000E+00  0.000000E+00  5.108626E-03 -1.093801E-04
169  5.13656922E-04 -6.000000E+00  0.000000E+00  5.355221E-03 -1.149081E-04
170  5.38546741E-04 -6.000000E+00  0.000000E+00  5.613641E-03 -1.206905E-04
171  5.64638798E-04 -6.000000E+00  0.000000E+00  5.884449E-03 -1.267398E-04
172  5.91990883E-04 -6.000000E+00  0.000000E+00  6.168230E-03 -1.330693E-04
173  6.20663544E-04 -6.000000E+00  0.000000E+00  6.465598E-03 -1.396927E-04
174  6.50720218E-04 -6.000000E+00  0.000000E+00  6.777195E-03 -1.466244E-04
175  6.82227364E-04 -6.000000E+00  0.000000E+00  7.103693E-03 -1.538794E-04
176  7.15254608E-04 -6.000000E+00  0.000000E+00  7.445794E-03 -1.614735E-04
177  7.49874890E-04 -6.000000E+00  0.000000E+00  7.804233E-03 -1.694231E-04
178  7.86164623E-04 -6.000000E+00  0.000000E+00  8.179780E-03 -1.777453E-04
179  8.24203852E-04 -6.000000E+00  0.000000E+00  8.573237E-03 -1.864580E-04
180  8.64076428E-04 -6.000000E+00  0.000000E+00  8.985444E-03 -1.955802E-04
181  9.05870185E-04 -6.000000E+00  0.000000E+00  9.417280E-03 -2.051312E-04
182  9.49677125E-04 -6.000000E+00  0.000000E+00  9.869663E-03 -2.151317E-04
183  9.95593617E-04 -6.000000E+00  0.000000E+00  1.034355E-02 -2.256030E-04
184  1.04372060E-03 -6.000000E+00  0.000000E+00  1.083995E-02 -2.365676E-04
185  1.09416379E-03 -6.000000E+00  0.000000E+00  1.135991E-02 -2.480486E-04
186  1.14703391E-03 -6.000000E+00  0.000000E+00  1.190451E-02 -2.600707E-04
187  1.20244693E-03 -6.000000E+00  0.000000E+00  1.247492E-02 -2.726593E-04
188  1.26052429E-03 -6.000000E+00  0.000000E+00  1.307231E-02 -2.858410E-04
189  1.32139318E-03 -6.000000E+00  0.000000E+00  1.369793E-02 -2.996437E-04
190  1.38518679E-03 -6.000000E+00  0.000000E+00  1.435309E-02 -3.140966E-04
191  1.45204459E-03 -6.000000E+00  0.000000E+00  1.503915E-02 -3.292298E-04
192  1.52211262E-03 -6.000000E+00  0.000000E+00  1.575753E-02 -3.450753E-04
193  1.59554381E-03 -6.000000E+00  0.000000E+00  1.650969E-02 -3.616660E-04
194  1.67249828E-03 -6.000000E+00  0.000000E+00  1.729719E-02 -3.790366E-04
195  1.75314369E-03 -6.000000E+00  0.000000E+00  1.812164E-02 -3.972231E-04
196  1.83765555E-03 -6.000000E+00  0.000000E+00  1.898471E-02 -4.162631E-04
197  1.92621764E-03 -6.000000E+00  0.000000E+00  1.988815E-02 -4.361961E-04
198  2.01902234E-03 -6.000000E+00  0.000000E+00  2.083379E-02 -4.570628E-04
199  2.11627104E-03 -6.000000E+00  0.000000E+00  2.182352E-02 -4.789062E-04
200  2.21817458E-03 -6.000000E+00  0.000000E+00  2.285933E-02 -5.017707E-04
201  2.32495363E-03 -6.000000E+00  0.000000E+00  2.394327E-02 -5.257029E-04
202  2.43683918E-03 -6.000000E+00  0.000000E+00  2.507749E-02 -5.507512E-04
203  2.55407302E-03 -6.000000E+00  0.000000E+00  2.626421E-02 -5.769660E-04
204  2.67690819E-03 -6.000000E+00  0.000000E+00  2.750576E-02 -6.044000E-04
205  2.80560952E-03 -6.000000E+00  0.000000E+00  2.880456E-02 -6.331079E-04
206  2.94045415E-03 -6.000000E+00  0.000000E+00  3.016310E-02 -6.631467E-04
207  3.08173212E-03 -6.000000E+00  0.000000E+00  3.158400E-02 -6.945759E-04
208  3.22974692E-03 -6.000000E+00  0.000000E+00  3.306996E-02 -7.274572E-04
209  3.38481612E-03 -6.000000E+00  0.000000E+00  3.462379E-02 -7.618549E-04
210  3.54727197E-03 -6.000000E+00  0.000000E+00  3.624840E-02 -7.978357E-04
211  3.71746213E-03 -6.000000E+00  0.000000E+00  3.794683E-02 -8.354693E-04
212  3.89575027E-03 -6.000000E+00  0.000000E+00  3.972219E-02 -8.748277E-04
213  4.08251687E-03 -6.000000E+00  0.000000E+00  4.157773E-02 -9.159860E-04
214  4.27815994E-03 -6.000000E+00  0.000000E+00  4.351682E-02 -9.590219E-04
215  4.48309579E-03 -6.000000E+00  0.000000E+00  4.554293E-02 -1.004016E-03
216  4.69775986E-03 -6.000000E+00  0.000000E+00  4.765965E-02 -1.051053E-03
217  4.92260758E-03 -6.000000E+00  0.000000E+00  4.987069E-02 -1.100219E-03
218  5.15811524E-03 -6.000000E+00  0.000000E+00  5.217989E-02 -1.151604E-03
219  5.40478092E-03 -6.000000E+00  0.000000E+00  5.459119E-02 -1.205302E-03
220  5.66312546E-03 -6.000000E+00  0.000000E+00  5.710867E-02 -1.261408E-03
221  5.93369346E-03 -6.000000E+00  0.000000E+00  5.973652E-02 -1.320024E-03
222  6.21705431E-03 -6.000000E+00  0.000000E+00  6.247906E-02 -1.381251E-03
223  6.51380329E-03 -6.000000E+00  0.000000E+00  6.534072E-02 -1.445197E-03
224  6.82456271E-03 -6.000000E+00  0.000000E+00  6.832605E-02 -1.511972E-03
225  7.14998308E-03 -6.000000E+00  0.000000E+00  7.143970E-02 -1.581688E-03
226  7.49074434E-03 -6.000000E+00  0.000000E+00  7.468645E-02 -1.654463E-03
227  7.84755713E-03 -6.000000E+00  0.000000E+00  7.807118E-02 -1.730418E-03
228  8.22116412E-03 -6.000000E+00  0.000000E+00  8.159887E-02 -1.809676E-03
229  8.61234142E-03 -6.000000E+00  0.000000E+00  8.527459E-02 -1.892365E-03
230  9.02189997E-03 -6.000000E+00  0.000000E+00  8.910350E-02 -1.978614E-03
231  9.45068706E-03 -6.000000E+00  0.000000E+00  9.309084E-02 -2.068558E-03
232  9.89958791E-03 -6.000000E+00  0.000000E+00  9.724191E-02 -2.162334E-03
233  1.03695272E-02 -6.000000E+00  0.000000E+00  1.015621E-01 -2.260081E-03
234  1.08614710E-02 -6.000000E+00  0.000000E+00  1.060567E-01 -2.361944E-03
235  1.13764280E-02 -6.000000E+00  0.000000E+00  1.107313E-01 -2.468068E-03
236  1.19154519E-02 -6.000000E+00  0.000000E+00  1.155912E-01 -2.578601E-03
237  1.24796430E-02 -6.000000E+00  0.000000E+00  1.206420E-01 -2.693694E-03
238  1.30701501E-02 -6.000000E+00  0.000000E+00  1.258888E-01 -2.813500E-03
239  1.36881727E-02 -6.000000E+00  0.000000E+00  1.313372E-01 -2.938173E-03
240  1.43349631E-02 -6.000000E+00  0.000000E+00  1.369924E-01 -3.067869E-03
241  1.50118283E-02 -6.000000E+00  0.000000E+00  1.428594E-01 -3.202746E-03
242  1.57201327E-02 -6.000000E+00  0.000000E+00  1.489432E-01 -3.342961E-03
243  1.64613001E-02 -6.000000E+00  0.000000E+00  1.552487E-01 -3.488670E-03
244  1.72368164E-02 -6.000000E+00  0.000000E+00  1.617804E-01 -3.640032E-03
245  1.80482318E-02 -6.000000E+00  0.000000E+00  1.685425E-01 -3.797202E-03
246  1.88971638E-02 -6.000000E+00  0.000000E+00  1.755391E-01 -3.960333E-03
247  1.97852996E-02 -6.000000E+00  0.000000E+00  1.827737E-01 -4.129576E-03
248  2.07143992E-02 -6.000000E+00  0.000000E+00  1.902495E-01 -4.305080E-03
249  2.16862979E-02 -6.000000E+00  0.000000E+00  1.979690E-01 -4.486986E-03
250  2.27029099E-02 -6.000000E+00  0.000000E+00  2.059344E-01 -4.675432E-03
251  2.37662306E-02 -6.000000E+00  0.000000E+00  2.141471E-01 -4.870550E-03
252  2.48783408E-02 -6.000000E+00  0.000000E+00  2.226079E-01 -5.072461E-03
253  2.60414092E-02 -6.000000E+00  0.000000E+00  2.313164E-01 -5.281278E-03
254  2.72576963E-02 -6.000000E+00  0.000000E+00  2.402719E-01 -5.497104E-03
255  2.85295578E-02 -6.000000E+00  0.000000E+00  2.494721E-01 -5.720030E-03
256  2.98594484E-02 -6.000000E+00  0.000000E+00  2.589141E-01 -5.950131E-03
257  3.12499252E-02 -6.000000E+00  0.000000E+00  2.685934E-01 -6.187466E-03
258  3.27036525E-02 -6.000000E+00  0.000000E+00  2.785044E-01 -6.432080E-03
259  3.42234047E-02 -6.000000E+00  0.000000E+00  2.886398E-01 -6.683992E-03
260  3.58120714E-02 -6.000000E+00  0.000000E+00  2.989909E-01 -6.943204E-03
261  3.74726614E-02 -6.000000E+00  0.000000E+00  3.095471E-01 -7.209690E-03
262  3.92083068E-02 -6.000000E+00  0.000000E+00  3.202960E-01 -7.483400E-03
263  4.10222683E-02 -6.000000E+00  0.000000E+00  3.312231E-01 -7.764250E-03
264  4.29179392E-02 -6.000000E+00  0.000000E+00  3.423118E-01 -8.052126E-03
265  4.48988505E-02 -6.000000E+00  0.000000E+00  3.535430E-01 -8.346880E-03
266  4.69686763E-02 -6.000000E+00  0.000000E+00  3.648951E-01 -8.648322E-03
267  4.91312383E-02 -6.000000E+00  0.000000E+00  3.763436E-01 -8.956222E-03
268  5.13905113E-02 -6.000000E+00  0.000000E+00  3.878615E-01 -9.270304E-03
269  5.37506290E-02 -6.000000E+00  0.000000E+00  3.994184E-01 -9.590246E-03
270  5.62158890E-02 -6.000000E+00  0.000000E+00  4.109806E-01 -9.915671E-03
271  5.87907589E-02 -6.000000E+00  0.000000E+00  4.225112E-01 -1.024615E-02
272  6.14798821E-02 -6.000000E+00  0.000000E+00  4.339696E-01 -1.058119E-02
273  6.42880838E-02 -6.000000E+00  0.000000E+00  4.453113E-01 -1.092023E-02
274  6.72203773E-02 -6.000000E+00  0.000000E+00  4.564879E-01 -1.126267E-02
275  7.02819701E-02 -6.000000E+00  0.000000E+00  4.674469E-01 -1.160781E-02
276  7.34782706E-02 -6.000000E+00  0.000000E+00  4.781317E-01 -1.195488E-02
277  7.68148948E-02 -6.000000E+00  0.000000E+00  4.884811E-01 -1.230306E-02
278  8.02976727E-02 -6.000000E+00  0.000000E+00  4.984295E-01 -1.265142E-02
279  8.39326559E-02 -6.000000E+00  0.000000E+00  5.079069E-01 -1.299896E-02
280  8.77261241E-02 -6.000000E+00  0.000000E+00  5.168386E-01 -1.334460E-02
281  9.16845929E-02 -6.000000E+00  0.000000E+00  5.251454E-01 -1.368716E-02
282  9.58148206E-02 -6.000000E+00  0.000000E+00  5.327433E-01 -1.402539E-02
283  1.00123816E-01 -6.000000E+00  0.000000E+00  5.395440E-01 -1.435794E-02
284  1.04618847E-01 -6.000000E+00  0.000000E+00  5.454550E-01 -1.468337E-02
285  1.09307448E-01 -6.000000E+00  0.000000E+00  5.503794E-01 -1.500015E-02
286  1.14197425E-01 -6.000000E+00  0.000000E+00  5.542165E-01 -1.530666E-02
287  1.19296869E-01 -6.000000E+00  0.000000E+00  5.568620E-01 -1.560120E-02
288  1.24614161E-01 -6.000000E+00  0.000000E+00  5.582084E-01 -1.588199E-02
289  1.30157980E-01 -6.000000E+00  0.000000E+00  5.581455E-01 -1.614717E-02
290  1.35937314E-01 -6.000000E+00  0.000000E+00  5.565613E-01 -1.639480E-02
291  1.41961466E-01 -6.000000E+00  0.000000E+00  5.533420E-01 -1.662288E-02
292  1.48240065E-01 -6.000000E+00  0.000000E+00  5.483735E-01 -1.682935E-02
293  1.54783073E-01 -6.000000E+00  0.000000E+00  5.415416E-01 -1.701212E-02
294  1.61600797E-01 -6.000000E+00  0.000000E+00  5.327339E-01 -1.716905E-02
295  1.68703893E-01 -6.000000E+00  0.000000E+00  5.218399E-01 -1.729797E-02
296  1.76103381E-01 -6.000000E+00  0.000000E+00  5.087532E-01 -1.739674E-02
297  1.83810649E-01 -6.000000E+00  0.000000E+00  4.933719E-01 -1.746319E-02
298  1.91837467E-01 -6.000000E+00  0.000000E+00  4.756011E-01 -1.749522E-02
299  2.00195995E-01 -6.000000E+00  0.000000E+00  4.553535E-01 -1.749075E-02
300  2.08898789E-01 -6.000000E+00  0.000000E+00  4.325518E-01 -1.744781E-02
301  2.17958817E-01 -6.000000E+00  0.000000E+00  4.071300E-01 -1.736451E-02
302  2.27389462E-01 -6.000000E+00  0.000000E+00  3.790356E-01 -1.723908E-02
303  2.37204537E-01 -6.000000E+00  0.000000E+00  3.482312E-01 -1.706993E-02
304  2.47418291E-01 -6.000000E+00  0.000000E+00  3.146966E-01 -1.685564E-02
305  2.58045422E-01 -6.000000E+00  0.000000E+00  2.784306E-01 -1.659500E-02
306  2.69101083E-01 -6.000000E+00  0.000000E+00  2.394531E-01 -1.628706E-02
307  2.80600895E-01 -6.000000E+00  0.000000E+00  1.978069E-01 -1.593113E-02
308  2.92560954E-01 -6.000000E+00  0.000000E+00  1.535594E-01 -1.552685E-02
309  3.04997843E-01 -6.000000E+00  0.000000E+00  1.068043E-01 -1.507415E-02
310  3.17928640E-01 -6.000000E+00  0.000000E+00  5.766336E-02 -1.457338E-02
311  3.31370928E-01 -6.000000E+00  0.000000E+00  6.287031E-03 -1.402525E-02
312  3.45342804E-01 -6.000000E+00  0.000000E+00 -4.714405E-02 -1.343089E-02
313  3.59862891E-01 -6.000000E+00  0.000000E+00 -1.024186E-01 -1.279185E-02
314  3.74950341E-01 -6.000000E+00  0.000000E+00 -1.592945E-01 -1.211017E-02
315  3.90624854E-01 -6.000000E+00  0.000000E+00 -2.174986E-01 -1.138830E-02
316  4.06906676E-01 -6.000000E+00  0.000000E+00 -2.767280E-01 -1.062920E-02
317  4.23816615E-01 -6.000000E+00  0.000000E+00 -3.366505E-01 -9.836264E-03
318  4.41376050E-01 -6.000000E+00  0.000000E+00 -3.969069E-01 -9.013371E-03
319  4.59606935E-01 -6.000000E+00  0.000000E+00 -4.571129E-01 -8.164827E-03
320  4.78531811E-01 -6.000000E+00  0.000000E+00 -5.168622E-01 -7.295359E-03
321  4.98173812E-01 -6.000000E+00  0.000000E+00 -5.757301E-01 -6.410081E-03
322  5.18556675E-01 -6.000000E+00  0.000000E+00 -6.332777E-01 -5.514457E-03
323  5.39704745E-01 -6.000000E+00  0.000000E+00 -6.890563E-01 -4.614242E-03
324  5.61642986E-01 -6.000000E+00  0.000000E+00 -7.426131E-01 -3.715435E-03
325  5.84396986E-01 -6.000000E+00  0.000000E+00 -7.934972E-01 -2.824203E-03
326  6.07992961E-01 -6.000000E+00  0.000000E+00 -8.412652E-01 -1.946815E-03
327  6.32457769E-01 -6.000000E+00  0.000000E+00 -8.854884E-01 -1.089560E-03
328  6.57818910E-01 -6.000000E+00  0.000000E+00 -9.257593E-01 -2.586576E-04
329  6.84104532E-01 -6.000000E+00  0.000000E+00 -9.616989E-01  5.398250E-04
330  7.11343441E-01 -6.000000E+00  0.000000E+00 -9.929631E-01  1.300069E-03
331  7.39565103E-01 -6.000000E+00  0.000000E+00 -1.019250E+00  2.016596E-03
332  7.68799650E-01 -6.000000E+00  0.000000E+00 -1.040305E+00  2.684357E-03
333  7.99077882E-01 -6.000000E+00  0.000000E+00 -1.055929E+00  3.298815E-03
334  8.30431275E-01 -6.000000E+00  0.000000E+00 -1.065980E+00  3.856040E-03
335  8.62891984E-01 -6.000000E+00  0.000000E+00 -1.070380E+00  4.352770E-03
336  8.96492841E-01 -6.000000E+00  0.000000E+00 -1.069119E+00  4.786470E-03
337  9.31267366E-01 -6.000000E+00  0.000000E+00 -1.062251E+00  5.155392E-03
338  9.67249763E-01 -6.000000E+00  0.000000E+00 -1.049903E+00  5.458605E-03
339  1.00447493E+00 -6.000000E+00  0.000000E+00 -1.032267E+00  5.696018E-03
340  1.04297844E+00 -6.000000E+00  0.000000E+00 -1.009604E+00  5.868380E-03
341  1.08279657E+00 -6.000000E+00  0.000000E+00 -9.822336E-01  5.977267E-03
342  1.12396629E+00 -6.000000E+00  0.000000E+00 -9.505357E-01  6.025049E-03
343  1.16652525E+00 -6.000000E+00  0.000000E+00 -9.149394E-01  6.014844E-03
344  1.21051180E+00 -6.000000E+00  0.000000E+00 -8.759176E-01  5.950446E-03
345  1.25596498E+00 -6.000000E+00  0.000000E+00 -8.339780E-01  5.836248E-03
346  1.30292452E+00 -6.000000E+00  0.000000E+00 -7.896536E-01  5.677149E-03
347  1.35143082E+00 -6.000000E+00  0.000000E+00 -7.434926E-01  5.478445E-03
348  1.40152498E+00 -6.000000E+00  0.000000E+00 -6.960484E-01  5.245721E-03
349  1.45324879E+00 -6.000000E+00  0.000000E+00 -6.478691E-01  4.984732E-03
350  1.50664470E+00 -6.000000E+00  0.000000E+00 -5.994876E-01  4.701286E-03
351  1.56175585E+00 -6.000000E+00  0.000000E+00 -5.514119E-01  4.401130E-03
352  1.61862603E+00 -6.000000E+00  0.000000E+00 -5.041165E-01  4.089835E-03
353  1.67729971E+00 -6.000000E+00  0.000000E+00 -4.580349E-01  3.772701E-03
354  1.73782201E+00 -6.000000E+00  0.000000E+00 -4.135532E-01  3.454662E-03
355  1.80023873E+00 -6.000000E+00  0.000000E+00 -3.710052E-01  3.140212E-03
356  1.86459628E+00 -6.000000E+00  0.000000E+00 -3.306689E-01  2.833346E-03
357  1.93094174E+00 -6.000000E+00  0.000000E+00 -2.927647E-01  2.537514E-03
358  1.99932280E+00 -6.000000E+00  0.000000E+00 -2.574557E-01  2.255594E-03
359  2.06978780E+00 -6.000000E+00  0.000000E+00 -2.248480E-01  1.989886E-03
360  2.14238568E+00 -6.000000E+00  0.000000E+00 -1.949943E-01  1.742116E-03
361  2.21716600E+00 -6.000000E+00  0.000000E+00 -1.678970E-01  1.513458E-03
362  2.29417890E+00 -6.000000E+00  0.000000E+00 -1.435136E-01  1.304572E-03
363  2.37347515E+00 -6.000000E+00  0.000000E+00 -1.217621E-01  1.115648E-03
364  2.45510605E+00 -6.000000E+00  0.000000E+00 -1.025271E-01  9.464572E-04
365  2.53912351E+00 -6.000000E+00  0.000000E+00 -8.566627E-02  7.964185E-04
366  2.62557999E+00 -6.000000E+00  0.000000E+00 -7.101703E-02  6.646564E-04
367  2.71452849E+00 -6.000000E+00  0.000000E+00 -5.840257E-02  5.500670E-04
368  2.80602256E+00 -6.000000E+00  0.000000E+00 -4.763792E-02  4.513790E-04
369  2.90011625E+00 -6.000000E+00  0.000000E+00 -3.853527E-02  3.672128E-04
370  2.99686417E+00 -6.000000E+00  0.000000E+00 -3.090877E-02  2.961326E-04
371  3.09632138E+00 -6.000000E+00  0.000000E+00 -2.457845E-02  2.366936E-04
372  3.19854346E+00 -6.000000E+00  0.000000E+00 -1.937348E-02  1.874809E-04
373  3.30358647E+00 -6.000000E+00  0.000000E+00 -1.513461E-02  1.471414E-04
374  3.41150690E+00 -6.000000E+00  0.000000E+00 -1.171589E-02  1.144078E-04
375  3.52236174E+00 -6.000000E+00  0.000000E+00 -8.985615E-03  8.811573E-05
376  3.63620836E+00 -6.000000E+00  0.000000E+00 -6.826801E-03  6.721436E-05
377  3.75310460E+00 -6.000000E+00  0.000000E+00 -5.137014E-03  5.077075E-05
378  3.87310868E+00 -6.000000E+00  0.000000E+00 -3.827851E-03  3.796986E-05
379  3.99627922E+00 -6.000000E+00  0.000000E+00 -2.824074E-03  2.811051E-05
380  4.12267523E+00 -6.000000E+00  0.000000E+00 -2.062525E-03  2.059833E-05
381  4.25235607E+00 -6.000000E+00  0.000000E+00 -1.490904E-03  1.493679E-05
382  4.38538146E+00 -6.000000E+00  0.000000E+00 -1.066476E-03  1.071697E-05
383  4.52181145E+00 -6.000000E+00  0.000000E+00 -7.547932E-04  7.606820E-06
384  4.66170642E+00 -6.000000E+00  0.000000E+00 -5.284489E-04  5.340440E-06
385  4.80512705E+00 -6.000000E+00  0.000000E+00 -3.659307E-04  3.707823E-06
386  4.95213431E+00 -6.000000E+00  0.000000E+00 -2.505749E-04  2.545390E-06
387  5.10278946E+00 -6.000000E+00  0.000000E+00 -1.696446E-04  1.727460E-06
388  5.25715401E+00 -6.000000E+00  0.000000E+00 -1.135338E-04  1.158791E-06
389  5.41528971E+00 -6.000000E+00  0.000000E+00 -7.509472E-05  7.681991E-07
390  5.57725856E+00 -6.000000E+00  0.000000E+00 -4.907944E-05  5.032082E-07
391  5.74312276E+00 -6.000000E+00  0.000000E+00 -3.168713E-05  3.256703E-07
392  5.91294473E+00 -6.000000E+00  0.000000E+00 -2.020196E-05  2.082388E-07
393  6.08678706E+00 -6.000000E+00  0.000000E+00 -1.270937E-05  1.315886E-07
394  6.26471252E+00 -6.000000E+00  0.000000E+00 -7.877325E-06  8.226305E-08
395  6.44678405E+00 -6.000000E+00  0.000000E+00 -4.790202E-06  5.104043E-08
396  6.63306471E+00 -6.000000E+00  0.000000E+00 -2.824305E-06  3.172036E-08
397  6.82361772E+00 -6.000000E+00  0.000000E+00 -1.555126E-06  2.024754E-08
398  7.01850637E+00 -6.000000E+00  0.000000E+00 -6.874579E-07  1.418564E-08
399  7.21779410E+00 -6.000000E+00  0.000000E+00 -0.000000E+00  0.000000E+00
