#      n = 10
#  kappa = -1
# energy = -3.48930710E+01
#     vc = -9.68687739E+07


0    6.25000000E-08 -2.083478E-02  0.000000E+00 -0.000000E+00  3.067525E+00
1    6.55468583E-08 -2.185047E-02  0.000000E+00  2.653074E-05  3.067525E+00
2    6.87422416E-08 -2.291567E-02  0.000000E+00  5.435477E-05  2.924934E+00
3    7.20933894E-08 -2.403279E-02  0.000000E+00  8.353514E-05  2.788973E+00
4    7.56078940E-08 -2.520438E-02  0.000000E+00  1.141379E-04  2.659332E+00
5    7.92937178E-08 -2.643307E-02  0.000000E+00  1.462325E-04  2.535718E+00
6    8.31592111E-08 -2.772165E-02  0.000000E+00  1.798916E-04  2.417850E+00
7    8.72131313E-08 -2.907305E-02  0.000000E+00  2.151914E-04  2.305462E+00
8    9.14646626E-08 -3.049033E-02  0.000000E+00  2.522119E-04  2.198297E+00
9    9.59234367E-08 -3.197669E-02  0.000000E+00  2.910370E-04  2.096115E+00
10   1.00599555E-07 -3.353550E-02  0.000000E+00  3.317546E-04  1.998682E+00
11   1.05503610E-07 -3.517029E-02  0.000000E+00  3.744570E-04  1.905778E+00
12   1.10646712E-07 -3.688478E-02  0.000000E+00  4.192409E-04  1.817194E+00
13   1.16040511E-07 -3.868283E-02  0.000000E+00  4.662078E-04  1.732727E+00
14   1.21697228E-07 -4.056853E-02  0.000000E+00  5.154641E-04  1.652186E+00
15   1.27629675E-07 -4.254614E-02  0.000000E+00  5.671213E-04  1.575390E+00
16   1.33851291E-07 -4.462015E-02  0.000000E+00  6.212964E-04  1.502163E+00
17   1.40376170E-07 -4.679526E-02  0.000000E+00  6.781122E-04  1.432341E+00
18   1.47219092E-07 -4.907638E-02  0.000000E+00  7.376975E-04  1.365764E+00
19   1.54395557E-07 -5.146869E-02  0.000000E+00  8.001870E-04  1.302281E+00
20   1.61921821E-07 -5.397761E-02  0.000000E+00  8.657225E-04  1.241750E+00
21   1.69814933E-07 -5.660881E-02  0.000000E+00  9.344522E-04  1.184033E+00
22   1.78092770E-07 -5.936827E-02  0.000000E+00  1.006532E-03  1.128998E+00
23   1.86774081E-07 -6.226222E-02  0.000000E+00  1.082125E-03  1.076522E+00
24   1.95878531E-07 -6.529723E-02  0.000000E+00  1.161403E-03  1.026485E+00
25   2.05426741E-07 -6.848016E-02  0.000000E+00  1.244544E-03  9.787743E-01
26   2.15440336E-07 -7.181823E-02  0.000000E+00  1.331738E-03  9.332812E-01
27   2.25941996E-07 -7.531900E-02  0.000000E+00  1.423182E-03  8.899027E-01
28   2.36955506E-07 -7.899038E-02  0.000000E+00  1.519083E-03  8.485407E-01
29   2.48505809E-07 -8.284071E-02  0.000000E+00  1.619658E-03  8.091013E-01
30   2.60619064E-07 -8.687869E-02  0.000000E+00  1.725135E-03  7.714952E-01
31   2.73322704E-07 -9.111347E-02  0.000000E+00  1.835753E-03  7.356371E-01
32   2.86645499E-07 -9.555465E-02  0.000000E+00  1.951762E-03  7.014459E-01
33   3.00617620E-07 -1.002123E-01  0.000000E+00  2.073425E-03  6.688439E-01
34   3.15270708E-07 -1.050969E-01  0.000000E+00  2.201017E-03  6.377574E-01
35   3.30637945E-07 -1.102195E-01  0.000000E+00  2.334828E-03  6.081159E-01
36   3.46754130E-07 -1.155919E-01  0.000000E+00  2.475161E-03  5.798523E-01
37   3.63655758E-07 -1.212260E-01  0.000000E+00  2.622333E-03  5.529023E-01
38   3.81381100E-07 -1.271347E-01  0.000000E+00  2.776677E-03  5.272051E-01
39   3.99970293E-07 -1.333313E-01  0.000000E+00  2.938543E-03  5.027023E-01
40   4.19465427E-07 -1.398300E-01  0.000000E+00  3.108298E-03  4.793385E-01
41   4.39910644E-07 -1.466453E-01  0.000000E+00  3.286326E-03  4.570607E-01
42   4.61352235E-07 -1.537927E-01  0.000000E+00  3.473029E-03  4.358183E-01
43   4.83838747E-07 -1.612884E-01  0.000000E+00  3.668832E-03  4.155634E-01
44   5.07421090E-07 -1.691493E-01  0.000000E+00  3.874176E-03  3.962499E-01
45   5.32152655E-07 -1.773933E-01  0.000000E+00  4.089527E-03  3.778341E-01
46   5.58089432E-07 -1.860390E-01  0.000000E+00  4.315372E-03  3.602742E-01
47   5.85290139E-07 -1.951060E-01  0.000000E+00  4.552223E-03  3.435306E-01
48   6.13816353E-07 -2.046147E-01  0.000000E+00  4.800616E-03  3.275652E-01
49   6.43732649E-07 -2.145868E-01  0.000000E+00  5.061113E-03  3.123418E-01
50   6.75106748E-07 -2.250447E-01  0.000000E+00  5.334304E-03  2.978260E-01
51   7.08009669E-07 -2.360120E-01  0.000000E+00  5.620807E-03  2.839848E-01
52   7.42515888E-07 -2.475138E-01  0.000000E+00  5.921270E-03  2.707870E-01
53   7.78703510E-07 -2.595758E-01  0.000000E+00  6.236375E-03  2.582025E-01
54   8.16654439E-07 -2.722254E-01  0.000000E+00  6.566833E-03  2.462029E-01
55   8.56454571E-07 -2.854913E-01  0.000000E+00  6.913393E-03  2.347610E-01
56   8.98193983E-07 -2.994033E-01  0.000000E+00  7.276839E-03  2.238509E-01
57   9.41967137E-07 -3.139930E-01  0.000000E+00  7.657994E-03  2.134477E-01
58   9.87873094E-07 -3.292933E-01  0.000000E+00  8.057719E-03  2.035280E-01
59   1.03601574E-06 -3.453388E-01  0.000000E+00  8.476921E-03  1.940693E-01
60   1.08650401E-06 -3.621657E-01  0.000000E+00  8.916547E-03  1.850501E-01
61   1.13945216E-06 -3.798121E-01  0.000000E+00  9.377591E-03  1.764500E-01
62   1.19497999E-06 -3.983178E-01  0.000000E+00  9.861098E-03  1.682495E-01
63   1.25321315E-06 -4.177246E-01  0.000000E+00  1.036816E-02  1.604300E-01
64   1.31428337E-06 -4.380763E-01  0.000000E+00  1.089993E-02  1.529738E-01
65   1.37832884E-06 -4.594188E-01  0.000000E+00  1.145760E-02  1.458640E-01
66   1.44549444E-06 -4.818003E-01  0.000000E+00  1.204244E-02  1.390845E-01
67   1.51593212E-06 -5.052712E-01  0.000000E+00  1.265577E-02  1.326198E-01
68   1.58980122E-06 -5.298845E-01  0.000000E+00  1.329898E-02  1.264554E-01
69   1.66726883E-06 -5.556956E-01  0.000000E+00  1.397352E-02  1.205773E-01
70   1.74851018E-06 -5.827627E-01  0.000000E+00  1.468092E-02  1.149721E-01
71   1.83370901E-06 -6.111467E-01  0.000000E+00  1.542278E-02  1.096271E-01
72   1.92305802E-06 -6.409115E-01  0.000000E+00  1.620077E-02  1.045303E-01
73   2.01675929E-06 -6.721241E-01  0.000000E+00  1.701666E-02  9.966993E-02
74   2.11502470E-06 -7.048545E-01  0.000000E+00  1.787229E-02  9.503510E-02
75   2.21807648E-06 -7.391764E-01  0.000000E+00  1.876960E-02  9.061526E-02
76   2.32614764E-06 -7.751667E-01  0.000000E+00  1.971061E-02  8.640037E-02
77   2.43948253E-06 -8.129062E-01  0.000000E+00  2.069744E-02  8.238087E-02
78   2.55833741E-06 -8.524795E-01  0.000000E+00  2.173234E-02  7.854762E-02
79   2.68298098E-06 -8.939752E-01  0.000000E+00  2.281764E-02  7.489190E-02
80   2.81369502E-06 -9.374861E-01  0.000000E+00  2.395579E-02  7.140541E-02
81   2.95077501E-06 -9.831094E-01  0.000000E+00  2.514937E-02  6.808021E-02
82   3.09453080E-06 -1.030947E+00  0.000000E+00  2.640107E-02  6.490873E-02
83   3.24528732E-06 -1.081105E+00  0.000000E+00  2.771373E-02  6.188375E-02
84   3.40338528E-06 -1.133696E+00  0.000000E+00  2.909030E-02  5.899836E-02
85   3.56918199E-06 -1.188835E+00  0.000000E+00  3.053389E-02  5.624599E-02
86   3.74305209E-06 -1.246647E+00  0.000000E+00  3.204777E-02  5.362034E-02
87   3.92538846E-06 -1.307257E+00  0.000000E+00  3.363536E-02  5.111540E-02
88   4.11660309E-06 -1.370801E+00  0.000000E+00  3.530025E-02  4.872544E-02
89   4.31712798E-06 -1.437418E+00  0.000000E+00  3.704618E-02  4.644496E-02
90   4.52741613E-06 -1.507254E+00  0.000000E+00  3.887711E-02  4.426872E-02
91   4.74794257E-06 -1.580463E+00  0.000000E+00  4.079716E-02  4.219171E-02
92   4.97920540E-06 -1.657204E+00  0.000000E+00  4.281068E-02  4.020912E-02
93   5.22172694E-06 -1.737645E+00  0.000000E+00  4.492220E-02  3.831635E-02
94   5.47605488E-06 -1.821958E+00  0.000000E+00  4.713649E-02  3.650900E-02
95   5.74276355E-06 -1.910328E+00  0.000000E+00  4.945855E-02  3.478286E-02
96   6.02245514E-06 -2.002942E+00  0.000000E+00  5.189361E-02  3.313385E-02
97   6.31576114E-06 -2.099999E+00  0.000000E+00  5.444717E-02  3.155811E-02
98   6.62334369E-06 -2.201706E+00  0.000000E+00  5.712498E-02  3.005188E-02
99   6.94589710E-06 -2.308276E+00  0.000000E+00  5.993308E-02  2.861157E-02
100  7.28414940E-06 -2.419933E+00  0.000000E+00  6.287781E-02  2.723371E-02
101  7.63886398E-06 -2.536909E+00  0.000000E+00  6.596579E-02  2.591496E-02
102  8.01084131E-06 -2.659445E+00  0.000000E+00  6.920399E-02  2.465208E-02
103  8.40092070E-06 -2.787791E+00  0.000000E+00  7.259970E-02  2.344194E-02
104  8.80998225E-06 -2.922206E+00  0.000000E+00  7.616056E-02  2.228150E-02
105  9.23894874E-06 -3.062958E+00  0.000000E+00  7.989460E-02  2.116781E-02
106  9.68878777E-06 -3.210323E+00  0.000000E+00  8.381020E-02  2.009798E-02
107  1.01605139E-05 -3.364587E+00  0.000000E+00  8.791620E-02  1.906920E-02
108  1.06551909E-05 -3.526044E+00  0.000000E+00  9.222181E-02  1.807872E-02
109  1.11739343E-05 -3.694995E+00  0.000000E+00  9.673671E-02  1.712381E-02
110  1.17179135E-05 -3.871750E+00  0.000000E+00  1.014711E-01  1.620180E-02
111  1.22883548E-05 -4.056624E+00  0.000000E+00  1.064355E-01  1.531004E-02
112  1.28865441E-05 -4.249937E+00  0.000000E+00  1.116411E-01  1.444589E-02
113  1.35138293E-05 -4.452016E+00  0.000000E+00  1.170997E-01  1.360671E-02
114  1.41716241E-05 -4.663188E+00  0.000000E+00  1.228234E-01  1.278988E-02
115  1.48614104E-05 -4.883782E+00  0.000000E+00  1.288251E-01  1.199274E-02
116  1.55847422E-05 -5.114127E+00  0.000000E+00  1.351182E-01  1.121260E-02
117  1.63432487E-05 -5.354546E+00  0.000000E+00  1.417168E-01  1.044675E-02
118  1.71386381E-05 -5.605355E+00  0.000000E+00  1.486356E-01  9.692413E-03
119  1.79727014E-05 -5.866859E+00  0.000000E+00  1.558903E-01  8.946744E-03
120  1.88473163E-05 -6.139350E+00  0.000000E+00  1.634968E-01  8.206829E-03
121  1.97644516E-05 -6.423094E+00  0.000000E+00  1.714723E-01  7.469663E-03
122  2.07261715E-05 -6.718334E+00  0.000000E+00  1.798344E-01  6.732133E-03
123  2.17346400E-05 -7.025274E+00  0.000000E+00  1.886019E-01  5.991012E-03
124  2.27921260E-05 -7.344077E+00  0.000000E+00  1.977942E-01  5.242942E-03
125  2.39010083E-05 -7.674851E+00  0.000000E+00  2.074318E-01  4.484420E-03
126  2.50637807E-05 -8.017637E+00  0.000000E+00  2.175360E-01  3.711792E-03
127  2.62830580E-05 -8.372395E+00  0.000000E+00  2.281293E-01  2.921232E-03
128  2.75615813E-05 -8.738989E+00  0.000000E+00  2.392350E-01  2.108740E-03
129  2.89022244E-05 -9.117166E+00  0.000000E+00  2.508778E-01  1.270131E-03
130  3.03080001E-05 -9.506534E+00  0.000000E+00  2.630834E-01  4.010306E-04
131  3.17820670E-05 -9.906536E+00  0.000000E+00  2.758786E-01 -5.031292E-04
132  3.33277363E-05 -1.031642E+01  0.000000E+00  2.892916E-01 -1.447103E-03
133  3.49484795E-05 -1.073521E+01  0.000000E+00  3.033519E-01 -2.435824E-03
134  3.66479358E-05 -1.116164E+01  0.000000E+00  3.180902E-01 -3.474387E-03
135  3.84299202E-05 -1.159414E+01  0.000000E+00  3.335390E-01 -4.568020E-03
136  4.02984323E-05 -1.203078E+01  0.000000E+00  3.497318E-01 -5.722041E-03
137  4.22576645E-05 -1.246916E+01  0.000000E+00  3.667042E-01 -6.941802E-03
138  4.43120122E-05 -1.290640E+01  0.000000E+00  3.844929E-01 -8.232613E-03
139  4.64660825E-05 -1.333902E+01  0.000000E+00  4.031368E-01 -9.599629E-03
140  4.87247055E-05 -1.376282E+01  0.000000E+00  4.226764E-01 -1.104772E-02
141  5.10929439E-05 -1.417283E+01  0.000000E+00  4.431540E-01 -1.258129E-02
142  5.35761050E-05 -1.456311E+01  0.000000E+00  4.646142E-01 -1.420405E-02
143  5.61797520E-05 -1.492667E+01  0.000000E+00  4.871034E-01 -1.591559E-02
144  5.89097166E-05 -1.525522E+01  0.000000E+00  5.106706E-01 -1.775023E-02
145  6.17721113E-05 -1.553901E+01  0.000000E+00  5.353667E-01 -2.002030E-02
146  6.47733437E-05 -1.576660E+01  0.000000E+00  5.612462E-01 -1.897800E-02
147  6.79201300E-05 -1.592457E+01  0.000000E+00  5.883941E-01 -1.929796E-02
148  7.12195097E-05 -1.599723E+01  0.000000E+00  6.168168E-01 -3.791748E-02
149  7.46788618E-05 -1.600000E+01  0.000000E+00  6.464778E-01 -3.051360E-02
150  7.83059204E-05 -1.600000E+01  0.000000E+00  6.777714E-01 -2.080229E-02
151  8.21087918E-05 -1.600000E+01  0.000000E+00  7.104786E-01 -3.357337E-02
152  8.60959724E-05 -1.600000E+01  0.000000E+00  7.447477E-01 -3.532126E-02
153  9.02763674E-05 -1.600000E+01  0.000000E+00  7.806598E-01 -3.766804E-02
154  9.46593103E-05 -1.600000E+01  0.000000E+00  8.182923E-01 -4.025281E-02
155  9.92545831E-05 -1.600000E+01  0.000000E+00  8.577274E-01 -4.291922E-02
156  1.04072438E-04 -1.600000E+01  0.000000E+00  8.990510E-01 -4.567969E-02
157  1.09123620E-04 -1.600000E+01  0.000000E+00  9.423531E-01 -4.854077E-02
158  1.14419390E-04 -1.600000E+01  0.000000E+00  9.877278E-01 -5.150873E-02
159  1.19971548E-04 -1.600000E+01  0.000000E+00  1.035274E+00 -5.459005E-02
160  1.25792463E-04 -1.600000E+01  0.000000E+00  1.085095E+00 -5.779147E-02
161  1.31895096E-04 -1.600000E+01  0.000000E+00  1.137298E+00 -6.111998E-02
162  1.38293029E-04 -1.600000E+01  0.000000E+00  1.191997E+00 -6.458283E-02
163  1.45000495E-04 -1.600000E+01  0.000000E+00  1.249310E+00 -6.818756E-02
164  1.52032411E-04 -1.600000E+01  0.000000E+00  1.309362E+00 -7.194203E-02
165  1.59404405E-04 -1.600000E+01  0.000000E+00  1.372281E+00 -7.585440E-02
166  1.67132856E-04 -1.600000E+01  0.000000E+00  1.438204E+00 -7.993317E-02
167  1.75234926E-04 -1.600000E+01  0.000000E+00  1.507273E+00 -8.418718E-02
168  1.83728597E-04 -1.600000E+01  0.000000E+00  1.579636E+00 -8.862566E-02
169  1.92632712E-04 -1.600000E+01  0.000000E+00  1.655449E+00 -9.325822E-02
170  2.01967013E-04 -1.600000E+01  0.000000E+00  1.734875E+00 -9.809487E-02
171  2.11752187E-04 -1.600000E+01  0.000000E+00  1.818083E+00 -1.031461E-01
172  2.22009906E-04 -1.600000E+01  0.000000E+00  1.905252E+00 -1.084227E-01
173  2.32762879E-04 -1.600000E+01  0.000000E+00  1.996569E+00 -1.139361E-01
174  2.44034894E-04 -1.600000E+01  0.000000E+00  2.092227E+00 -1.196982E-01
175  2.55850877E-04 -1.600000E+01  0.000000E+00  2.192431E+00 -1.257214E-01
176  2.68236940E-04 -1.600000E+01  0.000000E+00  2.297393E+00 -1.320185E-01
177  2.81220437E-04 -1.600000E+01  0.000000E+00  2.407337E+00 -1.386031E-01
178  2.94830026E-04 -1.600000E+01  0.000000E+00  2.522495E+00 -1.454892E-01
179  3.09095726E-04 -1.600000E+01  0.000000E+00  2.643110E+00 -1.526915E-01
180  3.24048983E-04 -1.600000E+01  0.000000E+00  2.769437E+00 -1.602255E-01
181  3.39722739E-04 -1.600000E+01  0.000000E+00  2.901742E+00 -1.681071E-01
182  3.56151496E-04 -1.600000E+01  0.000000E+00  3.040302E+00 -1.763532E-01
183  3.73371397E-04 -1.600000E+01  0.000000E+00  3.185409E+00 -1.849811E-01
184  3.91420295E-04 -1.600000E+01  0.000000E+00  3.337364E+00 -1.940091E-01
185  4.10337839E-04 -1.600000E+01  0.000000E+00  3.496484E+00 -2.034563E-01
186  4.30165555E-04 -1.600000E+01  0.000000E+00  3.663102E+00 -2.133427E-01
187  4.50946932E-04 -1.600000E+01  0.000000E+00  3.837561E+00 -2.236891E-01
188  4.72727516E-04 -1.600000E+01  0.000000E+00  4.020222E+00 -2.345171E-01
189  4.95555007E-04 -1.600000E+01  0.000000E+00  4.211463E+00 -2.458494E-01
190  5.19479353E-04 -1.600000E+01  0.000000E+00  4.411675E+00 -2.577097E-01
191  5.44552863E-04 -1.600000E+01  0.000000E+00  4.621268E+00 -2.701228E-01
192  5.70830306E-04 -1.600000E+01  0.000000E+00  4.840671E+00 -2.831144E-01
193  5.98369036E-04 -1.600000E+01  0.000000E+00  5.070329E+00 -2.967115E-01
194  6.27229104E-04 -1.600000E+01  0.000000E+00  5.310707E+00 -3.109422E-01
195  6.57473383E-04 -1.600000E+01  0.000000E+00  5.562290E+00 -3.258359E-01
196  6.89167702E-04 -1.600000E+01  0.000000E+00  5.825584E+00 -3.414230E-01
197  7.22380979E-04 -1.600000E+01  0.000000E+00  6.101115E+00 -3.577357E-01
198  7.57185365E-04 -1.600000E+01  0.000000E+00  6.389432E+00 -3.748071E-01
199  7.93656391E-04 -1.600000E+01  0.000000E+00  6.691106E+00 -3.926721E-01
200  8.31873122E-04 -1.600000E+01  0.000000E+00  7.006732E+00 -4.113668E-01
201  8.71918322E-04 -1.600000E+01  0.000000E+00  7.336929E+00 -4.309291E-01
202  9.13878622E-04 -1.600000E+01  0.000000E+00  7.682342E+00 -4.513982E-01
203  9.57844696E-04 -1.600000E+01  0.000000E+00  8.043640E+00 -4.728153E-01
204  1.00391144E-03 -1.600000E+01  0.000000E+00  8.421521E+00 -4.952231E-01
205  1.05217818E-03 -1.600000E+01  0.000000E+00  8.816709E+00 -5.186660E-01
206  1.10274886E-03 -1.600000E+01  0.000000E+00  9.229955E+00 -5.431905E-01
207  1.15573224E-03 -1.600000E+01  0.000000E+00  9.662043E+00 -5.688448E-01
208  1.21124215E-03 -1.600000E+01  0.000000E+00  1.011378E+01 -5.956792E-01
209  1.26939768E-03 -1.600000E+01  0.000000E+00  1.058601E+01 -6.237459E-01
210  1.33032344E-03 -1.600000E+01  0.000000E+00  1.107961E+01 -6.530994E-01
211  1.39414981E-03 -1.600000E+01  0.000000E+00  1.159548E+01 -6.837961E-01
212  1.46101319E-03 -1.600000E+01  0.000000E+00  1.213456E+01 -7.158948E-01
213  1.53105627E-03 -1.600000E+01  0.000000E+00  1.269781E+01 -7.494567E-01
214  1.60442831E-03 -1.600000E+01  0.000000E+00  1.328625E+01 -7.845450E-01
215  1.68128544E-03 -1.600000E+01  0.000000E+00  1.390090E+01 -8.212258E-01
216  1.76179097E-03 -1.600000E+01  0.000000E+00  1.454285E+01 -8.595672E-01
217  1.84611571E-03 -1.600000E+01  0.000000E+00  1.521320E+01 -8.996403E-01
218  1.93443827E-03 -1.600000E+01  0.000000E+00  1.591309E+01 -9.415184E-01
219  2.02694546E-03 -1.600000E+01  0.000000E+00  1.664370E+01 -9.852779E-01
220  2.12383260E-03 -1.600000E+01  0.000000E+00  1.740624E+01 -1.030998E+00
221  2.22530395E-03 -1.600000E+01  0.000000E+00  1.820197E+01 -1.078759E+00
222  2.33157304E-03 -1.600000E+01  0.000000E+00  1.903215E+01 -1.128647E+00
223  2.44286312E-03 -1.600000E+01  0.000000E+00  1.989812E+01 -1.180748E+00
224  2.55940759E-03 -1.600000E+01  0.000000E+00  2.080121E+01 -1.235154E+00
225  2.68145040E-03 -1.600000E+01  0.000000E+00  2.174282E+01 -1.291956E+00
226  2.80924656E-03 -1.600000E+01  0.000000E+00  2.272435E+01 -1.351252E+00
227  2.94306258E-03 -1.600000E+01  0.000000E+00  2.374725E+01 -1.413140E+00
228  3.08317700E-03 -1.600000E+01  0.000000E+00  2.481299E+01 -1.477722E+00
229  3.22988087E-03 -1.600000E+01  0.000000E+00  2.592306E+01 -1.545103E+00
230  3.38347833E-03 -1.600000E+01  0.000000E+00  2.707900E+01 -1.615392E+00
231  3.54428716E-03 -1.600000E+01  0.000000E+00  2.828234E+01 -1.688698E+00
232  3.71263932E-03 -1.600000E+01  0.000000E+00  2.953463E+01 -1.765136E+00
233  3.88888163E-03 -1.600000E+01  0.000000E+00  3.083746E+01 -1.844823E+00
234  4.07337635E-03 -1.600000E+01  0.000000E+00  3.219240E+01 -1.927876E+00
235  4.26650183E-03 -1.600000E+01  0.000000E+00  3.360104E+01 -2.014418E+00
236  4.46865323E-03 -1.600000E+01  0.000000E+00  3.506496E+01 -2.104573E+00
237  4.68024318E-03 -1.600000E+01  0.000000E+00  3.658573E+01 -2.198467E+00
238  4.90170256E-03 -1.600000E+01  0.000000E+00  3.816492E+01 -2.296230E+00
239  5.13348120E-03 -1.600000E+01  0.000000E+00  3.980407E+01 -2.397990E+00
240  5.37604873E-03 -1.600000E+01  0.000000E+00  4.150467E+01 -2.503881E+00
241  5.62989539E-03 -1.600000E+01  0.000000E+00  4.326820E+01 -2.614035E+00
242  5.89553282E-03 -1.600000E+01  0.000000E+00  4.509606E+01 -2.728587E+00
243  6.17349504E-03 -1.600000E+01  0.000000E+00  4.698961E+01 -2.847672E+00
244  6.46433927E-03 -1.600000E+01  0.000000E+00  4.895011E+01 -2.971425E+00
245  6.76864693E-03 -1.600000E+01  0.000000E+00  5.097874E+01 -3.099980E+00
246  7.08702463E-03 -1.600000E+01  0.000000E+00  5.307657E+01 -3.233473E+00
247  7.42010514E-03 -1.600000E+01  0.000000E+00  5.524455E+01 -3.372035E+00
248  7.76854850E-03 -1.600000E+01  0.000000E+00  5.748348E+01 -3.515797E+00
249  8.13304305E-03 -1.600000E+01  0.000000E+00  5.979401E+01 -3.664888E+00
250  8.51430662E-03 -1.600000E+01  0.000000E+00  6.217658E+01 -3.819430E+00
251  8.91308766E-03 -1.600000E+01  0.000000E+00  6.463145E+01 -3.979544E+00
252  9.33016645E-03 -1.600000E+01  0.000000E+00  6.715862E+01 -4.145343E+00
253  9.76635638E-03 -1.600000E+01  0.000000E+00  6.975784E+01 -4.316937E+00
254  1.02225052E-02 -1.600000E+01  0.000000E+00  7.242857E+01 -4.494424E+00
255  1.06994964E-02 -1.600000E+01  0.000000E+00  7.516993E+01 -4.677896E+00
256  1.11982505E-02 -1.600000E+01  0.000000E+00  7.798071E+01 -4.867433E+00
257  1.17197267E-02 -1.600000E+01  0.000000E+00  8.085928E+01 -5.063105E+00
258  1.22649240E-02 -1.600000E+01  0.000000E+00  8.380359E+01 -5.264966E+00
259  1.28348831E-02 -1.600000E+01  0.000000E+00  8.681110E+01 -5.473058E+00
260  1.34306875E-02 -1.600000E+01  0.000000E+00  8.987878E+01 -5.687404E+00
261  1.40534657E-02 -1.600000E+01  0.000000E+00  9.300300E+01 -5.908008E+00
262  1.47043925E-02 -1.600000E+01  0.000000E+00  9.617955E+01 -6.134853E+00
263  1.53846905E-02 -1.600000E+01  0.000000E+00  9.940354E+01 -6.367900E+00
264  1.60956324E-02 -1.600000E+01  0.000000E+00  1.026694E+02 -6.607082E+00
265  1.68385427E-02 -1.600000E+01  0.000000E+00  1.059707E+02 -6.852304E+00
266  1.76147990E-02 -1.600000E+01  0.000000E+00  1.093003E+02 -7.103443E+00
267  1.84258347E-02 -1.600000E+01  0.000000E+00  1.126501E+02 -7.360337E+00
268  1.92731405E-02 -1.600000E+01  0.000000E+00  1.160112E+02 -7.622791E+00
269  2.01582667E-02 -1.600000E+01  0.000000E+00  1.193734E+02 -7.890568E+00
270  2.10828250E-02 -1.600000E+01  0.000000E+00  1.227257E+02 -8.163388E+00
271  2.20484910E-02 -1.600000E+01  0.000000E+00  1.260559E+02 -8.440924E+00
272  2.30570061E-02 -1.600000E+01  0.000000E+00  1.293506E+02 -8.722798E+00
273  2.41101799E-02 -1.600000E+01  0.000000E+00  1.325953E+02 -9.008580E+00
274  2.52098926E-02 -1.600000E+01  0.000000E+00  1.357739E+02 -9.297780E+00
275  2.63580971E-02 -1.600000E+01  0.000000E+00  1.388692E+02 -9.589848E+00
276  2.75568219E-02 -1.600000E+01  0.000000E+00  1.418626E+02 -9.884167E+00
277  2.88081731E-02 -1.600000E+01  0.000000E+00  1.447340E+02 -1.018005E+01
278  3.01143372E-02 -1.600000E+01  0.000000E+00  1.474618E+02 -1.047675E+01
279  3.14775838E-02 -1.600000E+01  0.000000E+00  1.500229E+02 -1.077341E+01
280  3.29002679E-02 -1.600000E+01  0.000000E+00  1.523927E+02 -1.106914E+01
281  3.43848332E-02 -1.600000E+01  0.000000E+00  1.545451E+02 -1.136292E+01
282  3.59338142E-02 -1.600000E+01  0.000000E+00  1.564526E+02 -1.165367E+01
283  3.75498397E-02 -1.600000E+01  0.000000E+00  1.580860E+02 -1.194022E+01
284  3.92356351E-02 -1.600000E+01  0.000000E+00  1.594148E+02 -1.222129E+01
285  4.09940258E-02 -1.600000E+01  0.000000E+00  1.604070E+02 -1.249553E+01
286  4.28279400E-02 -1.600000E+01  0.000000E+00  1.610296E+02 -1.276148E+01
287  4.47404119E-02 -1.600000E+01  0.000000E+00  1.612482E+02 -1.301757E+01
288  4.67345844E-02 -1.600000E+01  0.000000E+00  1.610274E+02 -1.326215E+01
289  4.88137127E-02 -1.600000E+01  0.000000E+00  1.603311E+02 -1.349348E+01
290  5.09811675E-02 -1.600000E+01  0.000000E+00  1.591225E+02 -1.370971E+01
291  5.32404378E-02 -1.600000E+01  0.000000E+00  1.573646E+02 -1.390891E+01
292  5.55951348E-02 -1.600000E+01  0.000000E+00  1.550202E+02 -1.408906E+01
293  5.80489947E-02 -1.600000E+01  0.000000E+00  1.520524E+02 -1.424804E+01
294  6.06058825E-02 -1.600000E+01  0.000000E+00  1.484253E+02 -1.438369E+01
295  6.32697950E-02 -1.600000E+01  0.000000E+00  1.441038E+02 -1.449377E+01
296  6.60448648E-02 -1.600000E+01  0.000000E+00  1.390546E+02 -1.457597E+01
297  6.89353632E-02 -1.600000E+01  0.000000E+00  1.332469E+02 -1.462796E+01
298  7.19457042E-02 -1.600000E+01  0.000000E+00  1.266523E+02 -1.464739E+01
299  7.50804477E-02 -1.600000E+01  0.000000E+00  1.192463E+02 -1.463188E+01
300  7.83443033E-02 -1.600000E+01  0.000000E+00  1.110085E+02 -1.457907E+01
301  8.17421339E-02 -1.600000E+01  0.000000E+00  1.019236E+02 -1.448666E+01
302  8.52789589E-02 -1.600000E+01  0.000000E+00  9.198213E+01 -1.435237E+01
303  8.89599585E-02 -1.600000E+01  0.000000E+00  8.118144E+01 -1.417405E+01
304  9.27904768E-02 -1.600000E+01  0.000000E+00  6.952658E+01 -1.394963E+01
305  9.67760256E-02 -1.600000E+01  0.000000E+00  5.703125E+01 -1.367724E+01
306  1.00922288E-01 -1.600000E+01  0.000000E+00  4.371877E+01 -1.335517E+01
307  1.05235122E-01 -1.600000E+01  0.000000E+00  2.962305E+01 -1.298194E+01
308  1.09720565E-01 -1.600000E+01  0.000000E+00  1.478959E+01 -1.255637E+01
309  1.14384835E-01 -1.600000E+01  0.000000E+00 -7.236153E-01 -1.207756E+01
310  1.19234338E-01 -1.600000E+01  0.000000E+00 -1.684516E+01 -1.154499E+01
311  1.24275667E-01 -1.600000E+01  0.000000E+00 -3.348947E+01 -1.095855E+01
312  1.29515610E-01 -1.600000E+01  0.000000E+00 -5.055603E+01 -1.031859E+01
313  1.34961150E-01 -1.600000E+01  0.000000E+00 -6.792890E+01 -9.625942E+00
314  1.40619470E-01 -1.600000E+01  0.000000E+00 -8.547628E+01 -8.882004E+00
315  1.46497959E-01 -1.600000E+01  0.000000E+00 -1.030503E+02 -8.088763E+00
316  1.52604209E-01 -1.600000E+01  0.000000E+00 -1.204873E+02 -7.248843E+00
317  1.58946024E-01 -1.600000E+01  0.000000E+00 -1.376078E+02 -6.365541E+00
318  1.65531421E-01 -1.600000E+01  0.000000E+00 -1.542176E+02 -5.442866E+00
319  1.72368635E-01 -1.600000E+01  0.000000E+00 -1.701087E+02 -4.485557E+00
320  1.79466117E-01 -1.600000E+01  0.000000E+00 -1.850607E+02 -3.499107E+00
321  1.86832545E-01 -1.600000E+01  0.000000E+00 -1.988429E+02 -2.489773E+00
322  1.94476821E-01 -1.600000E+01  0.000000E+00 -2.112167E+02 -1.464570E+00
323  2.02408074E-01 -1.600000E+01  0.000000E+00 -2.219386E+02 -4.312558E-01
324  2.10635667E-01 -1.600000E+01  0.000000E+00 -2.307636E+02  6.016944E-01
325  2.19169195E-01 -1.600000E+01  0.000000E+00 -2.374493E+02  1.625138E+00
326  2.28018492E-01 -1.600000E+01  0.000000E+00 -2.417606E+02  2.629326E+00
327  2.37193628E-01 -1.600000E+01  0.000000E+00 -2.434749E+02  3.603986E+00
328  2.46704918E-01 -1.600000E+01  0.000000E+00 -2.423875E+02  4.538425E+00
329  2.56562917E-01 -1.600000E+01  0.000000E+00 -2.383177E+02  5.421649E+00
330  2.66778429E-01 -1.600000E+01  0.000000E+00 -2.311155E+02  6.242509E+00
331  2.77362504E-01 -1.600000E+01  0.000000E+00 -2.206681E+02  6.989865E+00
332  2.88326442E-01 -1.600000E+01  0.000000E+00 -2.069068E+02  7.652769E+00
333  2.99681795E-01 -1.600000E+01  0.000000E+00 -1.898135E+02  8.220669E+00
334  3.11440366E-01 -1.600000E+01  0.000000E+00 -1.694278E+02  8.683628E+00
335  3.23614214E-01 -1.600000E+01  0.000000E+00 -1.458527E+02  9.032559E+00
336  3.36215652E-01 -1.600000E+01  0.000000E+00 -1.192604E+02  9.259468E+00
337  3.49257251E-01 -1.600000E+01  0.000000E+00 -8.989646E+01  9.357704E+00
338  3.62751839E-01 -1.600000E+01  0.000000E+00 -5.808359E+01  9.322207E+00
339  3.76712501E-01 -1.600000E+01  0.000000E+00 -2.422311E+01  9.149759E+00
340  3.91152581E-01 -1.600000E+01  0.000000E+00  1.120482E+01  8.839207E+00
341  4.06085683E-01 -1.600000E+01  0.000000E+00  4.764330E+01  8.391680E+00
342  4.21525670E-01 -1.600000E+01  0.000000E+00  8.446306E+01  7.810770E+00
343  4.37486663E-01 -1.600000E+01  0.000000E+00  1.209694E+02  7.102673E+00
344  4.53983044E-01 -1.600000E+01  0.000000E+00  1.564121E+02  6.276291E+00
345  4.71029453E-01 -1.600000E+01  0.000000E+00  1.899979E+02  5.343272E+00
346  4.88640787E-01 -1.600000E+01  0.000000E+00  2.209059E+02  4.317988E+00
347  5.06832203E-01 -1.600000E+01  0.000000E+00  2.483067E+02  3.217441E+00
348  5.25619113E-01 -1.600000E+01  0.000000E+00  2.713829E+02  2.061094E+00
349  5.45017185E-01 -1.600000E+01  0.000000E+00  2.893531E+02  8.706162E-01
350  5.65042341E-01 -1.600000E+01  0.000000E+00  3.014975E+02 -3.304604E-01
351  5.85710756E-01 -1.600000E+01  0.000000E+00  3.071849E+02 -1.517163E+00
352  6.07038858E-01 -1.600000E+01  0.000000E+00  3.059002E+02 -2.663590E+00
353  6.29043321E-01 -1.600000E+01  0.000000E+00  2.972725E+02 -3.743495E+00
354  6.51741070E-01 -1.600000E+01  0.000000E+00  2.811006E+02 -4.730946E+00
355  6.75149272E-01 -1.600000E+01  0.000000E+00  2.573778E+02 -5.601034E+00
356  6.99285339E-01 -1.600000E+01  0.000000E+00  2.263114E+02 -6.330619E+00
357  7.24166923E-01 -1.600000E+01  0.000000E+00  1.883387E+02 -6.899098E+00
358  7.49811913E-01 -1.600000E+01  0.000000E+00  1.441366E+02 -7.289167E+00
359  7.76238432E-01 -1.600000E+01  0.000000E+00  9.462284E+01 -7.487542E+00
360  8.03464836E-01 -1.600000E+01  0.000000E+00  4.095034E+01 -7.485625E+00
361  8.31509709E-01 -1.600000E+01  0.000000E+00 -1.550893E+01 -7.280078E+00
362  8.60391861E-01 -1.600000E+01  0.000000E+00 -7.318956E+01 -6.873265E+00
363  8.90130320E-01 -1.600000E+01  0.000000E+00 -1.303688E+02 -6.273548E+00
364  9.20744335E-01 -1.600000E+01  0.000000E+00 -1.852126E+02 -5.495401E+00
365  9.52253369E-01 -1.600000E+01  0.000000E+00 -2.358315E+02 -4.559322E+00
366  9.84677094E-01 -1.600000E+01  0.000000E+00 -2.803447E+02 -3.491521E+00
367  1.01803539E+00 -1.600000E+01  0.000000E+00 -3.169510E+02 -2.323379E+00
368  1.05234833E+00 -1.600000E+01  0.000000E+00 -3.440047E+02 -1.090676E+00
369  1.08763619E+00 -1.600000E+01  0.000000E+00 -3.600921E+02  1.674058E-01
370  1.12391945E+00 -1.600000E+01  0.000000E+00 -3.641082E+02  1.409482E+00
371  1.16121875E+00 -1.600000E+01  0.000000E+00 -3.553274E+02  2.593346E+00
372  1.19955495E+00 -1.600000E+01  0.000000E+00 -3.334653E+02  3.677471E+00
373  1.23894906E+00 -1.600000E+01  0.000000E+00 -2.987279E+02  4.622607E+00
374  1.27942227E+00 -1.600000E+01  0.000000E+00 -2.518447E+02  5.393390E+00
375  1.32099595E+00 -1.600000E+01  0.000000E+00 -1.940805E+02  5.959899E+00
376  1.36369161E+00 -1.600000E+01  0.000000E+00 -1.272259E+02  6.299104E+00
377  1.40753095E+00 -1.600000E+01  0.000000E+00 -5.356081E+01  6.396109E+00
378  1.45253579E+00 -1.600000E+01  0.000000E+00  2.420640E+01  6.245130E+00
379  1.49872812E+00 -1.600000E+01  0.000000E+00  1.030267E+02  5.850143E+00
380  1.54613008E+00 -1.600000E+01  0.000000E+00  1.796222E+02  5.225134E+00
381  1.59476391E+00 -1.600000E+01  0.000000E+00  2.506190E+02  4.393927E+00
382  1.64465203E+00 -1.600000E+01  0.000000E+00  3.126966E+02  3.389552E+00
383  1.69581694E+00 -1.600000E+01  0.000000E+00  3.627484E+02  2.253159E+00
384  1.74828128E+00 -1.600000E+01  0.000000E+00  3.980444E+02  1.032491E+00
385  1.80206782E+00 -1.600000E+01  0.000000E+00  4.163898E+02 -2.200235E-01
386  1.85719943E+00 -1.600000E+01  0.000000E+00  4.162687E+02 -1.449510E+00
387  1.91369906E+00 -1.600000E+01  0.000000E+00  3.969650E+02 -2.601107E+00
388  1.97158979E+00 -1.600000E+01  0.000000E+00  3.586518E+02 -3.622549E+00
389  2.03089477E+00 -1.600000E+01  0.000000E+00  3.024400E+02 -4.466732E+00
390  2.09163726E+00 -1.600000E+01  0.000000E+00  2.303821E+02 -5.094143E+00
391  2.15384058E+00 -1.600000E+01  0.000000E+00  1.454254E+02 -5.475007E+00
392  2.21752814E+00 -1.600000E+01  0.000000E+00  5.131287E+01 -5.591021E+00
393  2.28272341E+00 -1.600000E+01  0.000000E+00 -4.756570E+01 -5.436567E+00
394  2.34944994E+00 -1.600000E+01  0.000000E+00 -1.463689E+02 -5.019310E+00
395  2.41773131E+00 -1.600000E+01  0.000000E+00 -2.400373E+02 -4.360114E+00
396  2.48759118E+00 -1.600000E+01  0.000000E+00 -3.235550E+02 -3.492250E+00
397  2.55905326E+00 -1.600000E+01  0.000000E+00 -3.922254E+02 -2.459920E+00
398  2.63214128E+00 -1.600000E+01  0.000000E+00 -4.419462E+02 -1.317057E+00
399  2.70687904E+00 -1.600000E+01  0.000000E+00 -1.474376E+03 -3.707279E-01
