#      n = 10
#  kappa = -1
# energy = -7.86349062E+01
#     vc = -8.46469909E+08


0    4.16666667E-08 -1.772166E-02  0.000000E+00 -0.000000E+00  9.296694E+00
1    4.36977938E-08 -1.858554E-02  0.000000E+00  6.689060E-05  9.296694E+00
2    4.58279267E-08 -1.949153E-02  0.000000E+00  1.370417E-04  8.864569E+00
3    4.80618909E-08 -2.044168E-02  0.000000E+00  2.106123E-04  8.452535E+00
4    5.04047471E-08 -2.143814E-02  0.000000E+00  2.877690E-04  8.059654E+00
5    5.28618026E-08 -2.248318E-02  0.000000E+00  3.686866E-04  7.685035E+00
6    5.54386235E-08 -2.357915E-02  0.000000E+00  4.535484E-04  7.327830E+00
7    5.81410468E-08 -2.472855E-02  0.000000E+00  5.425467E-04  6.987229E+00
8    6.09751944E-08 -2.593396E-02  0.000000E+00  6.358829E-04  6.662460E+00
9    6.39474861E-08 -2.719814E-02  0.000000E+00  7.337687E-04  6.352788E+00
10   6.70646548E-08 -2.852393E-02  0.000000E+00  8.364256E-04  6.057510E+00
11   7.03337615E-08 -2.991435E-02  0.000000E+00  9.440863E-04  5.775957E+00
12   7.37622110E-08 -3.137253E-02  0.000000E+00  1.056995E-03  5.507492E+00
13   7.73577694E-08 -3.290180E-02  0.000000E+00  1.175406E-03  5.251506E+00
14   8.11285807E-08 -3.450560E-02  0.000000E+00  1.299589E-03  5.007419E+00
15   8.50831862E-08 -3.618757E-02  0.000000E+00  1.429825E-03  4.774677E+00
16   8.92305431E-08 -3.795152E-02  0.000000E+00  1.566409E-03  4.552754E+00
17   9.35800452E-08 -3.980145E-02  0.000000E+00  1.709650E-03  4.341147E+00
18   9.81415440E-08 -4.174154E-02  0.000000E+00  1.859873E-03  4.139376E+00
19   1.02925371E-07 -4.377620E-02  0.000000E+00  2.017417E-03  3.946983E+00
20   1.07942361E-07 -4.591002E-02  0.000000E+00  2.182641E-03  3.763534E+00
21   1.13203876E-07 -4.814784E-02  0.000000E+00  2.355917E-03  3.588611E+00
22   1.18721834E-07 -5.049474E-02  0.000000E+00  2.537638E-03  3.421819E+00
23   1.24508732E-07 -5.295601E-02  0.000000E+00  2.728217E-03  3.262780E+00
24   1.30577674E-07 -5.553725E-02  0.000000E+00  2.928084E-03  3.111134E+00
25   1.36942407E-07 -5.824429E-02  0.000000E+00  3.137692E-03  2.966536E+00
26   1.43617343E-07 -6.108327E-02  0.000000E+00  3.357516E-03  2.828660E+00
27   1.50617599E-07 -6.406061E-02  0.000000E+00  3.588053E-03  2.697192E+00
28   1.57959028E-07 -6.718305E-02  0.000000E+00  3.829827E-03  2.571835E+00
29   1.65658256E-07 -7.045768E-02  0.000000E+00  4.083383E-03  2.452305E+00
30   1.73732716E-07 -7.389189E-02  0.000000E+00  4.349297E-03  2.338330E+00
31   1.82200694E-07 -7.749348E-02  0.000000E+00  4.628171E-03  2.229654E+00
32   1.91081365E-07 -8.127058E-02  0.000000E+00  4.920636E-03  2.126028E+00
33   2.00394838E-07 -8.523177E-02  0.000000E+00  5.227354E-03  2.027220E+00
34   2.10162202E-07 -8.938600E-02  0.000000E+00  5.549020E-03  1.933004E+00
35   2.20405573E-07 -9.374268E-02  0.000000E+00  5.886362E-03  1.843167E+00
36   2.31148144E-07 -9.831168E-02  0.000000E+00  6.240144E-03  1.757506E+00
37   2.42414239E-07 -1.031033E-01  0.000000E+00  6.611167E-03  1.675826E+00
38   2.54229367E-07 -1.081285E-01  0.000000E+00  7.000271E-03  1.597943E+00
39   2.66620276E-07 -1.133986E-01  0.000000E+00  7.408338E-03  1.523680E+00
40   2.79615022E-07 -1.189254E-01  0.000000E+00  7.836290E-03  1.452868E+00
41   2.93243023E-07 -1.247216E-01  0.000000E+00  8.285097E-03  1.385348E+00
42   3.07535133E-07 -1.308003E-01  0.000000E+00  8.755775E-03  1.320966E+00
43   3.22523708E-07 -1.371751E-01  0.000000E+00  9.249389E-03  1.259577E+00
44   3.38242677E-07 -1.438606E-01  0.000000E+00  9.767057E-03  1.201041E+00
45   3.54727626E-07 -1.508719E-01  0.000000E+00  1.030995E-02  1.145225E+00
46   3.72015871E-07 -1.582248E-01  0.000000E+00  1.087930E-02  1.092004E+00
47   3.90146547E-07 -1.659359E-01  0.000000E+00  1.147639E-02  1.041256E+00
48   4.09160692E-07 -1.740229E-01  0.000000E+00  1.210258E-02  9.928672E-01
49   4.29101346E-07 -1.825038E-01  0.000000E+00  1.275928E-02  9.467271E-01
50   4.50013643E-07 -1.913980E-01  0.000000E+00  1.344798E-02  9.027315E-01
51   4.71944914E-07 -2.007255E-01  0.000000E+00  1.417023E-02  8.607806E-01
52   4.94944797E-07 -2.105075E-01  0.000000E+00  1.492768E-02  8.207793E-01
53   5.19065345E-07 -2.207661E-01  0.000000E+00  1.572203E-02  7.826372E-01
54   5.44361146E-07 -2.315245E-01  0.000000E+00  1.655509E-02  7.462677E-01
55   5.70889447E-07 -2.428070E-01  0.000000E+00  1.742874E-02  7.115884E-01
56   5.98710281E-07 -2.546392E-01  0.000000E+00  1.834495E-02  6.785208E-01
57   6.27886602E-07 -2.670478E-01  0.000000E+00  1.930580E-02  6.469899E-01
58   6.58484434E-07 -2.800609E-01  0.000000E+00  2.031347E-02  6.169242E-01
59   6.90573009E-07 -2.937080E-01  0.000000E+00  2.137023E-02  5.882558E-01
60   7.24224933E-07 -3.080198E-01  0.000000E+00  2.247848E-02  5.609195E-01
61   7.59516347E-07 -3.230288E-01  0.000000E+00  2.364071E-02  5.348535E-01
62   7.96527096E-07 -3.387689E-01  0.000000E+00  2.485957E-02  5.099986E-01
63   8.35340912E-07 -3.552756E-01  0.000000E+00  2.613781E-02  4.862986E-01
64   8.76045604E-07 -3.725864E-01  0.000000E+00  2.747832E-02  4.636998E-01
65   9.18733254E-07 -3.907403E-01  0.000000E+00  2.888413E-02  4.421509E-01
66   9.63500424E-07 -4.097783E-01  0.000000E+00  3.035843E-02  4.216031E-01
67   1.01044838E-06 -4.297435E-01  0.000000E+00  3.190454E-02  4.020099E-01
68   1.05968331E-06 -4.506809E-01  0.000000E+00  3.352597E-02  3.833268E-01
69   1.11131657E-06 -4.726380E-01  0.000000E+00  3.522638E-02  3.655114E-01
70   1.16546494E-06 -4.956642E-01  0.000000E+00  3.700961E-02  3.485235E-01
71   1.22225088E-06 -5.198116E-01  0.000000E+00  3.887971E-02  3.323244E-01
72   1.28180281E-06 -5.451347E-01  0.000000E+00  4.084090E-02  3.168775E-01
73   1.34425540E-06 -5.716906E-01  0.000000E+00  4.289760E-02  3.021478E-01
74   1.40974986E-06 -5.995393E-01  0.000000E+00  4.505449E-02  2.881017E-01
75   1.47843428E-06 -6.287437E-01  0.000000E+00  4.731642E-02  2.747075E-01
76   1.55046396E-06 -6.593695E-01  0.000000E+00  4.968852E-02  2.619348E-01
77   1.62600173E-06 -6.914860E-01  0.000000E+00  5.217614E-02  2.497546E-01
78   1.70521838E-06 -7.251653E-01  0.000000E+00  5.478491E-02  2.381392E-01
79   1.78829297E-06 -7.604836E-01  0.000000E+00  5.752072E-02  2.270623E-01
80   1.87541329E-06 -7.975202E-01  0.000000E+00  6.038977E-02  2.164987E-01
81   1.96677626E-06 -8.363587E-01  0.000000E+00  6.339853E-02  2.064244E-01
82   2.06258836E-06 -8.770864E-01  0.000000E+00  6.655380E-02  1.968166E-01
83   2.16306613E-06 -9.197950E-01  0.000000E+00  6.986271E-02  1.876533E-01
84   2.26843665E-06 -9.645804E-01  0.000000E+00  7.333274E-02  1.789137E-01
85   2.37893800E-06 -1.011543E+00  0.000000E+00  7.697172E-02  1.705780E-01
86   2.49481987E-06 -1.060789E+00  0.000000E+00  8.078788E-02  1.626270E-01
87   2.61634408E-06 -1.112429E+00  0.000000E+00  8.478984E-02  1.550427E-01
88   2.74378518E-06 -1.166578E+00  0.000000E+00  8.898663E-02  1.478078E-01
89   2.87743105E-06 -1.223357E+00  0.000000E+00  9.338774E-02  1.409056E-01
90   3.01758360E-06 -1.282895E+00  0.000000E+00  9.800310E-02  1.343205E-01
91   3.16455936E-06 -1.345323E+00  0.000000E+00  1.028431E-01  1.280373E-01
92   3.31869029E-06 -1.410782E+00  0.000000E+00  1.079188E-01  1.220415E-01
93   3.48032446E-06 -1.479417E+00  0.000000E+00  1.132414E-01  1.163194E-01
94   3.64982686E-06 -1.551382E+00  0.000000E+00  1.188232E-01  1.108577E-01
95   3.82758020E-06 -1.626837E+00  0.000000E+00  1.246766E-01  1.056438E-01
96   4.01398580E-06 -1.705949E+00  0.000000E+00  1.308149E-01  1.006656E-01
97   4.20946448E-06 -1.788893E+00  0.000000E+00  1.372519E-01  9.591140E-02
98   4.41445749E-06 -1.875855E+00  0.000000E+00  1.440021E-01  9.137018E-02
99   4.62942750E-06 -1.967025E+00  0.000000E+00  1.510808E-01  8.703119E-02
100  4.85485967E-06 -2.062604E+00  0.000000E+00  1.585039E-01  8.288418E-02
101  5.09126272E-06 -2.162804E+00  0.000000E+00  1.662882E-01  7.891926E-02
102  5.33917007E-06 -2.267844E+00  0.000000E+00  1.744512E-01  7.512691E-02
103  5.59914104E-06 -2.377953E+00  0.000000E+00  1.830112E-01  7.149796E-02
104  5.87176208E-06 -2.493372E+00  0.000000E+00  1.919877E-01  6.802354E-02
105  6.15764815E-06 -2.614351E+00  0.000000E+00  2.014008E-01  6.469505E-02
106  6.45744404E-06 -2.741152E+00  0.000000E+00  2.112716E-01  6.150420E-02
107  6.77182582E-06 -2.874048E+00  0.000000E+00  2.216225E-01  5.844288E-02
108  7.10150238E-06 -3.013324E+00  0.000000E+00  2.324767E-01  5.550321E-02
109  7.44721702E-06 -3.159277E+00  0.000000E+00  2.438586E-01  5.267751E-02
110  7.80974909E-06 -3.312216E+00  0.000000E+00  2.557939E-01  4.995824E-02
111  8.18991574E-06 -3.472464E+00  0.000000E+00  2.683093E-01  4.733797E-02
112  8.58857377E-06 -3.640355E+00  0.000000E+00  2.814331E-01  4.480942E-02
113  9.00662153E-06 -3.816238E+00  0.000000E+00  2.951946E-01  4.236533E-02
114  9.44500094E-06 -4.000474E+00  0.000000E+00  3.096248E-01  3.999852E-02
115  9.90469958E-06 -4.193438E+00  0.000000E+00  3.247561E-01  3.770181E-02
116  1.03867529E-05 -4.395519E+00  0.000000E+00  3.406224E-01  3.546801E-02
117  1.08922466E-05 -4.607118E+00  0.000000E+00  3.572593E-01  3.328988E-02
118  1.14223189E-05 -4.828650E+00  0.000000E+00  3.747042E-01  3.116009E-02
119  1.19781634E-05 -5.060543E+00  0.000000E+00  3.929960E-01  2.907119E-02
120  1.25610311E-05 -5.303238E+00  0.000000E+00  4.121757E-01  2.701558E-02
121  1.31722341E-05 -5.557187E+00  0.000000E+00  4.322861E-01  2.498545E-02
122  1.38131478E-05 -5.822852E+00  0.000000E+00  4.533724E-01  2.297277E-02
123  1.44852142E-05 -6.100707E+00  0.000000E+00  4.754814E-01  2.096920E-02
124  1.51899452E-05 -6.391230E+00  0.000000E+00  4.986627E-01  1.896609E-02
125  1.59289260E-05 -6.694911E+00  0.000000E+00  5.229677E-01  1.695440E-02
126  1.67038182E-05 -7.012238E+00  0.000000E+00  5.484507E-01  1.492465E-02
127  1.75163642E-05 -7.343706E+00  0.000000E+00  5.751683E-01  1.286689E-02
128  1.83683906E-05 -7.689803E+00  0.000000E+00  6.031798E-01  1.077060E-02
129  1.92618123E-05 -8.051013E+00  0.000000E+00  6.325475E-01  8.624673E-03
130  2.01986368E-05 -8.427809E+00  0.000000E+00  6.633363E-01  6.417306E-03
131  2.11809688E-05 -8.820646E+00  0.000000E+00  6.956143E-01  4.135970E-03
132  2.22110148E-05 -9.229955E+00  0.000000E+00  7.294529E-01  1.767318E-03
133  2.32910879E-05 -9.656136E+00  0.000000E+00  7.649266E-01 -7.028770E-04
134  2.44236130E-05 -1.009955E+01  0.000000E+00  8.021134E-01 -3.289803E-03
135  2.56111323E-05 -1.056049E+01  0.000000E+00  8.410950E-01 -6.009677E-03
136  2.68563107E-05 -1.103921E+01  0.000000E+00  8.819569E-01 -8.879824E-03
137  2.81619418E-05 -1.153585E+01  0.000000E+00  9.247882E-01 -1.191875E-02
138  2.95309544E-05 -1.205048E+01  0.000000E+00  9.696825E-01 -1.514620E-02
139  3.09664184E-05 -1.258302E+01  0.000000E+00  1.016737E+00 -1.858324E-02
140  3.24715520E-05 -1.313327E+01  0.000000E+00  1.066054E+00 -2.225230E-02
141  3.40497289E-05 -1.370083E+01  0.000000E+00  1.117741E+00 -2.617720E-02
142  3.57044852E-05 -1.428511E+01  0.000000E+00  1.171908E+00 -3.038320E-02
143  3.74395280E-05 -1.488527E+01  0.000000E+00  1.228672E+00 -3.489699E-02
144  3.92587429E-05 -1.550015E+01  0.000000E+00  1.288154E+00 -3.974662E-02
145  4.11662029E-05 -1.612829E+01  0.000000E+00  1.350481E+00 -4.496148E-02
146  4.31661774E-05 -1.676777E+01  0.000000E+00  1.415787E+00 -5.057212E-02
147  4.52631415E-05 -1.741624E+01  0.000000E+00  1.484208E+00 -5.661008E-02
148  4.74617858E-05 -1.807075E+01  0.000000E+00  1.555890E+00 -6.310759E-02
149  4.97670270E-05 -1.872772E+01  0.000000E+00  1.630983E+00 -7.009716E-02
150  5.21840183E-05 -1.938279E+01  0.000000E+00  1.709646E+00 -7.761109E-02
151  5.47181610E-05 -2.003071E+01  0.000000E+00  1.792041E+00 -8.568070E-02
152  5.73751165E-05 -2.066519E+01  0.000000E+00  1.878342E+00 -9.433546E-02
153  6.01608183E-05 -2.127874E+01  0.000000E+00  1.968728E+00 -1.036018E-01
154  6.30814852E-05 -2.186244E+01  0.000000E+00  2.063387E+00 -1.135015E-01
155  6.61436351E-05 -2.240576E+01  0.000000E+00  2.162517E+00 -1.240397E-01
156  6.93540991E-05 -2.289626E+01  0.000000E+00  2.266324E+00 -1.353344E-01
157  7.27200364E-05 -2.331931E+01  0.000000E+00  2.375025E+00 -1.483953E-01
158  7.62489499E-05 -2.365772E+01  0.000000E+00  2.488853E+00 -1.505820E-01
159  7.99487029E-05 -2.389135E+01  0.000000E+00  2.608187E+00 -1.601817E-01
160  8.38275359E-05 -2.399668E+01  0.000000E+00  2.733000E+00 -2.243297E-01
161  8.78940846E-05 -2.400000E+01  0.000000E+00  2.863189E+00 -2.065276E-01
162  9.21573989E-05 -2.400000E+01  0.000000E+00  3.000469E+00 -1.852581E-01
163  9.66269625E-05 -2.400000E+01  0.000000E+00  3.143837E+00 -2.327612E-01
164  1.01312713E-04 -2.400000E+01  0.000000E+00  3.293957E+00 -2.458279E-01
165  1.06225065E-04 -2.400000E+01  0.000000E+00  3.451171E+00 -2.613627E-01
166  1.11374931E-04 -2.400000E+01  0.000000E+00  3.615808E+00 -2.779159E-01
167  1.16773745E-04 -2.400000E+01  0.000000E+00  3.788216E+00 -2.950425E-01
168  1.22433489E-04 -2.400000E+01  0.000000E+00  3.968761E+00 -3.128026E-01
169  1.28366717E-04 -2.400000E+01  0.000000E+00  4.157822E+00 -3.312354E-01
170  1.34586583E-04 -2.400000E+01  0.000000E+00  4.355799E+00 -3.503801E-01
171  1.41106870E-04 -2.400000E+01  0.000000E+00  4.563108E+00 -3.702773E-01
172  1.47942018E-04 -2.400000E+01  0.000000E+00  4.780185E+00 -3.909693E-01
173  1.55107156E-04 -2.400000E+01  0.000000E+00  5.007486E+00 -4.125000E-01
174  1.62618136E-04 -2.400000E+01  0.000000E+00  5.245486E+00 -4.349148E-01
175  1.70491564E-04 -2.400000E+01  0.000000E+00  5.494683E+00 -4.582612E-01
176  1.78744837E-04 -2.400000E+01  0.000000E+00  5.755598E+00 -4.825884E-01
177  1.87396181E-04 -2.400000E+01  0.000000E+00  6.028773E+00 -5.079477E-01
178  1.96464690E-04 -2.400000E+01  0.000000E+00  6.314777E+00 -5.343924E-01
179  2.05970363E-04 -2.400000E+01  0.000000E+00  6.614204E+00 -5.619780E-01
180  2.15934154E-04 -2.400000E+01  0.000000E+00  6.927673E+00 -5.907624E-01
181  2.26378009E-04 -2.400000E+01  0.000000E+00  7.255832E+00 -6.208057E-01
182  2.37324916E-04 -2.400000E+01  0.000000E+00  7.599358E+00 -6.521708E-01
183  2.48798956E-04 -2.400000E+01  0.000000E+00  7.958956E+00 -6.849229E-01
184  2.60825348E-04 -2.400000E+01  0.000000E+00  8.335365E+00 -7.191303E-01
185  2.73430510E-04 -2.400000E+01  0.000000E+00  8.729355E+00 -7.548640E-01
186  2.86642107E-04 -2.400000E+01  0.000000E+00  9.141729E+00 -7.921979E-01
187  3.00489114E-04 -2.400000E+01  0.000000E+00  9.573327E+00 -8.312094E-01
188  3.15001878E-04 -2.400000E+01  0.000000E+00  1.002502E+01 -8.719787E-01
189  3.30212177E-04 -2.400000E+01  0.000000E+00  1.049773E+01 -9.145899E-01
190  3.46153291E-04 -2.400000E+01  0.000000E+00  1.099241E+01 -9.591305E-01
191  3.62860068E-04 -2.400000E+01  0.000000E+00  1.151004E+01 -1.005691E+00
192  3.80369001E-04 -2.400000E+01  0.000000E+00  1.205167E+01 -1.054368E+00
193  3.98718299E-04 -2.400000E+01  0.000000E+00  1.261837E+01 -1.105259E+00
194  4.17947972E-04 -2.400000E+01  0.000000E+00  1.321128E+01 -1.158469E+00
195  4.38099909E-04 -2.400000E+01  0.000000E+00  1.383156E+01 -1.214104E+00
196  4.59217968E-04 -2.400000E+01  0.000000E+00  1.448044E+01 -1.272277E+00
197  4.81348065E-04 -2.400000E+01  0.000000E+00  1.515919E+01 -1.333105E+00
198  5.04538269E-04 -2.400000E+01  0.000000E+00  1.586913E+01 -1.396710E+00
199  5.28838901E-04 -2.400000E+01  0.000000E+00  1.661165E+01 -1.463219E+00
200  5.54302640E-04 -2.400000E+01  0.000000E+00  1.738817E+01 -1.532765E+00
201  5.80984624E-04 -2.400000E+01  0.000000E+00  1.820021E+01 -1.605485E+00
202  6.08942570E-04 -2.400000E+01  0.000000E+00  1.904930E+01 -1.681523E+00
203  6.38236887E-04 -2.400000E+01  0.000000E+00  1.993706E+01 -1.761029E+00
204  6.68930802E-04 -2.400000E+01  0.000000E+00  2.086517E+01 -1.844158E+00
205  7.01090484E-04 -2.400000E+01  0.000000E+00  2.183537E+01 -1.931072E+00
206  7.34785183E-04 -2.400000E+01  0.000000E+00  2.284948E+01 -2.021941E+00
207  7.70087363E-04 -2.400000E+01  0.000000E+00  2.390937E+01 -2.116939E+00
208  8.07072856E-04 -2.400000E+01  0.000000E+00  2.501698E+01 -2.216249E+00
209  8.45821007E-04 -2.400000E+01  0.000000E+00  2.617435E+01 -2.320060E+00
210  8.86414834E-04 -2.400000E+01  0.000000E+00  2.738357E+01 -2.428571E+00
211  9.28941198E-04 -2.400000E+01  0.000000E+00  2.864679E+01 -2.541985E+00
212  9.73490969E-04 -2.400000E+01  0.000000E+00  2.996628E+01 -2.660516E+00
213  1.02015921E-03 -2.400000E+01  0.000000E+00  3.134435E+01 -2.784385E+00
214  1.06904537E-03 -2.400000E+01  0.000000E+00  3.278341E+01 -2.913821E+00
215  1.12025345E-03 -2.400000E+01  0.000000E+00  3.428594E+01 -3.049063E+00
216  1.17389227E-03 -2.400000E+01  0.000000E+00  3.585450E+01 -3.190357E+00
217  1.23007561E-03 -2.400000E+01  0.000000E+00  3.749173E+01 -3.337958E+00
218  1.28892247E-03 -2.400000E+01  0.000000E+00  3.920037E+01 -3.492134E+00
219  1.35055731E-03 -2.400000E+01  0.000000E+00  4.098323E+01 -3.653157E+00
220  1.41511025E-03 -2.400000E+01  0.000000E+00  4.284318E+01 -3.821312E+00
221  1.48271736E-03 -2.400000E+01  0.000000E+00  4.478320E+01 -3.996894E+00
222  1.55352091E-03 -2.400000E+01  0.000000E+00  4.680635E+01 -4.180206E+00
223  1.62766964E-03 -2.400000E+01  0.000000E+00  4.891575E+01 -4.371562E+00
224  1.70531902E-03 -2.400000E+01  0.000000E+00  5.111460E+01 -4.571287E+00
225  1.78663159E-03 -2.400000E+01  0.000000E+00  5.340618E+01 -4.779714E+00
226  1.87177723E-03 -2.400000E+01  0.000000E+00  5.579385E+01 -4.997190E+00
227  1.96093350E-03 -2.400000E+01  0.000000E+00  5.828102E+01 -5.224068E+00
228  2.05428596E-03 -2.400000E+01  0.000000E+00  6.087117E+01 -5.460715E+00
229  2.15202851E-03 -2.400000E+01  0.000000E+00  6.356783E+01 -5.707505E+00
230  2.25436377E-03 -2.400000E+01  0.000000E+00  6.637460E+01 -5.964826E+00
231  2.36150344E-03 -2.400000E+01  0.000000E+00  6.929510E+01 -6.233072E+00
232  2.47366869E-03 -2.400000E+01  0.000000E+00  7.233299E+01 -6.512650E+00
233  2.59109055E-03 -2.400000E+01  0.000000E+00  7.549198E+01 -6.803974E+00
234  2.71401038E-03 -2.400000E+01  0.000000E+00  7.877575E+01 -7.107469E+00
235  2.84268023E-03 -2.400000E+01  0.000000E+00  8.218802E+01 -7.423569E+00
236  2.97736335E-03 -2.400000E+01  0.000000E+00  8.573249E+01 -7.752714E+00
237  3.11833464E-03 -2.400000E+01  0.000000E+00  8.941281E+01 -8.095353E+00
238  3.26588114E-03 -2.400000E+01  0.000000E+00  9.323262E+01 -8.451942E+00
239  3.42030255E-03 -2.400000E+01  0.000000E+00  9.719547E+01 -8.822943E+00
240  3.58191173E-03 -2.400000E+01  0.000000E+00  1.013048E+02 -9.208823E+00
241  3.75103526E-03 -2.400000E+01  0.000000E+00  1.055641E+02 -9.610053E+00
242  3.92801402E-03 -2.400000E+01  0.000000E+00  1.099764E+02 -1.002711E+01
243  4.11320375E-03 -2.400000E+01  0.000000E+00  1.145449E+02 -1.046046E+01
244  4.30697568E-03 -2.400000E+01  0.000000E+00  1.192724E+02 -1.091059E+01
245  4.50971715E-03 -2.400000E+01  0.000000E+00  1.241616E+02 -1.137796E+01
246  4.72183227E-03 -2.400000E+01  0.000000E+00  1.292148E+02 -1.186305E+01
247  4.94374261E-03 -2.400000E+01  0.000000E+00  1.344341E+02 -1.236632E+01
248  5.17588787E-03 -2.400000E+01  0.000000E+00  1.398211E+02 -1.288822E+01
249  5.41872662E-03 -2.400000E+01  0.000000E+00  1.453772E+02 -1.342920E+01
250  5.67273708E-03 -2.400000E+01  0.000000E+00  1.511032E+02 -1.398968E+01
251  5.93841786E-03 -2.400000E+01  0.000000E+00  1.569994E+02 -1.457008E+01
252  6.21628879E-03 -2.400000E+01  0.000000E+00  1.630656E+02 -1.517079E+01
253  6.50689174E-03 -2.400000E+01  0.000000E+00  1.693008E+02 -1.579218E+01
254  6.81079147E-03 -2.400000E+01  0.000000E+00  1.757034E+02 -1.643457E+01
255  7.12857655E-03 -2.400000E+01  0.000000E+00  1.822710E+02 -1.709828E+01
256  7.46086027E-03 -2.400000E+01  0.000000E+00  1.890003E+02 -1.778356E+01
257  7.80828158E-03 -2.400000E+01  0.000000E+00  1.958871E+02 -1.849065E+01
258  8.17150605E-03 -2.400000E+01  0.000000E+00  2.029261E+02 -1.921971E+01
259  8.55122693E-03 -2.400000E+01  0.000000E+00  2.101108E+02 -1.997085E+01
260  8.94816616E-03 -2.400000E+01  0.000000E+00  2.174336E+02 -2.074413E+01
261  9.36307546E-03 -2.400000E+01  0.000000E+00  2.248853E+02 -2.153953E+01
262  9.79673742E-03 -2.400000E+01  0.000000E+00  2.324554E+02 -2.235696E+01
263  1.02499667E-02 -2.400000E+01  0.000000E+00  2.401318E+02 -2.319623E+01
264  1.07236110E-02 -2.400000E+01  0.000000E+00  2.479006E+02 -2.405707E+01
265  1.12185528E-02 -2.400000E+01  0.000000E+00  2.557461E+02 -2.493910E+01
266  1.17357098E-02 -2.400000E+01  0.000000E+00  2.636507E+02 -2.584183E+01
267  1.22760369E-02 -2.400000E+01  0.000000E+00  2.715945E+02 -2.676463E+01
268  1.28405273E-02 -2.400000E+01  0.000000E+00  2.795555E+02 -2.770677E+01
269  1.34302138E-02 -2.400000E+01  0.000000E+00  2.875092E+02 -2.866734E+01
270  1.40461700E-02 -2.400000E+01  0.000000E+00  2.954286E+02 -2.964530E+01
271  1.46895123E-02 -2.400000E+01  0.000000E+00  3.032840E+02 -3.063941E+01
272  1.53614007E-02 -2.400000E+01  0.000000E+00  3.110431E+02 -3.164828E+01
273  1.60630408E-02 -2.400000E+01  0.000000E+00  3.186703E+02 -3.267030E+01
274  1.67956853E-02 -2.400000E+01  0.000000E+00  3.261271E+02 -3.370367E+01
275  1.75606352E-02 -2.400000E+01  0.000000E+00  3.333719E+02 -3.474635E+01
276  1.83592417E-02 -2.400000E+01  0.000000E+00  3.403595E+02 -3.579609E+01
277  1.91929081E-02 -2.400000E+01  0.000000E+00  3.470417E+02 -3.685036E+01
278  2.00630910E-02 -2.400000E+01  0.000000E+00  3.533666E+02 -3.790640E+01
279  2.09713023E-02 -2.400000E+01  0.000000E+00  3.592787E+02 -3.896116E+01
280  2.19191112E-02 -2.400000E+01  0.000000E+00  3.647190E+02 -4.001130E+01
281  2.29081454E-02 -2.400000E+01  0.000000E+00  3.696251E+02 -4.105318E+01
282  2.39400935E-02 -2.400000E+01  0.000000E+00  3.739308E+02 -4.208286E+01
283  2.50167070E-02 -2.400000E+01  0.000000E+00  3.775668E+02 -4.309608E+01
284  2.61398014E-02 -2.400000E+01  0.000000E+00  3.804601E+02 -4.408824E+01
285  2.73112591E-02 -2.400000E+01  0.000000E+00  3.825349E+02 -4.505441E+01
286  2.85330310E-02 -2.400000E+01  0.000000E+00  3.837121E+02 -4.598933E+01
287  2.98071383E-02 -2.400000E+01  0.000000E+00  3.839103E+02 -4.688738E+01
288  3.11356750E-02 -2.400000E+01  0.000000E+00  3.830459E+02 -4.774262E+01
289  3.25208098E-02 -2.400000E+01  0.000000E+00  3.810331E+02 -4.854876E+01
290  3.39647882E-02 -2.400000E+01  0.000000E+00  3.777852E+02 -4.929917E+01
291  3.54699348E-02 -2.400000E+01  0.000000E+00  3.732149E+02 -4.998692E+01
292  3.70386554E-02 -2.400000E+01  0.000000E+00  3.672349E+02 -5.060478E+01
293  3.86734391E-02 -2.400000E+01  0.000000E+00  3.597588E+02 -5.114523E+01
294  4.03768609E-02 -2.400000E+01  0.000000E+00  3.507024E+02 -5.160050E+01
295  4.21515837E-02 -2.400000E+01  0.000000E+00  3.399843E+02 -5.196260E+01
296  4.40003606E-02 -2.400000E+01  0.000000E+00  3.275275E+02 -5.222336E+01
297  4.59260373E-02 -2.400000E+01  0.000000E+00  3.132605E+02 -5.237450E+01
298  4.79315547E-02 -2.400000E+01  0.000000E+00  2.971191E+02 -5.240764E+01
299  5.00199506E-02 -2.400000E+01  0.000000E+00  2.790475E+02 -5.231442E+01
300  5.21943629E-02 -2.400000E+01  0.000000E+00  2.590007E+02 -5.208651E+01
301  5.44580312E-02 -2.400000E+01  0.000000E+00  2.369458E+02 -5.171576E+01
302  5.68142999E-02 -2.400000E+01  0.000000E+00  2.128643E+02 -5.119426E+01
303  5.92666202E-02 -2.400000E+01  0.000000E+00  1.867540E+02 -5.051441E+01
304  6.18185525E-02 -2.400000E+01  0.000000E+00  1.586317E+02 -4.966910E+01
305  6.44737691E-02 -2.400000E+01  0.000000E+00  1.285345E+02 -4.865179E+01
306  6.72360564E-02 -2.400000E+01  0.000000E+00  9.652318E+01 -4.745663E+01
307  7.01093175E-02 -2.400000E+01  0.000000E+00  6.268363E+01 -4.607864E+01
308  7.30975744E-02 -2.400000E+01  0.000000E+00  2.712956E+01 -4.451382E+01
309  7.62049705E-02 -2.400000E+01  0.000000E+00 -9.995419E+00 -4.275935E+01
310  7.94357731E-02 -2.400000E+01  0.000000E+00 -4.851579E+01 -4.081369E+01
311  8.27943757E-02 -2.400000E+01  0.000000E+00 -8.822223E+01 -3.867679E+01
312  8.62853005E-02 -2.400000E+01  0.000000E+00 -1.288701E+02 -3.635026E+01
313  8.99132002E-02 -2.400000E+01  0.000000E+00 -1.701780E+02 -3.383751E+01
314  9.36828612E-02 -2.400000E+01  0.000000E+00 -2.118273E+02 -3.114394E+01
315  9.75992052E-02 -2.400000E+01  0.000000E+00 -2.534615E+02 -2.827705E+01
316  1.01667292E-01 -2.400000E+01  0.000000E+00 -2.946867E+02 -2.524666E+01
317  1.05892320E-01 -2.400000E+01  0.000000E+00 -3.350726E+02 -2.206499E+01
318  1.10279632E-01 -2.400000E+01  0.000000E+00 -3.741541E+02 -1.874678E+01
319  1.14834714E-01 -2.400000E+01  0.000000E+00 -4.114344E+02 -1.530938E+01
320  1.19563199E-01 -2.400000E+01  0.000000E+00 -4.463883E+02 -1.177282E+01
321  1.24470866E-01 -2.400000E+01  0.000000E+00 -4.784673E+02 -8.159833E+00
322  1.29563647E-01 -2.400000E+01  0.000000E+00 -5.071054E+02 -4.495828E+00
323  1.34847627E-01 -2.400000E+01  0.000000E+00 -5.317266E+02 -8.088320E-01
324  1.40329042E-01 -2.400000E+01  0.000000E+00 -5.517527E+02  2.870620E+00
325  1.46014287E-01 -2.400000E+01  0.000000E+00 -5.666138E+02  6.509661E+00
326  1.51909914E-01 -2.400000E+01  0.000000E+00 -5.757592E+02  1.007333E+01
327  1.58022632E-01 -2.400000E+01  0.000000E+00 -5.786694E+02  1.352487E+01
328  1.64359315E-01 -2.400000E+01  0.000000E+00 -5.748697E+02  1.682609E+01
329  1.70926996E-01 -2.400000E+01  0.000000E+00 -5.639448E+02  1.993785E+01
330  1.77732874E-01 -2.400000E+01  0.000000E+00 -5.455541E+02  2.282053E+01
331  1.84784312E-01 -2.400000E+01  0.000000E+00 -5.194473E+02  2.543465E+01
332  1.92088838E-01 -2.400000E+01  0.000000E+00 -4.854805E+02  2.774154E+01
333  1.99654152E-01 -2.400000E+01  0.000000E+00 -4.436326E+02  2.970406E+01
334  2.07488118E-01 -2.400000E+01  0.000000E+00 -3.940199E+02  3.128735E+01
335  2.15598770E-01 -2.400000E+01  0.000000E+00 -3.369110E+02  3.245975E+01
336  2.23994316E-01 -2.400000E+01  0.000000E+00 -2.727395E+02  3.319359E+01
337  2.32683129E-01 -2.400000E+01  0.000000E+00 -2.021135E+02  3.346608E+01
338  2.41673760E-01 -2.400000E+01  0.000000E+00 -1.258240E+02  3.326027E+01
339  2.50974926E-01 -2.400000E+01  0.000000E+00 -4.484804E+01  3.256582E+01
340  2.60595521E-01 -2.400000E+01  0.000000E+00  3.965182E+01  3.137985E+01
341  2.70544609E-01 -2.400000E+01  0.000000E+00  1.263328E+02  2.970769E+01
342  2.80831429E-01 -2.400000E+01  0.000000E+00  2.136833E+02  2.756346E+01
343  2.91465390E-01 -2.400000E+01  0.000000E+00  3.000401E+02  2.497063E+01
344  3.02456076E-01 -2.400000E+01  0.000000E+00  3.836124E+02  2.196227E+01
345  3.13813243E-01 -2.400000E+01  0.000000E+00  4.625124E+02  1.858120E+01
346  3.25546819E-01 -2.400000E+01  0.000000E+00  5.347933E+02  1.487989E+01
347  3.37666903E-01 -2.400000E+01  0.000000E+00  5.984934E+02  1.092008E+01
348  3.50183767E-01 -2.400000E+01  0.000000E+00  6.516873E+02  6.772110E+00
349  3.63107852E-01 -2.400000E+01  0.000000E+00  6.925424E+02  2.514035E+00
350  3.76449768E-01 -2.400000E+01  0.000000E+00  7.193793E+02 -1.769675E+00
351  3.90220294E-01 -2.400000E+01  0.000000E+00  7.307366E+02 -5.989660E+00
352  4.04430379E-01 -2.400000E+01  0.000000E+00  7.254363E+02 -1.005352E+01
353  4.19091134E-01 -2.400000E+01  0.000000E+00  7.026482E+02 -1.386792E+01
354  4.34213839E-01 -2.400000E+01  0.000000E+00  6.619516E+02 -1.734096E+01
355  4.49809934E-01 -2.400000E+01  0.000000E+00  6.033911E+02 -2.038470E+01
356  4.65891023E-01 -2.400000E+01  0.000000E+00  5.275235E+02 -2.291783E+01
357  4.82468869E-01 -2.400000E+01  0.000000E+00  4.354526E+02 -2.486840E+01
358  4.99555396E-01 -2.400000E+01  0.000000E+00  3.288495E+02 -2.617649E+01
359  5.17162680E-01 -2.400000E+01  0.000000E+00  2.099555E+02 -2.679679E+01
360  5.35302957E-01 -2.400000E+01  0.000000E+00  8.156409E+01 -2.670088E+01
361  5.53988610E-01 -2.400000E+01  0.000000E+00 -5.301841E+01 -2.587925E+01
362  5.73232175E-01 -2.400000E+01  0.000000E+00 -1.900368E+02 -2.434284E+01
363  5.93046336E-01 -2.400000E+01  0.000000E+00 -3.253747E+02 -2.212395E+01
364  6.13443919E-01 -2.400000E+01  0.000000E+00 -4.546660E+02 -1.927664E+01
365  6.34437898E-01 -2.400000E+01  0.000000E+00 -5.734295E+02 -1.587628E+01
366  6.56041381E-01 -2.400000E+01  0.000000E+00 -6.772221E+02 -1.201840E+01
367  6.78267618E-01 -2.400000E+01  0.000000E+00 -7.618082E+02 -7.816609E+00
368  7.01129991E-01 -2.400000E+01  0.000000E+00 -8.233391E+02 -3.399844E+00
369  7.24642013E-01 -2.400000E+01  0.000000E+00 -8.585359E+02  1.091310E+00
370  7.48817329E-01 -2.400000E+01  0.000000E+00 -8.648680E+02  5.508938E+00
371  7.73669705E-01 -2.400000E+01  0.000000E+00 -8.407195E+02  9.702744E+00
372  7.99213033E-01 -2.400000E+01  0.000000E+00 -7.855327E+02  1.352546E+01
373  8.25461320E-01 -2.400000E+01  0.000000E+00 -6.999217E+02  1.683850E+01
374  8.52428694E-01 -2.400000E+01  0.000000E+00 -5.857444E+02  1.951769E+01
375  8.80129390E-01 -2.400000E+01  0.000000E+00 -4.461276E+02  2.145879E+01
376  9.08577757E-01 -2.400000E+01  0.000000E+00 -2.854367E+02  2.258257E+01
377  9.37788245E-01 -2.400000E+01  0.000000E+00 -1.091856E+02  2.283910E+01
378  9.67775410E-01 -2.400000E+01  0.000000E+00  7.611534E+01  2.221123E+01
379  9.98553905E-01 -2.400000E+01  0.000000E+00  2.631714E+02  2.071662E+01
380  1.03013848E+00 -2.400000E+01  0.000000E+00  4.441738E+02  1.840864E+01
381  1.06254397E+00 -2.400000E+01  0.000000E+00  6.111183E+02  1.537549E+01
382  1.09578530E+00 -2.400000E+01  0.000000E+00  7.561628E+02  1.173783E+01
383  1.12987749E+00 -2.400000E+01  0.000000E+00  8.720069E+02  7.644802E+00
384  1.16483562E+00 -2.400000E+01  0.000000E+00  9.522790E+02  3.268421E+00
385  1.20067487E+00 -2.400000E+01  0.000000E+00  9.919083E+02 -1.203322E+00
386  1.23741048E+00 -2.400000E+01  0.000000E+00  9.874621E+02 -5.574501E+00
387  1.27505775E+00 -2.400000E+01  0.000000E+00  9.374257E+02 -9.650078E+00
388  1.31363206E+00 -2.400000E+01  0.000000E+00  8.424065E+02 -1.324509E+01
389  1.35314886E+00 -2.400000E+01  0.000000E+00  7.052408E+02 -1.619378E+01
390  1.39362363E+00 -2.400000E+01  0.000000E+00  5.309922E+02 -1.835813E+01
391  1.43507193E+00 -2.400000E+01  0.000000E+00  3.268297E+02 -1.963545E+01
392  1.47750936E+00 -2.400000E+01  0.000000E+00  1.017838E+02 -1.996435E+01
393  1.52095156E+00 -2.400000E+01  0.000000E+00 -1.336173E+02 -1.932891E+01
394  1.56541423E+00 -2.400000E+01  0.000000E+00 -3.678179E+02 -1.776059E+01
395  1.61091310E+00 -2.400000E+01  0.000000E+00 -5.887961E+02 -1.533773E+01
396  1.65746393E+00 -2.400000E+01  0.000000E+00 -7.846866E+02 -1.218253E+01
397  1.70508252E+00 -2.400000E+01  0.000000E+00 -9.444362E+02 -8.455561E+00
398  1.75378471E+00 -2.400000E+01  0.000000E+00 -1.058454E+03 -4.351284E+00
399  1.80358634E+00 -2.400000E+01  0.000000E+00 -3.925111E+03 -2.287881E-01
