#      n =  6
#  kappa = -1
# energy = -1.36214471E+01
#     vc = -1.77739644E+06


0    1.66666667E-07 -2.889197E-02  0.000000E+00 -0.000000E+00  4.292520E-01
1    1.74791561E-07 -3.030042E-02  0.000000E+00  5.629399E-06  4.292520E-01
2    1.83312515E-07 -3.177753E-02  0.000000E+00  1.153321E-05  4.092988E-01
3    1.92248836E-07 -3.332664E-02  0.000000E+00  1.772481E-05  3.902733E-01
4    2.01620767E-07 -3.495127E-02  0.000000E+00  2.421822E-05  3.721322E-01
5    2.11449542E-07 -3.665508E-02  0.000000E+00  3.102816E-05  3.548345E-01
6    2.21757428E-07 -3.844195E-02  0.000000E+00  3.817005E-05  3.383408E-01
7    2.32567778E-07 -4.031591E-02  0.000000E+00  4.566008E-05  3.226138E-01
8    2.43905081E-07 -4.228122E-02  0.000000E+00  5.351520E-05  3.076180E-01
9    2.55795022E-07 -4.434232E-02  0.000000E+00  6.175322E-05  2.933192E-01
10   2.68264536E-07 -4.650388E-02  0.000000E+00  7.039280E-05  2.796850E-01
11   2.81341871E-07 -4.877081E-02  0.000000E+00  7.945350E-05  2.666847E-01
12   2.95056653E-07 -5.114822E-02  0.000000E+00  8.895586E-05  2.542887E-01
13   3.09439949E-07 -5.364152E-02  0.000000E+00  9.892140E-05  2.424689E-01
14   3.24524343E-07 -5.625634E-02  0.000000E+00  1.093727E-04  2.311986E-01
15   3.40344004E-07 -5.899860E-02  0.000000E+00  1.203334E-04  2.204522E-01
16   3.56934767E-07 -6.187452E-02  0.000000E+00  1.318284E-04  2.102053E-01
17   3.74334215E-07 -6.489061E-02  0.000000E+00  1.438837E-04  2.004347E-01
18   3.92581760E-07 -6.805369E-02  0.000000E+00  1.565265E-04  1.911183E-01
19   4.11718735E-07 -7.137093E-02  0.000000E+00  1.697856E-04  1.822350E-01
20   4.31788487E-07 -7.484984E-02  0.000000E+00  1.836910E-04  1.737646E-01
21   4.52836477E-07 -7.849829E-02  0.000000E+00  1.982741E-04  1.656880E-01
22   4.74910378E-07 -8.232455E-02  0.000000E+00  2.135681E-04  1.579868E-01
23   4.98060189E-07 -8.633727E-02  0.000000E+00  2.296074E-04  1.506435E-01
24   5.22338343E-07 -9.054554E-02  0.000000E+00  2.464286E-04  1.436416E-01
25   5.47799827E-07 -9.495888E-02  0.000000E+00  2.640695E-04  1.369652E-01
26   5.74502310E-07 -9.958728E-02  0.000000E+00  2.825703E-04  1.305992E-01
27   6.02506270E-07 -1.044412E-01  0.000000E+00  3.019728E-04  1.245290E-01
28   6.31875128E-07 -1.095317E-01  0.000000E+00  3.223209E-04  1.187410E-01
29   6.62675400E-07 -1.148701E-01  0.000000E+00  3.436608E-04  1.132221E-01
30   6.94976840E-07 -1.204687E-01  0.000000E+00  3.660407E-04  1.079597E-01
31   7.28852600E-07 -1.263400E-01  0.000000E+00  3.895114E-04  1.029419E-01
32   7.64379397E-07 -1.324974E-01  0.000000E+00  4.141259E-04  9.815735E-02
33   8.01637685E-07 -1.389548E-01  0.000000E+00  4.399401E-04  9.359520E-02
34   8.40711836E-07 -1.457267E-01  0.000000E+00  4.670123E-04  8.924510E-02
35   8.81690336E-07 -1.528284E-01  0.000000E+00  4.954039E-04  8.509721E-02
36   9.24665976E-07 -1.602761E-01  0.000000E+00  5.251792E-04  8.114212E-02
37   9.69736072E-07 -1.680865E-01  0.000000E+00  5.564056E-04  7.737088E-02
38   1.01700268E-06 -1.762773E-01  0.000000E+00  5.891537E-04  7.377492E-02
39   1.06657282E-06 -1.848669E-01  0.000000E+00  6.234977E-04  7.034611E-02
40   1.11855874E-06 -1.938748E-01  0.000000E+00  6.595154E-04  6.707667E-02
41   1.17307814E-06 -2.033213E-01  0.000000E+00  6.972883E-04  6.395920E-02
42   1.23025446E-06 -2.132276E-01  0.000000E+00  7.369020E-04  6.098663E-02
43   1.29021715E-06 -2.236162E-01  0.000000E+00  7.784461E-04  5.815222E-02
44   1.35310198E-06 -2.345103E-01  0.000000E+00  8.220146E-04  5.544956E-02
45   1.41905130E-06 -2.459347E-01  0.000000E+00  8.677061E-04  5.287251E-02
46   1.48821442E-06 -2.579149E-01  0.000000E+00  9.156242E-04  5.041524E-02
47   1.56074792E-06 -2.704779E-01  0.000000E+00  9.658772E-04  4.807218E-02
48   1.63681599E-06 -2.836519E-01  0.000000E+00  1.018579E-03  4.583801E-02
49   1.71659083E-06 -2.974667E-01  0.000000E+00  1.073849E-03  4.370768E-02
50   1.80025302E-06 -3.119531E-01  0.000000E+00  1.131811E-03  4.167636E-02
51   1.88799193E-06 -3.271436E-01  0.000000E+00  1.192598E-03  3.973944E-02
52   1.98000617E-06 -3.430724E-01  0.000000E+00  1.256347E-03  3.789254E-02
53   2.07650400E-06 -3.597750E-01  0.000000E+00  1.323202E-03  3.613147E-02
54   2.17770383E-06 -3.772888E-01  0.000000E+00  1.393314E-03  3.445223E-02
55   2.28383470E-06 -3.956528E-01  0.000000E+00  1.466843E-03  3.285103E-02
56   2.39513681E-06 -4.149081E-01  0.000000E+00  1.543953E-03  3.132423E-02
57   2.51186204E-06 -4.350975E-01  0.000000E+00  1.624820E-03  2.986838E-02
58   2.63427454E-06 -4.562659E-01  0.000000E+00  1.709628E-03  2.848016E-02
59   2.76265134E-06 -4.784602E-01  0.000000E+00  1.798566E-03  2.715644E-02
60   2.89728293E-06 -5.017295E-01  0.000000E+00  1.891838E-03  2.589422E-02
61   3.03847395E-06 -5.261253E-01  0.000000E+00  1.989653E-03  2.469063E-02
62   3.18654388E-06 -5.517013E-01  0.000000E+00  2.092234E-03  2.354295E-02
63   3.34182772E-06 -5.785137E-01  0.000000E+00  2.199811E-03  2.244857E-02
64   3.50467682E-06 -6.066213E-01  0.000000E+00  2.312629E-03  2.140502E-02
65   3.67545960E-06 -6.360853E-01  0.000000E+00  2.430942E-03  2.040991E-02
66   3.85456243E-06 -6.669699E-01  0.000000E+00  2.555018E-03  1.946101E-02
67   4.04239047E-06 -6.993419E-01  0.000000E+00  2.685138E-03  1.855615E-02
68   4.23936860E-06 -7.332713E-01  0.000000E+00  2.821595E-03  1.769328E-02
69   4.44594240E-06 -7.688308E-01  0.000000E+00  2.964699E-03  1.687045E-02
70   4.66257909E-06 -8.060962E-01  0.000000E+00  3.114772E-03  1.608579E-02
71   4.88976868E-06 -8.451467E-01  0.000000E+00  3.272155E-03  1.533751E-02
72   5.12802497E-06 -8.860645E-01  0.000000E+00  3.437202E-03  1.462391E-02
73   5.37788680E-06 -9.289351E-01  0.000000E+00  3.610286E-03  1.394338E-02
74   5.63991920E-06 -9.738475E-01  0.000000E+00  3.791800E-03  1.329437E-02
75   5.91471472E-06 -1.020894E+00  0.000000E+00  3.982152E-03  1.267540E-02
76   6.20289470E-06 -1.070170E+00  0.000000E+00  4.181773E-03  1.208507E-02
77   6.50511074E-06 -1.121775E+00  0.000000E+00  4.391114E-03  1.152202E-02
78   6.82204612E-06 -1.175811E+00  0.000000E+00  4.610648E-03  1.098498E-02
79   7.15441735E-06 -1.232385E+00  0.000000E+00  4.840871E-03  1.047272E-02
80   7.50297581E-06 -1.291604E+00  0.000000E+00  5.082302E-03  9.984067E-03
81   7.86850941E-06 -1.353581E+00  0.000000E+00  5.335487E-03  9.517915E-03
82   8.25184438E-06 -1.418431E+00  0.000000E+00  5.600996E-03  9.073191E-03
83   8.65384715E-06 -1.486272E+00  0.000000E+00  5.879431E-03  8.648877E-03
84   9.07542624E-06 -1.557222E+00  0.000000E+00  6.171418E-03  8.243999E-03
85   9.51753440E-06 -1.631405E+00  0.000000E+00  6.477617E-03  7.857626E-03
86   9.98117065E-06 -1.708943E+00  0.000000E+00  6.798718E-03  7.488867E-03
87   1.04673826E-05 -1.789959E+00  0.000000E+00  7.135447E-03  7.136871E-03
88   1.09772689E-05 -1.874578E+00  0.000000E+00  7.488562E-03  6.800821E-03
89   1.15119814E-05 -1.962923E+00  0.000000E+00  7.858859E-03  6.479938E-03
90   1.20727280E-05 -2.055114E+00  0.000000E+00  8.247174E-03  6.173471E-03
91   1.26607755E-05 -2.151268E+00  0.000000E+00  8.654381E-03  5.880705E-03
92   1.32774520E-05 -2.251498E+00  0.000000E+00  9.081399E-03  5.600950E-03
93   1.39241503E-05 -2.355910E+00  0.000000E+00  9.529189E-03  5.333545E-03
94   1.46023309E-05 -2.464599E+00  0.000000E+00  9.998759E-03  5.077854E-03
95   1.53135251E-05 -2.577651E+00  0.000000E+00  1.049117E-02  4.833266E-03
96   1.60593389E-05 -2.695134E+00  0.000000E+00  1.100752E-02  4.599191E-03
97   1.68414559E-05 -2.817101E+00  0.000000E+00  1.154898E-02  4.375062E-03
98   1.76616420E-05 -2.943581E+00  0.000000E+00  1.211677E-02  4.160330E-03
99   1.85217483E-05 -3.074573E+00  0.000000E+00  1.271217E-02  3.954466E-03
100  1.94237163E-05 -3.210046E+00  0.000000E+00  1.333650E-02  3.756956E-03
101  2.03695815E-05 -3.349928E+00  0.000000E+00  1.399118E-02  3.567304E-03
102  2.13614784E-05 -3.494097E+00  0.000000E+00  1.467767E-02  3.385028E-03
103  2.24016450E-05 -3.642375E+00  0.000000E+00  1.539752E-02  3.209659E-03
104  2.34924281E-05 -3.794518E+00  0.000000E+00  1.615234E-02  3.040744E-03
105  2.46362883E-05 -3.950200E+00  0.000000E+00  1.694383E-02  2.877839E-03
106  2.58358058E-05 -4.108999E+00  0.000000E+00  1.777376E-02  2.720514E-03
107  2.70936859E-05 -4.270384E+00  0.000000E+00  1.864399E-02  2.568351E-03
108  2.84127652E-05 -4.433694E+00  0.000000E+00  1.955646E-02  2.420941E-03
109  2.97960179E-05 -4.598113E+00  0.000000E+00  2.051324E-02  2.277891E-03
110  3.12465627E-05 -4.762648E+00  0.000000E+00  2.151644E-02  2.138818E-03
111  3.27676694E-05 -4.926096E+00  0.000000E+00  2.256833E-02  2.003357E-03
112  3.43627666E-05 -5.087011E+00  0.000000E+00  2.367124E-02  1.871157E-03
113  3.60354489E-05 -5.243665E+00  0.000000E+00  2.482765E-02  1.741887E-03
114  3.77894855E-05 -5.393997E+00  0.000000E+00  2.604014E-02  1.615244E-03
115  3.96288283E-05 -5.535564E+00  0.000000E+00  2.731142E-02  1.491014E-03
116  4.15576207E-05 -5.665479E+00  0.000000E+00  2.864433E-02  1.369105E-03
117  4.35802072E-05 -5.780335E+00  0.000000E+00  3.004183E-02  1.233039E-03
118  4.57011426E-05 -5.876125E+00  0.000000E+00  3.150704E-02  1.097500E-03
119  4.79252025E-05 -5.948149E+00  0.000000E+00  3.304357E-02  1.939542E-03
120  5.02573941E-05 -5.990897E+00  0.000000E+00  3.465725E-02  1.165618E-05
121  5.27029669E-05 -6.000000E+00  0.000000E+00  3.633929E-02 -3.184116E-04
122  5.52674251E-05 -6.000000E+00  0.000000E+00  3.811155E-02  1.630315E-03
123  5.79565391E-05 -6.000000E+00  0.000000E+00  3.996950E-02  8.519281E-04
124  6.07763589E-05 -6.000000E+00  0.000000E+00  4.191560E-02  3.838507E-04
125  6.37332275E-05 -6.000000E+00  0.000000E+00  4.395601E-02  3.352370E-04
126  6.68337949E-05 -6.000000E+00  0.000000E+00  4.609528E-02  2.311777E-04
127  7.00850329E-05 -6.000000E+00  0.000000E+00  4.833821E-02  1.241173E-04
128  7.34942510E-05 -6.000000E+00  0.000000E+00  5.068979E-02  1.784111E-05
129  7.70691119E-05 -6.000000E+00  0.000000E+00  5.315530E-02 -8.839080E-05
130  8.08176494E-05 -6.000000E+00  0.000000E+00  5.574026E-02 -1.948173E-04
131  8.47482858E-05 -6.000000E+00  0.000000E+00  5.845043E-02 -3.016778E-04
132  8.88698505E-05 -6.000000E+00  0.000000E+00  6.129188E-02 -4.092122E-04
133  9.31916000E-05 -6.000000E+00  0.000000E+00  6.427097E-02 -5.176623E-04
134  9.77232382E-05 -6.000000E+00  0.000000E+00  6.739433E-02 -6.272715E-04
135  1.02474938E-04 -6.000000E+00  0.000000E+00  7.066896E-02 -7.382858E-04
136  1.07457364E-04 -6.000000E+00  0.000000E+00  7.410215E-02 -8.509543E-04
137  1.12681695E-04 -6.000000E+00  0.000000E+00  7.770156E-02 -9.655296E-04
138  1.18159651E-04 -6.000000E+00  0.000000E+00  8.147523E-02 -1.082269E-03
139  1.23903518E-04 -6.000000E+00  0.000000E+00  8.543156E-02 -1.201432E-03
140  1.29926174E-04 -6.000000E+00  0.000000E+00  8.957936E-02 -1.323288E-03
141  1.36241120E-04 -6.000000E+00  0.000000E+00  9.392789E-02 -1.448109E-03
142  1.42862506E-04 -6.000000E+00  0.000000E+00  9.848680E-02 -1.576173E-03
143  1.49805168E-04 -6.000000E+00  0.000000E+00  1.032663E-01 -1.707767E-03
144  1.57084654E-04 -6.000000E+00  0.000000E+00  1.082769E-01 -1.843185E-03
145  1.64717265E-04 -6.000000E+00  0.000000E+00  1.135298E-01 -1.982729E-03
146  1.72720086E-04 -6.000000E+00  0.000000E+00  1.190367E-01 -2.126711E-03
147  1.81111024E-04 -6.000000E+00  0.000000E+00  1.248098E-01 -2.275451E-03
148  1.89908852E-04 -6.000000E+00  0.000000E+00  1.308618E-01 -2.429281E-03
149  1.99133244E-04 -6.000000E+00  0.000000E+00  1.372063E-01 -2.588544E-03
150  2.08804824E-04 -6.000000E+00  0.000000E+00  1.438573E-01 -2.753594E-03
151  2.18945206E-04 -6.000000E+00  0.000000E+00  1.508295E-01 -2.924798E-03
152  2.29577047E-04 -6.000000E+00  0.000000E+00  1.581382E-01 -3.102537E-03
153  2.40724091E-04 -6.000000E+00  0.000000E+00  1.657998E-01 -3.287205E-03
154  2.52411226E-04 -6.000000E+00  0.000000E+00  1.738311E-01 -3.479212E-03
155  2.64664536E-04 -6.000000E+00  0.000000E+00  1.822498E-01 -3.678983E-03
156  2.77511357E-04 -6.000000E+00  0.000000E+00  1.910746E-01 -3.886963E-03
157  2.90980341E-04 -6.000000E+00  0.000000E+00  2.003248E-01 -4.103610E-03
158  3.05101513E-04 -6.000000E+00  0.000000E+00  2.100208E-01 -4.329405E-03
159  3.19906342E-04 -6.000000E+00  0.000000E+00  2.201840E-01 -4.564847E-03
160  3.35427804E-04 -6.000000E+00  0.000000E+00  2.308367E-01 -4.810455E-03
161  3.51700461E-04 -6.000000E+00  0.000000E+00  2.420023E-01 -5.066771E-03
162  3.68760529E-04 -6.000000E+00  0.000000E+00  2.537052E-01 -5.334361E-03
163  3.86645961E-04 -6.000000E+00  0.000000E+00  2.659712E-01 -5.613815E-03
164  4.05396529E-04 -6.000000E+00  0.000000E+00  2.788271E-01 -5.905746E-03
165  4.25053909E-04 -6.000000E+00  0.000000E+00  2.923010E-01 -6.210797E-03
166  4.45661773E-04 -6.000000E+00  0.000000E+00  3.064222E-01 -6.529639E-03
167  4.67265881E-04 -6.000000E+00  0.000000E+00  3.212217E-01 -6.862970E-03
168  4.89914183E-04 -6.000000E+00  0.000000E+00  3.367316E-01 -7.211521E-03
169  5.13656922E-04 -6.000000E+00  0.000000E+00  3.529857E-01 -7.576056E-03
170  5.38546741E-04 -6.000000E+00  0.000000E+00  3.700193E-01 -7.957371E-03
171  5.64638798E-04 -6.000000E+00  0.000000E+00  3.878694E-01 -8.356300E-03
172  5.91990883E-04 -6.000000E+00  0.000000E+00  4.065746E-01 -8.773712E-03
173  6.20663544E-04 -6.000000E+00  0.000000E+00  4.261754E-01 -9.210518E-03
174  6.50720218E-04 -6.000000E+00  0.000000E+00  4.467140E-01 -9.667668E-03
175  6.82227364E-04 -6.000000E+00  0.000000E+00  4.682348E-01 -1.014616E-02
176  7.15254608E-04 -6.000000E+00  0.000000E+00  4.907842E-01 -1.064702E-02
177  7.49874890E-04 -6.000000E+00  0.000000E+00  5.144104E-01 -1.117134E-02
178  7.86164623E-04 -6.000000E+00  0.000000E+00  5.391642E-01 -1.172026E-02
179  8.24203852E-04 -6.000000E+00  0.000000E+00  5.650985E-01 -1.229497E-02
180  8.64076428E-04 -6.000000E+00  0.000000E+00  5.922688E-01 -1.289669E-02
181  9.05870185E-04 -6.000000E+00  0.000000E+00  6.207329E-01 -1.352673E-02
182  9.49677125E-04 -6.000000E+00  0.000000E+00  6.505512E-01 -1.418645E-02
183  9.95593617E-04 -6.000000E+00  0.000000E+00  6.817872E-01 -1.487725E-02
184  1.04372060E-03 -6.000000E+00  0.000000E+00  7.145068E-01 -1.560061E-02
185  1.09416379E-03 -6.000000E+00  0.000000E+00  7.487791E-01 -1.635809E-02
186  1.14703391E-03 -6.000000E+00  0.000000E+00  7.846763E-01 -1.715130E-02
187  1.20244693E-03 -6.000000E+00  0.000000E+00  8.222736E-01 -1.798193E-02
188  1.26052429E-03 -6.000000E+00  0.000000E+00  8.616499E-01 -1.885174E-02
189  1.32139318E-03 -6.000000E+00  0.000000E+00  9.028872E-01 -1.976258E-02
190  1.38518679E-03 -6.000000E+00  0.000000E+00  9.460714E-01 -2.071637E-02
191  1.45204459E-03 -6.000000E+00  0.000000E+00  9.912920E-01 -2.171512E-02
192  1.52211262E-03 -6.000000E+00  0.000000E+00  1.038643E+00 -2.276094E-02
193  1.59554381E-03 -6.000000E+00  0.000000E+00  1.088220E+00 -2.385601E-02
194  1.67249828E-03 -6.000000E+00  0.000000E+00  1.140127E+00 -2.500264E-02
195  1.75314369E-03 -6.000000E+00  0.000000E+00  1.194469E+00 -2.620321E-02
196  1.83765555E-03 -6.000000E+00  0.000000E+00  1.251357E+00 -2.746022E-02
197  1.92621764E-03 -6.000000E+00  0.000000E+00  1.310906E+00 -2.877628E-02
198  2.01902234E-03 -6.000000E+00  0.000000E+00  1.373236E+00 -3.015411E-02
199  2.11627104E-03 -6.000000E+00  0.000000E+00  1.438472E+00 -3.159654E-02
200  2.21817458E-03 -6.000000E+00  0.000000E+00  1.506745E+00 -3.310654E-02
201  2.32495363E-03 -6.000000E+00  0.000000E+00  1.578190E+00 -3.468719E-02
202  2.43683918E-03 -6.000000E+00  0.000000E+00  1.652949E+00 -3.634172E-02
203  2.55407302E-03 -6.000000E+00  0.000000E+00  1.731169E+00 -3.807348E-02
204  2.67690819E-03 -6.000000E+00  0.000000E+00  1.813002E+00 -3.988597E-02
205  2.80560952E-03 -6.000000E+00  0.000000E+00  1.898609E+00 -4.178284E-02
206  2.94045415E-03 -6.000000E+00  0.000000E+00  1.988152E+00 -4.376788E-02
207  3.08173212E-03 -6.000000E+00  0.000000E+00  2.081806E+00 -4.584506E-02
208  3.22974692E-03 -6.000000E+00  0.000000E+00  2.179748E+00 -4.801848E-02
209  3.38481612E-03 -6.000000E+00  0.000000E+00  2.282162E+00 -5.029244E-02
210  3.54727197E-03 -6.000000E+00  0.000000E+00  2.389241E+00 -5.267140E-02
211  3.71746213E-03 -6.000000E+00  0.000000E+00  2.501185E+00 -5.515999E-02
212  3.89575027E-03 -6.000000E+00  0.000000E+00  2.618199E+00 -5.776305E-02
213  4.08251687E-03 -6.000000E+00  0.000000E+00  2.740497E+00 -6.048558E-02
214  4.27815994E-03 -6.000000E+00  0.000000E+00  2.868300E+00 -6.333280E-02
215  4.48309579E-03 -6.000000E+00  0.000000E+00  3.001838E+00 -6.631012E-02
216  4.69775986E-03 -6.000000E+00  0.000000E+00  3.141346E+00 -6.942316E-02
217  4.92260758E-03 -6.000000E+00  0.000000E+00  3.287070E+00 -7.267775E-02
218  5.15811524E-03 -6.000000E+00  0.000000E+00  3.439262E+00 -7.607993E-02
219  5.40478092E-03 -6.000000E+00  0.000000E+00  3.598181E+00 -7.963598E-02
220  5.66312546E-03 -6.000000E+00  0.000000E+00  3.764096E+00 -8.335239E-02
221  5.93369346E-03 -6.000000E+00  0.000000E+00  3.937283E+00 -8.723589E-02
222  6.21705431E-03 -6.000000E+00  0.000000E+00  4.118025E+00 -9.129343E-02
223  6.51380329E-03 -6.000000E+00  0.000000E+00  4.306615E+00 -9.553222E-02
224  6.82456271E-03 -6.000000E+00  0.000000E+00  4.503351E+00 -9.995969E-02
225  7.14998308E-03 -6.000000E+00  0.000000E+00  4.708540E+00 -1.045835E-01
226  7.49074434E-03 -6.000000E+00  0.000000E+00  4.922496E+00 -1.094117E-01
227  7.84755713E-03 -6.000000E+00  0.000000E+00  5.145539E+00 -1.144523E-01
228  8.22116412E-03 -6.000000E+00  0.000000E+00  5.377997E+00 -1.197138E-01
229  8.61234142E-03 -6.000000E+00  0.000000E+00  5.620202E+00 -1.252049E-01
230  9.02189997E-03 -6.000000E+00  0.000000E+00  5.872494E+00 -1.309345E-01
231  9.45068706E-03 -6.000000E+00  0.000000E+00  6.135215E+00 -1.369117E-01
232  9.89958791E-03 -6.000000E+00  0.000000E+00  6.408715E+00 -1.431460E-01
233  1.03695272E-02 -6.000000E+00  0.000000E+00  6.693343E+00 -1.496470E-01
234  1.08614710E-02 -6.000000E+00  0.000000E+00  6.989454E+00 -1.564245E-01
235  1.13764280E-02 -6.000000E+00  0.000000E+00  7.297403E+00 -1.634887E-01
236  1.19154519E-02 -6.000000E+00  0.000000E+00  7.617545E+00 -1.708497E-01
237  1.24796430E-02 -6.000000E+00  0.000000E+00  7.950234E+00 -1.785182E-01
238  1.30701501E-02 -6.000000E+00  0.000000E+00  8.295821E+00 -1.865047E-01
239  1.36881727E-02 -6.000000E+00  0.000000E+00  8.654653E+00 -1.948201E-01
240  1.43349631E-02 -6.000000E+00  0.000000E+00  9.027071E+00 -2.034754E-01
241  1.50118283E-02 -6.000000E+00  0.000000E+00  9.413407E+00 -2.124815E-01
242  1.57201327E-02 -6.000000E+00  0.000000E+00  9.813982E+00 -2.218498E-01
243  1.64613001E-02 -6.000000E+00  0.000000E+00  1.022910E+01 -2.315914E-01
244  1.72368164E-02 -6.000000E+00  0.000000E+00  1.065907E+01 -2.417176E-01
245  1.80482318E-02 -6.000000E+00  0.000000E+00  1.110414E+01 -2.522396E-01
246  1.88971638E-02 -6.000000E+00  0.000000E+00  1.156457E+01 -2.631686E-01
247  1.97852996E-02 -6.000000E+00  0.000000E+00  1.204059E+01 -2.745157E-01
248  2.07143992E-02 -6.000000E+00  0.000000E+00  1.253239E+01 -2.862919E-01
249  2.16862979E-02 -6.000000E+00  0.000000E+00  1.304012E+01 -2.985078E-01
250  2.27029099E-02 -6.000000E+00  0.000000E+00  1.356390E+01 -3.111739E-01
251  2.37662306E-02 -6.000000E+00  0.000000E+00  1.410382E+01 -3.243001E-01
252  2.48783408E-02 -6.000000E+00  0.000000E+00  1.465988E+01 -3.378963E-01
253  2.60414092E-02 -6.000000E+00  0.000000E+00  1.523206E+01 -3.519713E-01
254  2.72576963E-02 -6.000000E+00  0.000000E+00  1.582025E+01 -3.665338E-01
255  2.85295578E-02 -6.000000E+00  0.000000E+00  1.642430E+01 -3.815915E-01
256  2.98594484E-02 -6.000000E+00  0.000000E+00  1.704396E+01 -3.971513E-01
257  3.12499252E-02 -6.000000E+00  0.000000E+00  1.767889E+01 -4.132192E-01
258  3.27036525E-02 -6.000000E+00  0.000000E+00  1.832868E+01 -4.298001E-01
259  3.42234047E-02 -6.000000E+00  0.000000E+00  1.899279E+01 -4.468975E-01
260  3.58120714E-02 -6.000000E+00  0.000000E+00  1.967058E+01 -4.645139E-01
261  3.74726614E-02 -6.000000E+00  0.000000E+00  2.036130E+01 -4.826498E-01
262  3.92083068E-02 -6.000000E+00  0.000000E+00  2.106405E+01 -5.013044E-01
263  4.10222683E-02 -6.000000E+00  0.000000E+00  2.177779E+01 -5.204746E-01
264  4.29179392E-02 -6.000000E+00  0.000000E+00  2.250131E+01 -5.401555E-01
265  4.48988505E-02 -6.000000E+00  0.000000E+00  2.323327E+01 -5.603398E-01
266  4.69686763E-02 -6.000000E+00  0.000000E+00  2.397211E+01 -5.810175E-01
267  4.91312383E-02 -6.000000E+00  0.000000E+00  2.471609E+01 -6.021759E-01
268  5.13905113E-02 -6.000000E+00  0.000000E+00  2.546329E+01 -6.237995E-01
269  5.37506290E-02 -6.000000E+00  0.000000E+00  2.621152E+01 -6.458692E-01
270  5.62158890E-02 -6.000000E+00  0.000000E+00  2.695840E+01 -6.683625E-01
271  5.87907589E-02 -6.000000E+00  0.000000E+00  2.770129E+01 -6.912530E-01
272  6.14798821E-02 -6.000000E+00  0.000000E+00  2.843728E+01 -7.145104E-01
273  6.42880838E-02 -6.000000E+00  0.000000E+00  2.916320E+01 -7.380995E-01
274  6.72203773E-02 -6.000000E+00  0.000000E+00  2.987560E+01 -7.619809E-01
275  7.02819701E-02 -6.000000E+00  0.000000E+00  3.057072E+01 -7.861099E-01
276  7.34782706E-02 -6.000000E+00  0.000000E+00  3.124449E+01 -8.104364E-01
277  7.68148948E-02 -6.000000E+00  0.000000E+00  3.189254E+01 -8.349047E-01
278  8.02976727E-02 -6.000000E+00  0.000000E+00  3.251016E+01 -8.594532E-01
279  8.39326559E-02 -6.000000E+00  0.000000E+00  3.309231E+01 -8.840140E-01
280  8.77261241E-02 -6.000000E+00  0.000000E+00  3.363362E+01 -9.085124E-01
281  9.16845929E-02 -6.000000E+00  0.000000E+00  3.412839E+01 -9.328671E-01
282  9.58148206E-02 -6.000000E+00  0.000000E+00  3.457056E+01 -9.569897E-01
283  1.00123816E-01 -6.000000E+00  0.000000E+00  3.495377E+01 -9.807843E-01
284  1.04618847E-01 -6.000000E+00  0.000000E+00  3.527130E+01 -1.004147E+00
285  1.09307448E-01 -6.000000E+00  0.000000E+00  3.551616E+01 -1.026968E+00
286  1.14197425E-01 -6.000000E+00  0.000000E+00  3.568106E+01 -1.049127E+00
287  1.19296869E-01 -6.000000E+00  0.000000E+00  3.575844E+01 -1.070498E+00
288  1.24614161E-01 -6.000000E+00  0.000000E+00  3.574051E+01 -1.090945E+00
289  1.30157980E-01 -6.000000E+00  0.000000E+00  3.561930E+01 -1.110327E+00
290  1.35937314E-01 -6.000000E+00  0.000000E+00  3.538667E+01 -1.128492E+00
291  1.41961466E-01 -6.000000E+00  0.000000E+00  3.503443E+01 -1.145284E+00
292  1.48240065E-01 -6.000000E+00  0.000000E+00  3.455432E+01 -1.160537E+00
293  1.54783073E-01 -6.000000E+00  0.000000E+00  3.393817E+01 -1.174080E+00
294  1.61600797E-01 -6.000000E+00  0.000000E+00  3.317792E+01 -1.185735E+00
295  1.68703893E-01 -6.000000E+00  0.000000E+00  3.226576E+01 -1.195320E+00
296  1.76103381E-01 -6.000000E+00  0.000000E+00  3.119420E+01 -1.202648E+00
297  1.83810649E-01 -6.000000E+00  0.000000E+00  2.995623E+01 -1.207529E+00
298  1.91837467E-01 -6.000000E+00  0.000000E+00  2.854544E+01 -1.209770E+00
299  2.00195995E-01 -6.000000E+00  0.000000E+00  2.695614E+01 -1.209179E+00
300  2.08898789E-01 -6.000000E+00  0.000000E+00  2.518355E+01 -1.205563E+00
301  2.17958817E-01 -6.000000E+00  0.000000E+00  2.322396E+01 -1.198734E+00
302  2.27389462E-01 -6.000000E+00  0.000000E+00  2.107491E+01 -1.188508E+00
303  2.37204537E-01 -6.000000E+00  0.000000E+00  1.873536E+01 -1.174707E+00
304  2.47418291E-01 -6.000000E+00  0.000000E+00  1.620592E+01 -1.157167E+00
305  2.58045422E-01 -6.000000E+00  0.000000E+00  1.348905E+01 -1.135731E+00
306  2.69101083E-01 -6.000000E+00  0.000000E+00  1.058924E+01 -1.110261E+00
307  2.80600895E-01 -6.000000E+00  0.000000E+00  7.513266E+00 -1.080636E+00
308  2.92560954E-01 -6.000000E+00  0.000000E+00  4.270365E+00 -1.046758E+00
309  3.04997843E-01 -6.000000E+00  0.000000E+00  8.724550E-01 -1.008554E+00
310  3.17928640E-01 -6.000000E+00  0.000000E+00 -2.665676E+00 -9.659783E-01
311  3.31370928E-01 -6.000000E+00  0.000000E+00 -6.326194E+00 -9.190198E-01
312  3.45342804E-01 -6.000000E+00  0.000000E+00 -1.008806E+01 -8.677026E-01
313  3.59862891E-01 -6.000000E+00  0.000000E+00 -1.392692E+01 -8.120911E-01
314  3.74950341E-01 -6.000000E+00  0.000000E+00 -1.781500E+01 -7.522933E-01
315  3.90624854E-01 -6.000000E+00  0.000000E+00 -2.172103E+01 -6.884639E-01
316  4.06906676E-01 -6.000000E+00  0.000000E+00 -2.561033E+01 -6.208083E-01
317  4.23816615E-01 -6.000000E+00  0.000000E+00 -2.944480E+01 -5.495850E-01
318  4.41376050E-01 -6.000000E+00  0.000000E+00 -3.318309E+01 -4.751081E-01
319  4.59606935E-01 -6.000000E+00  0.000000E+00 -3.678079E+01 -3.977493E-01
320  4.78531811E-01 -6.000000E+00  0.000000E+00 -4.019077E+01 -3.179395E-01
321  4.98173812E-01 -6.000000E+00  0.000000E+00 -4.336352E+01 -2.361689E-01
322  5.18556675E-01 -6.000000E+00  0.000000E+00 -4.624768E+01 -1.529871E-01
323  5.39704745E-01 -6.000000E+00  0.000000E+00 -4.879065E+01 -6.900150E-02
324  5.61642986E-01 -6.000000E+00  0.000000E+00 -5.093925E+01  1.512509E-02
325  5.84396986E-01 -6.000000E+00  0.000000E+00 -5.264061E+01  9.867804E-02
326  6.07992961E-01 -6.000000E+00  0.000000E+00 -5.384305E+01  1.808960E-01
327  6.32457769E-01 -6.000000E+00  0.000000E+00 -5.449718E+01  2.609772E-01
328  6.57818910E-01 -6.000000E+00  0.000000E+00 -5.455700E+01  3.380874E-01
329  6.84104532E-01 -6.000000E+00  0.000000E+00 -5.398117E+01  4.113695E-01
330  7.11343441E-01 -6.000000E+00  0.000000E+00 -5.273431E+01  4.799540E-01
331  7.39565103E-01 -6.000000E+00  0.000000E+00 -5.078839E+01  5.429720E-01
332  7.68799650E-01 -6.000000E+00  0.000000E+00 -4.812410E+01  5.995687E-01
333  7.99077882E-01 -6.000000E+00  0.000000E+00 -4.473225E+01  6.489186E-01
334  8.30431275E-01 -6.000000E+00  0.000000E+00 -4.061516E+01  6.902420E-01
335  8.62891984E-01 -6.000000E+00  0.000000E+00 -3.578792E+01  7.228221E-01
336  8.96492841E-01 -6.000000E+00  0.000000E+00 -3.027952E+01  7.460229E-01
337  9.31267366E-01 -6.000000E+00  0.000000E+00 -2.413390E+01  7.593076E-01
338  9.67249763E-01 -6.000000E+00  0.000000E+00 -1.741066E+01  7.622561E-01
339  1.00447493E+00 -6.000000E+00  0.000000E+00 -1.018552E+01  7.545832E-01
340  1.04297844E+00 -6.000000E+00  0.000000E+00 -2.550519E+00  7.361549E-01
341  1.08279657E+00 -6.000000E+00  0.000000E+00  5.386281E+00  7.070028E-01
342  1.12396629E+00 -6.000000E+00  0.000000E+00  1.350147E+01  6.673376E-01
343  1.16652525E+00 -6.000000E+00  0.000000E+00  2.165747E+01  6.175584E-01
344  1.21051180E+00 -6.000000E+00  0.000000E+00  2.970422E+01  5.582598E-01
345  1.25596498E+00 -6.000000E+00  0.000000E+00  3.748139E+01  4.902346E-01
346  1.30292452E+00 -6.000000E+00  0.000000E+00  4.482120E+01  4.144716E-01
347  1.35143082E+00 -6.000000E+00  0.000000E+00  5.155172E+01  3.321499E-01
348  1.40152498E+00 -6.000000E+00  0.000000E+00  5.750072E+01  2.446261E-01
349  1.45324879E+00 -6.000000E+00  0.000000E+00  6.249998E+01  1.534180E-01
350  1.50664470E+00 -6.000000E+00  0.000000E+00  6.638996E+01  6.018080E-02
351  1.56175585E+00 -6.000000E+00  0.000000E+00  6.902484E+01 -3.332069E-02
352  1.61862603E+00 -6.000000E+00  0.000000E+00  7.027762E+01 -1.252460E-01
353  1.67729971E+00 -6.000000E+00  0.000000E+00  7.004538E+01 -2.137175E-01
354  1.73782201E+00 -6.000000E+00  0.000000E+00  6.825426E+01 -2.968630E-01
355  1.80023873E+00 -6.000000E+00  0.000000E+00  6.486420E+01 -3.728615E-01
356  1.86459628E+00 -6.000000E+00  0.000000E+00  5.987314E+01 -4.399914E-01
357  1.93094174E+00 -6.000000E+00  0.000000E+00  5.332046E+01 -4.966792E-01
358  1.99932280E+00 -6.000000E+00  0.000000E+00  4.528946E+01 -5.415480E-01
359  2.06978780E+00 -6.000000E+00  0.000000E+00  3.590879E+01 -5.734630E-01
360  2.14238568E+00 -6.000000E+00  0.000000E+00  2.535243E+01 -5.915744E-01
361  2.21716600E+00 -6.000000E+00  0.000000E+00  1.383832E+01 -5.953530E-01
362  2.29417890E+00 -6.000000E+00  0.000000E+00  1.625329E+00 -5.846202E-01
363  2.37347515E+00 -6.000000E+00  0.000000E+00 -1.099135E+01 -5.595680E-01
364  2.45510605E+00 -6.000000E+00  0.000000E+00 -2.368653E+01 -5.207690E-01
365  2.53912351E+00 -6.000000E+00  0.000000E+00 -3.611285E+01 -4.691757E-01
366  2.62557999E+00 -6.000000E+00  0.000000E+00 -4.791013E+01 -4.061068E-01
367  2.71452849E+00 -6.000000E+00  0.000000E+00 -5.871590E+01 -3.332217E-01
368  2.80602256E+00 -6.000000E+00  0.000000E+00 -6.817691E+01 -2.524824E-01
369  2.90011625E+00 -6.000000E+00  0.000000E+00 -7.596126E+01 -1.661035E-01
370  2.99686417E+00 -6.000000E+00  0.000000E+00 -8.177071E+01 -7.649198E-02
371  3.09632138E+00 -6.000000E+00  0.000000E+00 -8.535269E+01  1.382277E-02
372  3.19854346E+00 -6.000000E+00  0.000000E+00 -8.651162E+01  1.022653E-01
373  3.30358647E+00 -6.000000E+00  0.000000E+00 -8.511886E+01  1.862950E-01
374  3.41150690E+00 -6.000000E+00  0.000000E+00 -8.112104E+01  2.634890E-01
375  3.52236174E+00 -6.000000E+00  0.000000E+00 -7.454597E+01  3.316230E-01
376  3.63620836E+00 -6.000000E+00  0.000000E+00 -6.550608E+01  3.887475E-01
377  3.75310460E+00 -6.000000E+00  0.000000E+00 -5.419883E+01  4.332566E-01
378  3.87310868E+00 -6.000000E+00  0.000000E+00 -4.090397E+01  4.639451E-01
379  3.99627922E+00 -6.000000E+00  0.000000E+00 -2.597758E+01  4.800529E-01
380  4.12267523E+00 -6.000000E+00  0.000000E+00 -9.842847E+00  4.812930E-01
381  4.25235607E+00 -6.000000E+00  0.000000E+00  7.022071E+00  4.678626E-01
382  4.38538146E+00 -6.000000E+00  0.000000E+00  2.409885E+01  4.404357E-01
383  4.52181145E+00 -6.000000E+00  0.000000E+00  4.084598E+01  4.001384E-01
384  4.66170642E+00 -6.000000E+00  0.000000E+00  5.671719E+01  3.485051E-01
385  4.80512705E+00 -6.000000E+00  0.000000E+00  7.118080E+01  2.874210E-01
386  4.95213431E+00 -6.000000E+00  0.000000E+00  8.373895E+01  2.190488E-01
387  5.10278946E+00 -6.000000E+00  0.000000E+00  9.394618E+01  1.457471E-01
388  5.25715401E+00 -6.000000E+00  0.000000E+00  1.014262E+02  6.997997E-02
389  5.41528971E+00 -6.000000E+00  0.000000E+00  1.058865E+02 -5.775470E-03
390  5.57725856E+00 -6.000000E+00  0.000000E+00  1.071296E+02 -7.912081E-02
391  5.74312276E+00 -6.000000E+00  0.000000E+00  1.050608E+02 -1.478232E-01
392  5.91294473E+00 -6.000000E+00  0.000000E+00  9.969230E+01 -2.098934E-01
393  6.08678706E+00 -6.000000E+00  0.000000E+00  9.114231E+01 -2.636517E-01
394  6.26471252E+00 -6.000000E+00  0.000000E+00  7.963063E+01 -3.077794E-01
395  6.44678405E+00 -6.000000E+00  0.000000E+00  6.546992E+01 -3.413530E-01
396  6.63306471E+00 -6.000000E+00  0.000000E+00  4.905341E+01 -3.638615E-01
397  6.82361772E+00 -6.000000E+00  0.000000E+00  3.083954E+01 -3.752052E-01
398  7.01850637E+00 -6.000000E+00  0.000000E+00  1.133428E+01 -3.757080E-01
399  7.21779410E+00 -6.000000E+00  0.000000E+00 -2.109543E+01 -8.644885E-01
