#      n =  7
#  kappa = -1
# energy = -6.26181273E+01
#     vc = -1.91421640E+08


0    6.66666667E-08 -2.105644E-02  0.000000E+00  0.000000E+00 -4.433510E+00
1    6.99163742E-08 -2.208285E-02  0.000000E+00 -3.896694E-05 -4.433510E+00
2    7.33244816E-08 -2.315929E-02  0.000000E+00 -7.983324E-05 -4.227439E+00
3    7.68987090E-08 -2.428819E-02  0.000000E+00 -1.226915E-04 -4.030949E+00
4    8.06471529E-08 -2.547213E-02  0.000000E+00 -1.676387E-04 -3.843592E+00
5    8.45783042E-08 -2.671377E-02  0.000000E+00 -2.147768E-04 -3.664944E+00
6    8.87010677E-08 -2.801593E-02  0.000000E+00 -2.642125E-04 -3.494600E+00
7    9.30247819E-08 -2.938155E-02  0.000000E+00 -3.160577E-04 -3.332174E+00
8    9.75592406E-08 -3.081375E-02  0.000000E+00 -3.704300E-04 -3.177298E+00
9    1.02314715E-07 -3.231574E-02  0.000000E+00 -4.274524E-04 -3.029620E+00
10   1.07301976E-07 -3.389095E-02  0.000000E+00 -4.872542E-04 -2.888807E+00
11   1.12532321E-07 -3.554293E-02  0.000000E+00 -5.499707E-04 -2.754540E+00
12   1.18017595E-07 -3.727543E-02  0.000000E+00 -6.157441E-04 -2.626513E+00
13   1.23770224E-07 -3.909238E-02  0.000000E+00 -6.847234E-04 -2.504437E+00
14   1.29803237E-07 -4.099788E-02  0.000000E+00 -7.570646E-04 -2.388035E+00
15   1.36130298E-07 -4.299625E-02  0.000000E+00 -8.329318E-04 -2.277044E+00
16   1.42765736E-07 -4.509203E-02  0.000000E+00 -9.124967E-04 -2.171212E+00
17   1.49724582E-07 -4.728995E-02  0.000000E+00 -9.959395E-04 -2.070299E+00
18   1.57022594E-07 -4.959499E-02  0.000000E+00 -1.083449E-03 -1.974077E+00
19   1.64676303E-07 -5.201238E-02  0.000000E+00 -1.175224E-03 -1.882327E+00
20   1.72703040E-07 -5.454758E-02  0.000000E+00 -1.271472E-03 -1.794842E+00
21   1.81120986E-07 -5.720634E-02  0.000000E+00 -1.372411E-03 -1.711423E+00
22   1.89949205E-07 -5.999469E-02  0.000000E+00 -1.478269E-03 -1.631882E+00
23   1.99207688E-07 -6.291893E-02  0.000000E+00 -1.589286E-03 -1.556037E+00
24   2.08917403E-07 -6.598568E-02  0.000000E+00 -1.705715E-03 -1.483719E+00
25   2.19100339E-07 -6.920190E-02  0.000000E+00 -1.827817E-03 -1.414761E+00
26   2.29779556E-07 -7.257486E-02  0.000000E+00 -1.955870E-03 -1.349009E+00
27   2.40979236E-07 -7.611221E-02  0.000000E+00 -2.090165E-03 -1.286312E+00
28   2.52724742E-07 -7.982194E-02  0.000000E+00 -2.231004E-03 -1.226530E+00
29   2.65042669E-07 -8.371247E-02  0.000000E+00 -2.378706E-03 -1.169527E+00
30   2.77960911E-07 -8.779259E-02  0.000000E+00 -2.533608E-03 -1.115173E+00
31   2.91508719E-07 -9.207156E-02  0.000000E+00 -2.696058E-03 -1.063345E+00
32   3.05716769E-07 -9.655904E-02  0.000000E+00 -2.866425E-03 -1.013927E+00
33   3.20617233E-07 -1.012652E-01  0.000000E+00 -3.045095E-03 -9.668051E-01
34   3.36243847E-07 -1.062007E-01  0.000000E+00 -3.232472E-03 -9.218736E-01
35   3.52631993E-07 -1.113767E-01  0.000000E+00 -3.428980E-03 -8.790304E-01
36   3.69818775E-07 -1.168050E-01  0.000000E+00 -3.635064E-03 -8.381786E-01
37   3.87843106E-07 -1.224978E-01  0.000000E+00 -3.851192E-03 -7.992256E-01
38   4.06745793E-07 -1.284679E-01  0.000000E+00 -4.077852E-03 -7.620830E-01
39   4.26569631E-07 -1.347290E-01  0.000000E+00 -4.315557E-03 -7.266667E-01
40   4.47359499E-07 -1.412952E-01  0.000000E+00 -4.564845E-03 -6.928965E-01
41   4.69162462E-07 -1.481813E-01  0.000000E+00 -4.826282E-03 -6.606959E-01
42   4.92027879E-07 -1.554029E-01  0.000000E+00 -5.100458E-03 -6.299919E-01
43   5.16007509E-07 -1.629764E-01  0.000000E+00 -5.387994E-03 -6.007149E-01
44   5.41155636E-07 -1.709189E-01  0.000000E+00 -5.689542E-03 -5.727986E-01
45   5.67529186E-07 -1.792484E-01  0.000000E+00 -6.005783E-03 -5.461798E-01
46   5.95187856E-07 -1.879838E-01  0.000000E+00 -6.337434E-03 -5.207982E-01
47   6.24194251E-07 -1.971447E-01  0.000000E+00 -6.685245E-03 -4.965961E-01
48   6.54614026E-07 -2.067519E-01  0.000000E+00 -7.050004E-03 -4.735189E-01
49   6.86516032E-07 -2.168271E-01  0.000000E+00 -7.432536E-03 -4.515142E-01
50   7.19972473E-07 -2.273932E-01  0.000000E+00 -7.833707E-03 -4.305321E-01
51   7.55059067E-07 -2.384740E-01  0.000000E+00 -8.254424E-03 -4.105252E-01
52   7.91855222E-07 -2.500946E-01  0.000000E+00 -8.695640E-03 -3.914481E-01
53   8.30444210E-07 -2.622812E-01  0.000000E+00 -9.158354E-03 -3.732575E-01
54   8.70913358E-07 -2.750614E-01  0.000000E+00 -9.643612E-03 -3.559123E-01
55   9.13354246E-07 -2.884641E-01  0.000000E+00 -1.015251E-02 -3.393731E-01
56   9.57862911E-07 -3.025196E-01  0.000000E+00 -1.068621E-02 -3.236025E-01
57   1.00454007E-06 -3.172596E-01  0.000000E+00 -1.124590E-02 -3.085647E-01
58   1.05349133E-06 -3.327175E-01  0.000000E+00 -1.183287E-02 -2.942257E-01
59   1.10482745E-06 -3.489281E-01  0.000000E+00 -1.244843E-02 -2.805530E-01
60   1.15866459E-06 -3.659281E-01  0.000000E+00 -1.309398E-02 -2.675156E-01
61   1.21512454E-06 -3.837559E-01  0.000000E+00 -1.377097E-02 -2.550839E-01
62   1.27433505E-06 -4.024516E-01  0.000000E+00 -1.448095E-02 -2.432298E-01
63   1.33643004E-06 -4.220575E-01  0.000000E+00 -1.522552E-02 -2.319264E-01
64   1.40155001E-06 -4.426178E-01  0.000000E+00 -1.600635E-02 -2.211481E-01
65   1.46984224E-06 -4.641790E-01  0.000000E+00 -1.682522E-02 -2.108705E-01
66   1.54146122E-06 -4.867895E-01  0.000000E+00 -1.768399E-02 -2.010703E-01
67   1.61656894E-06 -5.105003E-01  0.000000E+00 -1.858458E-02 -1.917252E-01
68   1.69533527E-06 -5.353650E-01  0.000000E+00 -1.952904E-02 -1.828141E-01
69   1.77793835E-06 -5.614394E-01  0.000000E+00 -2.051950E-02 -1.743168E-01
70   1.86456500E-06 -5.887822E-01  0.000000E+00 -2.155821E-02 -1.662140E-01
71   1.95541112E-06 -6.174550E-01  0.000000E+00 -2.264751E-02 -1.584874E-01
72   2.05068213E-06 -6.475223E-01  0.000000E+00 -2.378987E-02 -1.511193E-01
73   2.15059346E-06 -6.790515E-01  0.000000E+00 -2.498786E-02 -1.440931E-01
74   2.25537103E-06 -7.121135E-01  0.000000E+00 -2.624420E-02 -1.373929E-01
75   2.36525172E-06 -7.467824E-01  0.000000E+00 -2.756173E-02 -1.310035E-01
76   2.48048396E-06 -7.831361E-01  0.000000E+00 -2.894342E-02 -1.249103E-01
77   2.60132826E-06 -8.212558E-01  0.000000E+00 -3.039240E-02 -1.190995E-01
78   2.72805779E-06 -8.612269E-01  0.000000E+00 -3.191194E-02 -1.135579E-01
79   2.86095902E-06 -9.031387E-01  0.000000E+00 -3.350548E-02 -1.082729E-01
80   3.00033234E-06 -9.470847E-01  0.000000E+00 -3.517661E-02 -1.032326E-01
81   3.14649275E-06 -9.931631E-01  0.000000E+00 -3.692912E-02 -9.842533E-02
82   3.29977059E-06 -1.041476E+00  0.000000E+00 -3.876696E-02 -9.384028E-02
83   3.46051223E-06 -1.092132E+00  0.000000E+00 -4.069429E-02 -8.946697E-02
84   3.62908091E-06 -1.145242E+00  0.000000E+00 -4.271545E-02 -8.529543E-02
85   3.80585752E-06 -1.200924E+00  0.000000E+00 -4.483502E-02 -8.131613E-02
86   3.99124147E-06 -1.259301E+00  0.000000E+00 -4.705778E-02 -7.751999E-02
87   4.18565157E-06 -1.320503E+00  0.000000E+00 -4.938874E-02 -7.389831E-02
88   4.38952703E-06 -1.384663E+00  0.000000E+00 -5.183319E-02 -7.044279E-02
89   4.60332836E-06 -1.451922E+00  0.000000E+00 -5.439662E-02 -6.714550E-02
90   4.82753849E-06 -1.522428E+00  0.000000E+00 -5.708483E-02 -6.399886E-02
91   5.06266380E-06 -1.596334E+00  0.000000E+00 -5.990389E-02 -6.099560E-02
92   5.30923529E-06 -1.673800E+00  0.000000E+00 -6.286016E-02 -5.812879E-02
93   5.56780976E-06 -1.754993E+00  0.000000E+00 -6.596031E-02 -5.539176E-02
94   5.83897107E-06 -1.840090E+00  0.000000E+00 -6.921133E-02 -5.277816E-02
95   6.12333144E-06 -1.929271E+00  0.000000E+00 -7.262055E-02 -5.028186E-02
96   6.42153283E-06 -2.022726E+00  0.000000E+00 -7.619568E-02 -4.789701E-02
97   6.73424839E-06 -2.120654E+00  0.000000E+00 -7.994476E-02 -4.561798E-02
98   7.06218398E-06 -2.223260E+00  0.000000E+00 -8.387625E-02 -4.343936E-02
99   7.40607972E-06 -2.330758E+00  0.000000E+00 -8.799902E-02 -4.135593E-02
100  7.76671170E-06 -2.443371E+00  0.000000E+00 -9.232234E-02 -3.936267E-02
101  8.14489367E-06 -2.561328E+00  0.000000E+00 -9.685597E-02 -3.745473E-02
102  8.54147891E-06 -2.684870E+00  0.000000E+00 -1.016101E-01 -3.562744E-02
103  8.95736213E-06 -2.814243E+00  0.000000E+00 -1.065955E-01 -3.387625E-02
104  9.39348147E-06 -2.949704E+00  0.000000E+00 -1.118233E-01 -3.219675E-02
105  9.85082061E-06 -3.091518E+00  0.000000E+00 -1.173053E-01 -3.058466E-02
106  1.03304110E-05 -3.239955E+00  0.000000E+00 -1.230539E-01 -2.903581E-02
107  1.08333341E-05 -3.395296E+00  0.000000E+00 -1.290819E-01 -2.754610E-02
108  1.13607238E-05 -3.557827E+00  0.000000E+00 -1.354030E-01 -2.611153E-02
109  1.19137692E-05 -3.727842E+00  0.000000E+00 -1.420313E-01 -2.472816E-02
110  1.24937169E-05 -3.905640E+00  0.000000E+00 -1.489817E-01 -2.339210E-02
111  1.31018741E-05 -4.091524E+00  0.000000E+00 -1.562699E-01 -2.209949E-02
112  1.37396113E-05 -4.285801E+00  0.000000E+00 -1.639122E-01 -2.084649E-02
113  1.44083656E-05 -4.488778E+00  0.000000E+00 -1.719257E-01 -1.962930E-02
114  1.51096436E-05 -4.700765E+00  0.000000E+00 -1.803284E-01 -1.844406E-02
115  1.58450251E-05 -4.922067E+00  0.000000E+00 -1.891391E-01 -1.728692E-02
116  1.66161664E-05 -5.152984E+00  0.000000E+00 -1.983776E-01 -1.615397E-02
117  1.74248042E-05 -5.393806E+00  0.000000E+00 -2.080645E-01 -1.504126E-02
118  1.82727593E-05 -5.644814E+00  0.000000E+00 -2.182215E-01 -1.394476E-02
119  1.91619407E-05 -5.906267E+00  0.000000E+00 -2.288713E-01 -1.286033E-02
120  2.00943499E-05 -6.178403E+00  0.000000E+00 -2.400378E-01 -1.178374E-02
121  2.10720855E-05 -6.461431E+00  0.000000E+00 -2.517456E-01 -1.071063E-02
122  2.20973476E-05 -6.755521E+00  0.000000E+00 -2.640211E-01 -9.636483E-03
123  2.31724429E-05 -7.060798E+00  0.000000E+00 -2.768915E-01 -8.556636E-03
124  2.42997898E-05 -7.377328E+00  0.000000E+00 -2.903854E-01 -7.466235E-03
125  2.54819238E-05 -7.705109E+00  0.000000E+00 -3.045329E-01 -6.360234E-03
126  2.67215032E-05 -8.044054E+00  0.000000E+00 -3.193652E-01 -5.233380E-03
127  2.80213148E-05 -8.393974E+00  0.000000E+00 -3.349154E-01 -4.080195E-03
128  2.93842803E-05 -8.754562E+00  0.000000E+00 -3.512177E-01 -2.894975E-03
129  3.08134629E-05 -9.125365E+00  0.000000E+00 -3.683083E-01 -1.671778E-03
130  3.23120739E-05 -9.505760E+00  0.000000E+00 -3.862249E-01 -4.044291E-04
131  3.38834799E-05 -9.894924E+00  0.000000E+00 -4.050069E-01  9.134710E-04
132  3.55312101E-05 -1.029179E+01  0.000000E+00 -4.246956E-01  2.288532E-03
133  3.72589647E-05 -1.069503E+01  0.000000E+00 -4.453344E-01  3.727541E-03
134  3.90706226E-05 -1.110297E+01  0.000000E+00 -4.669685E-01  5.237423E-03
135  4.09702499E-05 -1.151357E+01  0.000000E+00 -4.896453E-01  6.825169E-03
136  4.29621096E-05 -1.192431E+01  0.000000E+00 -5.134144E-01  8.497756E-03
137  4.50506702E-05 -1.233220E+01  0.000000E+00 -5.383278E-01  1.026203E-02
138  4.72406164E-05 -1.273359E+01  0.000000E+00 -5.644397E-01  1.212452E-02
139  4.95368587E-05 -1.312415E+01  0.000000E+00 -5.918071E-01  1.409130E-02
140  5.19445450E-05 -1.349873E+01  0.000000E+00 -6.204897E-01  1.616765E-02
141  5.44690714E-05 -1.385119E+01  0.000000E+00 -6.505499E-01  1.835689E-02
142  5.71160944E-05 -1.417432E+01  0.000000E+00 -6.820531E-01  2.066154E-02
143  5.98915436E-05 -1.445958E+01  0.000000E+00 -7.150682E-01  2.328514E-02
144  6.28016342E-05 -1.469696E+01  0.000000E+00 -7.496665E-01  2.587663E-02
145  6.58528812E-05 -1.487471E+01  0.000000E+00 -7.859345E-01  1.725322E-02
146  6.90521138E-05 -1.497905E+01  0.000000E+00 -8.240115E-01  4.232490E-02
147  7.24064899E-05 -1.500000E+01  0.000000E+00 -8.636523E-01  4.662470E-02
148  7.59235126E-05 -1.500000E+01  0.000000E+00 -9.054409E-01  2.469388E-02
149  7.96110462E-05 -1.500000E+01  0.000000E+00 -9.492189E-01  3.668659E-02
150  8.34773335E-05 -1.500000E+01  0.000000E+00 -9.950513E-01  4.367819E-02
151  8.75310142E-05 -1.500000E+01  0.000000E+00 -1.043083E+00  4.616440E-02
152  9.17811437E-05 -1.500000E+01  0.000000E+00 -1.093420E+00  4.940951E-02
153  9.62372128E-05 -1.500000E+01  0.000000E+00 -1.146172E+00  5.280227E-02
154  1.00909169E-04 -1.500000E+01  0.000000E+00 -1.201453E+00  5.630587E-02
155  1.05807438E-04 -1.500000E+01  0.000000E+00 -1.259384E+00  5.993377E-02
156  1.10942945E-04 -1.500000E+01  0.000000E+00 -1.320093E+00  6.369394E-02
157  1.16327143E-04 -1.500000E+01  0.000000E+00 -1.383711E+00  6.759462E-02
158  1.21972033E-04 -1.500000E+01  0.000000E+00 -1.450377E+00  7.164436E-02
159  1.27890192E-04 -1.500000E+01  0.000000E+00 -1.520236E+00  7.585204E-02
160  1.34094800E-04 -1.500000E+01  0.000000E+00 -1.593441E+00  8.022684E-02
161  1.40599671E-04 -1.500000E+01  0.000000E+00 -1.670149E+00  8.477835E-02
162  1.47419280E-04 -1.500000E+01  0.000000E+00 -1.750528E+00  8.951649E-02
163  1.54568797E-04 -1.500000E+01  0.000000E+00 -1.834753E+00  9.445160E-02
164  1.62064118E-04 -1.500000E+01  0.000000E+00 -1.923004E+00  9.959444E-02
165  1.69921899E-04 -1.500000E+01  0.000000E+00 -2.015474E+00  1.049562E-01
166  1.78159595E-04 -1.500000E+01  0.000000E+00 -2.112363E+00  1.105486E-01
167  1.86795496E-04 -1.500000E+01  0.000000E+00 -2.213878E+00  1.163836E-01
168  1.95848767E-04 -1.500000E+01  0.000000E+00 -2.320240E+00  1.224741E-01
169  2.05339488E-04 -1.500000E+01  0.000000E+00 -2.431677E+00  1.288332E-01
170  2.15288699E-04 -1.500000E+01  0.000000E+00 -2.548428E+00  1.354747E-01
171  2.25718446E-04 -1.500000E+01  0.000000E+00 -2.670744E+00  1.424129E-01
172  2.36651825E-04 -1.500000E+01  0.000000E+00 -2.798888E+00  1.496629E-01
173  2.48113036E-04 -1.500000E+01  0.000000E+00 -2.933134E+00  1.572402E-01
174  2.60127433E-04 -1.500000E+01  0.000000E+00 -3.073768E+00  1.651612E-01
175  2.72721577E-04 -1.500000E+01  0.000000E+00 -3.221090E+00  1.734429E-01
176  2.85923295E-04 -1.500000E+01  0.000000E+00 -3.375415E+00  1.821031E-01
177  2.99761740E-04 -1.500000E+01  0.000000E+00 -3.537069E+00  1.911605E-01
178  3.14267450E-04 -1.500000E+01  0.000000E+00 -3.706396E+00  2.006343E-01
179  3.29472417E-04 -1.500000E+01  0.000000E+00 -3.883755E+00  2.105449E-01
180  3.45410152E-04 -1.500000E+01  0.000000E+00 -4.069519E+00  2.209135E-01
181  3.62115760E-04 -1.500000E+01  0.000000E+00 -4.264081E+00  2.317620E-01
182  3.79626011E-04 -1.500000E+01  0.000000E+00 -4.467850E+00  2.431137E-01
183  3.97979418E-04 -1.500000E+01  0.000000E+00 -4.681253E+00  2.549926E-01
184  4.17216323E-04 -1.500000E+01  0.000000E+00 -4.904737E+00  2.674238E-01
185  4.37378976E-04 -1.500000E+01  0.000000E+00 -5.138768E+00  2.804338E-01
186  4.58511629E-04 -1.500000E+01  0.000000E+00 -5.383835E+00  2.940499E-01
187  4.80660628E-04 -1.500000E+01  0.000000E+00 -5.640444E+00  3.083009E-01
188  5.03874509E-04 -1.500000E+01  0.000000E+00 -5.909129E+00  3.232167E-01
189  5.28204101E-04 -1.500000E+01  0.000000E+00 -6.190444E+00  3.388286E-01
190  5.53702634E-04 -1.500000E+01  0.000000E+00 -6.484966E+00  3.551693E-01
191  5.80425848E-04 -1.500000E+01  0.000000E+00 -6.793301E+00  3.722728E-01
192  6.08432109E-04 -1.500000E+01  0.000000E+00 -7.116079E+00  3.901748E-01
193  6.37782534E-04 -1.500000E+01  0.000000E+00 -7.453956E+00  4.089125E-01
194  6.68541114E-04 -1.500000E+01  0.000000E+00 -7.807619E+00  4.285246E-01
195  7.00774851E-04 -1.500000E+01  0.000000E+00 -8.177781E+00  4.490517E-01
196  7.34553891E-04 -1.500000E+01  0.000000E+00 -8.565188E+00  4.705359E-01
197  7.69951677E-04 -1.500000E+01  0.000000E+00 -8.970616E+00  4.930214E-01
198  8.07045093E-04 -1.500000E+01  0.000000E+00 -9.394874E+00  5.165542E-01
199  8.45914625E-04 -1.500000E+01  0.000000E+00 -9.838804E+00  5.411821E-01
200  8.86644527E-04 -1.500000E+01  0.000000E+00 -1.030328E+01  5.669553E-01
201  9.29322993E-04 -1.500000E+01  0.000000E+00 -1.078922E+01  5.939258E-01
202  9.74042337E-04 -1.500000E+01  0.000000E+00 -1.129758E+01  6.221481E-01
203  1.02089918E-03 -1.500000E+01  0.000000E+00 -1.182933E+01  6.516787E-01
204  1.06999465E-03 -1.500000E+01  0.000000E+00 -1.238551E+01  6.825768E-01
205  1.12143458E-03 -1.500000E+01  0.000000E+00 -1.296718E+01  7.149036E-01
206  1.17532972E-03 -1.500000E+01  0.000000E+00 -1.357546E+01  7.487234E-01
207  1.23179599E-03 -1.500000E+01  0.000000E+00 -1.421150E+01  7.841027E-01
208  1.29095467E-03 -1.500000E+01  0.000000E+00 -1.487649E+01  8.211110E-01
209  1.35293267E-03 -1.500000E+01  0.000000E+00 -1.557168E+01  8.598204E-01
210  1.41786277E-03 -1.500000E+01  0.000000E+00 -1.629835E+01  9.003060E-01
211  1.48588389E-03 -1.500000E+01  0.000000E+00 -1.705783E+01  9.426459E-01
212  1.55714138E-03 -1.500000E+01  0.000000E+00 -1.785152E+01  9.869213E-01
213  1.63178729E-03 -1.500000E+01  0.000000E+00 -1.868084E+01  1.033216E+00
214  1.70998066E-03 -1.500000E+01  0.000000E+00 -1.954727E+01  1.081619E+00
215  1.79188787E-03 -1.500000E+01  0.000000E+00 -2.045234E+01  1.132220E+00
216  1.87768293E-03 -1.500000E+01  0.000000E+00 -2.139764E+01  1.185114E+00
217  1.96754784E-03 -1.500000E+01  0.000000E+00 -2.238480E+01  1.240399E+00
218  2.06167293E-03 -1.500000E+01  0.000000E+00 -2.341552E+01  1.298176E+00
219  2.16025725E-03 -1.500000E+01  0.000000E+00 -2.449151E+01  1.358550E+00
220  2.26350894E-03 -1.500000E+01  0.000000E+00 -2.561458E+01  1.421631E+00
221  2.37164563E-03 -1.500000E+01  0.000000E+00 -2.678658E+01  1.487531E+00
222  2.48489485E-03 -1.500000E+01  0.000000E+00 -2.800938E+01  1.556367E+00
223  2.60349450E-03 -1.500000E+01  0.000000E+00 -2.928494E+01  1.628260E+00
224  2.72769326E-03 -1.500000E+01  0.000000E+00 -3.061525E+01  1.703334E+00
225  2.85775109E-03 -1.500000E+01  0.000000E+00 -3.200235E+01  1.781718E+00
226  2.99393969E-03 -1.500000E+01  0.000000E+00 -3.344834E+01  1.863546E+00
227  3.13654305E-03 -1.500000E+01  0.000000E+00 -3.495534E+01  1.948953E+00
228  3.28585796E-03 -1.500000E+01  0.000000E+00 -3.652553E+01  2.038080E+00
229  3.44219455E-03 -1.500000E+01  0.000000E+00 -3.816112E+01  2.131073E+00
230  3.60587689E-03 -1.500000E+01  0.000000E+00 -3.986436E+01  2.228082E+00
231  3.77724357E-03 -1.500000E+01  0.000000E+00 -4.163753E+01  2.329258E+00
232  3.95664833E-03 -1.500000E+01  0.000000E+00 -4.348294E+01  2.434759E+00
233  4.14446070E-03 -1.500000E+01  0.000000E+00 -4.540291E+01  2.544746E+00
234  4.34106668E-03 -1.500000E+01  0.000000E+00 -4.739979E+01  2.659383E+00
235  4.54686941E-03 -1.500000E+01  0.000000E+00 -4.947591E+01  2.778839E+00
236  4.76228994E-03 -1.500000E+01  0.000000E+00 -5.163362E+01  2.903284E+00
237  4.98776795E-03 -1.500000E+01  0.000000E+00 -5.387526E+01  3.032895E+00
238  5.22376253E-03 -1.500000E+01  0.000000E+00 -5.620314E+01  3.167847E+00
239  5.47075300E-03 -1.500000E+01  0.000000E+00 -5.861954E+01  3.308322E+00
240  5.72923976E-03 -1.500000E+01  0.000000E+00 -6.112669E+01  3.454502E+00
241  5.99974515E-03 -1.500000E+01  0.000000E+00 -6.372676E+01  3.606571E+00
242  6.28281436E-03 -1.500000E+01  0.000000E+00 -6.642186E+01  3.764714E+00
243  6.57901636E-03 -1.500000E+01  0.000000E+00 -6.921397E+01  3.929119E+00
244  6.88894490E-03 -1.500000E+01  0.000000E+00 -7.210501E+01  4.099971E+00
245  7.21321949E-03 -1.500000E+01  0.000000E+00 -7.509672E+01  4.277457E+00
246  7.55248647E-03 -1.500000E+01  0.000000E+00 -7.819070E+01  4.461763E+00
247  7.90742007E-03 -1.500000E+01  0.000000E+00 -8.138838E+01  4.653071E+00
248  8.27872355E-03 -1.500000E+01  0.000000E+00 -8.469096E+01  4.851562E+00
249  8.66713038E-03 -1.500000E+01  0.000000E+00 -8.809941E+01  5.057413E+00
250  9.07340538E-03 -1.500000E+01  0.000000E+00 -9.161444E+01  5.270795E+00
251  9.49834604E-03 -1.500000E+01  0.000000E+00 -9.523643E+01  5.491873E+00
252  9.94278377E-03 -1.500000E+01  0.000000E+00 -9.896543E+01  5.720805E+00
253  1.04075852E-02 -1.500000E+01  0.000000E+00 -1.028011E+02  5.957740E+00
254  1.08936537E-02 -1.500000E+01  0.000000E+00 -1.067427E+02  6.202817E+00
255  1.14019305E-02 -1.500000E+01  0.000000E+00 -1.107890E+02  6.456160E+00
256  1.19333966E-02 -1.500000E+01  0.000000E+00 -1.149381E+02  6.717883E+00
257  1.24890739E-02 -1.500000E+01  0.000000E+00 -1.191879E+02  6.988078E+00
258  1.30700269E-02 -1.500000E+01  0.000000E+00 -1.235352E+02  7.266825E+00
259  1.36773643E-02 -1.500000E+01  0.000000E+00 -1.279764E+02  7.554178E+00
260  1.43122409E-02 -1.500000E+01  0.000000E+00 -1.325071E+02  7.850169E+00
261  1.49758589E-02 -1.500000E+01  0.000000E+00 -1.371219E+02  8.154806E+00
262  1.56694700E-02 -1.500000E+01  0.000000E+00 -1.418149E+02  8.468065E+00
263  1.63943771E-02 -1.500000E+01  0.000000E+00 -1.465787E+02  8.789890E+00
264  1.71519363E-02 -1.500000E+01  0.000000E+00 -1.514052E+02  9.120191E+00
265  1.79435585E-02 -1.500000E+01  0.000000E+00 -1.562852E+02  9.458838E+00
266  1.87707119E-02 -1.500000E+01  0.000000E+00 -1.612081E+02  9.805658E+00
267  1.96349238E-02 -1.500000E+01  0.000000E+00 -1.661620E+02  1.016043E+01
268  2.05377824E-02 -1.500000E+01  0.000000E+00 -1.711338E+02  1.052289E+01
269  2.14809396E-02 -1.500000E+01  0.000000E+00 -1.761088E+02  1.089270E+01
270  2.24661128E-02 -1.500000E+01  0.000000E+00 -1.810708E+02  1.126948E+01
271  2.34950872E-02 -1.500000E+01  0.000000E+00 -1.860019E+02  1.165278E+01
272  2.45697185E-02 -1.500000E+01  0.000000E+00 -1.908824E+02  1.204208E+01
273  2.56919347E-02 -1.500000E+01  0.000000E+00 -1.956910E+02  1.243679E+01
274  2.68637393E-02 -1.500000E+01  0.000000E+00 -2.004042E+02  1.283623E+01
275  2.80872132E-02 -1.500000E+01  0.000000E+00 -2.049968E+02  1.323964E+01
276  2.93645177E-02 -1.500000E+01  0.000000E+00 -2.094414E+02  1.364618E+01
277  3.06978970E-02 -1.500000E+01  0.000000E+00 -2.137084E+02  1.405490E+01
278  3.20896808E-02 -1.500000E+01  0.000000E+00 -2.177663E+02  1.446476E+01
279  3.35422875E-02 -1.500000E+01  0.000000E+00 -2.215811E+02  1.487460E+01
280  3.50582265E-02 -1.500000E+01  0.000000E+00 -2.251168E+02  1.528318E+01
281  3.66401014E-02 -1.500000E+01  0.000000E+00 -2.283350E+02  1.568911E+01
282  3.82906132E-02 -1.500000E+01  0.000000E+00 -2.311952E+02  1.609090E+01
283  4.00125626E-02 -1.500000E+01  0.000000E+00 -2.336545E+02  1.648694E+01
284  4.18088540E-02 -1.500000E+01  0.000000E+00 -2.356682E+02  1.687547E+01
285  4.36824979E-02 -1.500000E+01  0.000000E+00 -2.371894E+02  1.725464E+01
286  4.56366144E-02 -1.500000E+01  0.000000E+00 -2.381692E+02  1.762243E+01
287  4.76744365E-02 -1.500000E+01  0.000000E+00 -2.385573E+02  1.797670E+01
288  4.97993133E-02 -1.500000E+01  0.000000E+00 -2.383015E+02  1.831519E+01
289  5.20147136E-02 -1.500000E+01  0.000000E+00 -2.373487E+02  1.863550E+01
290  5.43242287E-02 -1.500000E+01  0.000000E+00 -2.356449E+02  1.893509E+01
291  5.67315768E-02 -1.500000E+01  0.000000E+00 -2.331352E+02  1.921132E+01
292  5.92406056E-02 -1.500000E+01  0.000000E+00 -2.297650E+02  1.946142E+01
293  6.18552966E-02 -1.500000E+01  0.000000E+00 -2.254800E+02  1.968250E+01
294  6.45797679E-02 -1.500000E+01  0.000000E+00 -2.202269E+02  1.987157E+01
295  6.74182789E-02 -1.500000E+01  0.000000E+00 -2.139540E+02  2.002559E+01
296  7.03752330E-02 -1.500000E+01  0.000000E+00 -2.066120E+02  2.014140E+01
297  7.34551818E-02 -1.500000E+01  0.000000E+00 -1.981549E+02  2.021580E+01
298  7.66628288E-02 -1.500000E+01  0.000000E+00 -1.885408E+02  2.024559E+01
299  8.00030331E-02 -1.500000E+01  0.000000E+00 -1.777328E+02  2.022751E+01
300  8.34808135E-02 -1.500000E+01  0.000000E+00 -1.657003E+02  2.015835E+01
301  8.71013516E-02 -1.500000E+01  0.000000E+00 -1.524198E+02  2.003496E+01
302  9.08699967E-02 -1.500000E+01  0.000000E+00 -1.378765E+02  1.985424E+01
303  9.47922686E-02 -1.500000E+01  0.000000E+00 -1.220653E+02  1.961325E+01
304  9.88738623E-02 -1.500000E+01  0.000000E+00 -1.049922E+02  1.930919E+01
305  1.03120651E-01 -1.500000E+01  0.000000E+00 -8.667596E+01  1.893949E+01
306  1.07538692E-01 -1.500000E+01  0.000000E+00 -6.714894E+01  1.850184E+01
307  1.12134227E-01 -1.500000E+01  0.000000E+00 -4.645904E+01  1.799424E+01
308  1.16913690E-01 -1.500000E+01  0.000000E+00 -2.467089E+01  1.741506E+01
309  1.21883708E-01 -1.500000E+01  0.000000E+00 -1.867233E+00  1.676311E+01
310  1.27051106E-01 -1.500000E+01  0.000000E+00  2.184980E+01  1.603767E+01
311  1.32422911E-01 -1.500000E+01  0.000000E+00  4.635747E+01  1.523860E+01
312  1.38006358E-01 -1.500000E+01  0.000000E+00  7.151147E+01  1.436635E+01
313  1.43808887E-01 -1.500000E+01  0.000000E+00  9.714505E+01  1.342208E+01
314  1.49838155E-01 -1.500000E+01  0.000000E+00  1.230684E+02  1.240766E+01
315  1.56102034E-01 -1.500000E+01  0.000000E+00  1.490686E+02  1.132578E+01
316  1.62608617E-01 -1.500000E+01  0.000000E+00  1.749094E+02  1.017998E+01
317  1.69366219E-01 -1.500000E+01  0.000000E+00  2.003317E+02  8.974717E+00
318  1.76383386E-01 -1.500000E+01  0.000000E+00  2.250550E+02  7.715378E+00
319  1.83668893E-01 -1.500000E+01  0.000000E+00  2.487783E+02  6.408346E+00
320  1.91231748E-01 -1.500000E+01  0.000000E+00  2.711827E+02  5.061008E+00
321  1.99081198E-01 -1.500000E+01  0.000000E+00  2.919335E+02  3.681764E+00
322  2.07226730E-01 -1.500000E+01  0.000000E+00  3.106845E+02  2.280028E+00
323  2.15678076E-01 -1.500000E+01  0.000000E+00  3.270814E+02  8.662016E-01
324  2.24445213E-01 -1.500000E+01  0.000000E+00  3.407673E+02 -5.483652E-01
325  2.33538368E-01 -1.500000E+01  0.000000E+00  3.513880E+02 -1.951438E+00
326  2.42968021E-01 -1.500000E+01  0.000000E+00  3.585987E+02 -3.329985E+00
327  2.52744906E-01 -1.500000E+01  0.000000E+00  3.620711E+02 -4.670281E+00
328  2.62880016E-01 -1.500000E+01  0.000000E+00  3.615015E+02 -5.958051E+00
329  2.73384602E-01 -1.500000E+01  0.000000E+00  3.566193E+02 -7.178629E+00
330  2.84270178E-01 -1.500000E+01  0.000000E+00  3.471959E+02 -8.317146E+00
331  2.95548521E-01 -1.500000E+01  0.000000E+00  3.330543E+02 -9.358747E+00
332  3.07231677E-01 -1.500000E+01  0.000000E+00  3.140787E+02 -1.028883E+01
333  3.19331958E-01 -1.500000E+01  0.000000E+00  2.902240E+02 -1.109332E+01
334  3.31861944E-01 -1.500000E+01  0.000000E+00  2.615252E+02 -1.175894E+01
335  3.44834489E-01 -1.500000E+01  0.000000E+00  2.281060E+02 -1.227351E+01
336  3.58262717E-01 -1.500000E+01  0.000000E+00  1.901868E+02 -1.262628E+01
337  3.72160028E-01 -1.500000E+01  0.000000E+00  1.480913E+02 -1.280824E+01
338  3.86540094E-01 -1.500000E+01  0.000000E+00  1.022511E+02 -1.281244E+01
339  4.01416864E-01 -1.500000E+01  0.000000E+00  5.320929E+01 -1.263428E+01
340  4.16804562E-01 -1.500000E+01  0.000000E+00  1.620519E+00 -1.227183E+01
341  4.32717688E-01 -1.500000E+01  0.000000E+00 -5.175109E+01 -1.172610E+01
342  4.49171019E-01 -1.500000E+01  0.000000E+00 -1.060373E+02 -1.100123E+01
343  4.66179609E-01 -1.500000E+01  0.000000E+00 -1.602747E+02 -1.010470E+01
344  4.83758787E-01 -1.500000E+01  0.000000E+00 -2.134169E+02 -9.047425E+00
345  5.01924159E-01 -1.500000E+01  0.000000E+00 -2.643516E+02 -7.843848E+00
346  5.20691607E-01 -1.500000E+01  0.000000E+00 -3.119202E+02 -6.511861E+00
347  5.40077286E-01 -1.500000E+01  0.000000E+00 -3.549426E+02 -5.072715E+00
348  5.60097627E-01 -1.500000E+01  0.000000E+00 -3.922446E+02 -3.550802E+00
349  5.80769332E-01 -1.500000E+01  0.000000E+00 -4.226897E+02 -1.973339E+00
350  6.02109374E-01 -1.500000E+01  0.000000E+00 -4.452124E+02 -3.699539E-01
351  6.24134997E-01 -1.500000E+01  0.000000E+00 -4.588547E+02  1.227833E+00
352  6.46863712E-01 -1.500000E+01  0.000000E+00 -4.628026E+02  2.787226E+00
353  6.70313298E-01 -1.500000E+01  0.000000E+00 -4.564236E+02  4.274860E+00
354  6.94501795E-01 -1.500000E+01  0.000000E+00 -4.393026E+02  5.657589E+00
355  7.19447506E-01 -1.500000E+01  0.000000E+00 -4.112743E+02  6.903332E+00
356  7.45168994E-01 -1.500000E+01  0.000000E+00 -3.724531E+02  7.981963E+00
357  7.71685077E-01 -1.500000E+01  0.000000E+00 -3.232557E+02  8.866222E+00
358  7.99014827E-01 -1.500000E+01  0.000000E+00 -2.644169E+02  9.532614E+00
359  8.27177566E-01 -1.500000E+01  0.000000E+00 -1.969972E+02  9.962266E+00
360  8.56192864E-01 -1.500000E+01  0.000000E+00 -1.223793E+02  1.014172E+01
361  8.86080534E-01 -1.500000E+01  0.000000E+00 -4.225366E+01  1.006359E+01
362  9.16860629E-01 -1.500000E+01  0.000000E+00  4.140780E+01  9.727166E+00
363  9.48553438E-01 -1.500000E+01  0.000000E+00  1.263912E+02  9.138702E+00
364  9.81179485E-01 -1.500000E+01  0.000000E+00  2.102923E+02  8.311652E+00
365  1.01475952E+00 -1.500000E+01  0.000000E+00  2.905803E+02  7.266599E+00
366  1.04931451E+00 -1.500000E+01  0.000000E+00  3.646723E+02  6.030969E+00
367  1.08486566E+00 -1.500000E+01  0.000000E+00  4.300172E+02  4.638498E+00
368  1.12143437E+00 -1.500000E+01  0.000000E+00  4.841865E+02  3.128449E+00
369  1.15904227E+00 -1.500000E+01  0.000000E+00  5.249680E+02  1.544590E+00
370  1.19771117E+00 -1.500000E+01  0.000000E+00  5.504613E+02 -6.603889E-02
371  1.23746311E+00 -1.500000E+01  0.000000E+00  5.591686E+02 -1.654554E+00
372  1.27832031E+00 -1.500000E+01  0.000000E+00  5.500787E+02 -3.171789E+00
373  1.32030517E+00 -1.500000E+01  0.000000E+00  5.227388E+02 -4.569956E+00
374  1.36344030E+00 -1.500000E+01  0.000000E+00  4.773100E+02 -5.804334E+00
375  1.40774847E+00 -1.500000E+01  0.000000E+00  4.146035E+02 -6.834924E+00
376  1.45325264E+00 -1.500000E+01  0.000000E+00  3.360933E+02 -7.628007E+00
377  1.49997592E+00 -1.500000E+01  0.000000E+00  2.439025E+02 -8.157517E+00
378  1.54794161E+00 -1.500000E+01  0.000000E+00  1.407629E+02 -8.406193E+00
379  1.59717313E+00 -1.500000E+01  0.000000E+00  2.994616E+01 -8.366415E+00
380  1.64769409E+00 -1.500000E+01  0.000000E+00 -8.483217E+01 -8.040707E+00
381  1.69952823E+00 -1.500000E+01  0.000000E+00 -1.995336E+02 -7.441838E+00
382  1.75269943E+00 -1.500000E+01  0.000000E+00 -3.099393E+02 -6.592526E+00
383  1.80723170E+00 -1.500000E+01  0.000000E+00 -4.118086E+02 -5.524728E+00
384  1.86314919E+00 -1.500000E+01  0.000000E+00 -5.010492E+02 -4.278531E+00
385  1.92047617E+00 -1.500000E+01  0.000000E+00 -5.738893E+02 -2.900682E+00
386  1.97923701E+00 -1.500000E+01  0.000000E+00 -6.270467E+02 -1.442817E+00
387  2.03945622E+00 -1.500000E+01  0.000000E+00 -6.578847E+02  4.055744E-02
388  2.10115839E+00 -1.500000E+01  0.000000E+00 -6.645477E+02  1.494225E+00
389  2.16436823E+00 -1.500000E+01  0.000000E+00 -6.460694E+02  2.864482E+00
390  2.22911052E+00 -1.500000E+01  0.000000E+00 -6.024465E+02  4.101311E+00
391  2.29541014E+00 -1.500000E+01  0.000000E+00 -5.346728E+02  5.160413E+00
392  2.36329205E+00 -1.500000E+01  0.000000E+00 -4.447306E+02  6.004996E+00
393  2.43278129E+00 -1.500000E+01  0.000000E+00 -3.355388E+02  6.607232E+00
394  2.50390296E+00 -1.500000E+01  0.000000E+00 -2.108562E+02  6.949315E+00
395  2.57668224E+00 -1.500000E+01  0.000000E+00 -7.514645E+01  7.024071E+00
396  2.65114433E+00 -1.500000E+01  0.000000E+00  6.659302E+01  6.835081E+00
397  2.72731453E+00 -1.500000E+01  0.000000E+00  2.090290E+02  6.396326E+00
398  2.80521816E+00 -1.500000E+01  0.000000E+00  3.467092E+02  5.732221E+00
399  2.88488057E+00 -1.500000E+01  0.000000E+00  1.453960E+03  1.493038E+01
