#      n = 10
#  kappa = -1
# energy = -1.36058058E-01
#     vc = -2.72117935E-01


0    1.00000000E-06 -6.610344E-02  0.000000E+00 -0.000000E+00  8.196572E-05
1    1.04898131E-06 -6.933676E-02  0.000000E+00  3.185686E-09  8.196572E-05
2    1.10036160E-06 -7.272774E-02  0.000000E+00  6.527259E-09  7.813837E-05
3    1.15425834E-06 -7.628400E-02  0.000000E+00  1.003234E-08  7.448979E-05
4    1.21079477E-06 -8.001351E-02  0.000000E+00  1.370892E-08  7.101159E-05
5    1.27010016E-06 -8.392460E-02  0.000000E+00  1.756538E-08  6.769581E-05
6    1.33231010E-06 -8.802601E-02  0.000000E+00  2.161052E-08  6.453487E-05
7    1.39756683E-06 -9.232686E-02  0.000000E+00  2.585354E-08  6.152154E-05
8    1.46601953E-06 -9.683670E-02  0.000000E+00  3.030412E-08  5.864892E-05
9    1.53782473E-06 -1.015655E-01  0.000000E+00  3.497240E-08  5.591044E-05
10   1.61314658E-06 -1.065237E-01  0.000000E+00  3.986901E-08  5.329984E-05
11   1.69215728E-06 -1.117222E-01  0.000000E+00  4.500510E-08  5.081114E-05
12   1.77503747E-06 -1.171724E-01  0.000000E+00  5.039237E-08  4.843866E-05
13   1.86197663E-06 -1.228861E-01  0.000000E+00  5.604307E-08  4.617697E-05
14   1.95317349E-06 -1.288758E-01  0.000000E+00  6.197007E-08  4.402089E-05
15   2.04883656E-06 -1.351542E-01  0.000000E+00  6.818685E-08  4.196549E-05
16   2.14918450E-06 -1.417350E-01  0.000000E+00  7.470756E-08  4.000607E-05
17   2.25444671E-06 -1.486321E-01  0.000000E+00  8.154702E-08  3.813814E-05
18   2.36486383E-06 -1.558600E-01  0.000000E+00  8.872078E-08  3.635744E-05
19   2.48068823E-06 -1.634339E-01  0.000000E+00  9.624514E-08  3.465989E-05
20   2.60218469E-06 -1.713694E-01  0.000000E+00  1.041372E-07  3.304161E-05
21   2.72963090E-06 -1.796830E-01  0.000000E+00  1.124149E-07  3.149889E-05
22   2.86331819E-06 -1.883914E-01  0.000000E+00  1.210970E-07  3.002821E-05
23   3.00355211E-06 -1.975121E-01  0.000000E+00  1.302032E-07  2.862620E-05
24   3.15065320E-06 -2.070631E-01  0.000000E+00  1.397543E-07  2.728966E-05
25   3.30495765E-06 -2.170630E-01  0.000000E+00  1.497717E-07  2.601553E-05
26   3.46681813E-06 -2.275307E-01  0.000000E+00  1.602784E-07  2.480089E-05
27   3.63660458E-06 -2.384859E-01  0.000000E+00  1.712980E-07  2.364297E-05
28   3.81470502E-06 -2.499486E-01  0.000000E+00  1.828555E-07  2.253911E-05
29   4.00152647E-06 -2.619390E-01  0.000000E+00  1.949772E-07  2.148680E-05
30   4.19749587E-06 -2.744780E-01  0.000000E+00  2.076903E-07  2.048362E-05
31   4.40306105E-06 -2.875863E-01  0.000000E+00  2.210238E-07  1.952729E-05
32   4.61869177E-06 -3.012850E-01  0.000000E+00  2.350077E-07  1.861560E-05
33   4.84488076E-06 -3.155950E-01  0.000000E+00  2.496736E-07  1.774648E-05
34   5.08214488E-06 -3.305372E-01  0.000000E+00  2.650546E-07  1.691794E-05
35   5.33102625E-06 -3.461317E-01  0.000000E+00  2.811855E-07  1.612809E-05
36   5.59209354E-06 -3.623985E-01  0.000000E+00  2.981026E-07  1.537511E-05
37   5.86594325E-06 -3.793563E-01  0.000000E+00  3.158441E-07  1.465729E-05
38   6.15320106E-06 -3.970227E-01  0.000000E+00  3.344499E-07  1.397298E-05
39   6.45452325E-06 -4.154136E-01  0.000000E+00  3.539618E-07  1.332062E-05
40   6.77059822E-06 -4.345427E-01  0.000000E+00  3.744238E-07  1.269871E-05
41   7.10214805E-06 -4.544212E-01  0.000000E+00  3.958818E-07  1.210584E-05
42   7.44993015E-06 -4.750570E-01  0.000000E+00  4.183840E-07  1.154064E-05
43   7.81473897E-06 -4.964538E-01  0.000000E+00  4.419809E-07  1.100183E-05
44   8.19740784E-06 -5.186103E-01  0.000000E+00  4.667252E-07  1.048817E-05
45   8.59881083E-06 -5.415195E-01  0.000000E+00  4.926725E-07  9.998478E-06
46   9.01986480E-06 -5.651669E-01  0.000000E+00  5.198807E-07  9.531645E-06
47   9.46153143E-06 -5.895295E-01  0.000000E+00  5.484106E-07  9.086599E-06
48   9.92481946E-06 -6.145741E-01  0.000000E+00  5.783258E-07  8.662322E-06
49   1.04107869E-05 -6.402554E-01  0.000000E+00  6.096930E-07  8.257844E-06
50   1.09205437E-05 -6.665137E-01  0.000000E+00  6.425820E-07  7.872238E-06
51   1.14552538E-05 -6.932722E-01  0.000000E+00  6.770659E-07  7.504623E-06
52   1.20161383E-05 -7.204344E-01  0.000000E+00  7.132213E-07  7.154157E-06
53   1.26044779E-05 -7.478804E-01  0.000000E+00  7.511281E-07  6.820038E-06
54   1.32216159E-05 -7.754627E-01  0.000000E+00  7.908704E-07  6.501502E-06
55   1.38689615E-05 -8.030020E-01  0.000000E+00  8.325358E-07  6.197821E-06
56   1.45479926E-05 -8.302814E-01  0.000000E+00  8.762163E-07  5.908299E-06
57   1.52602593E-05 -8.570401E-01  0.000000E+00  9.220079E-07  5.632273E-06
58   1.60073877E-05 -8.829667E-01  0.000000E+00  9.700114E-07  5.369114E-06
59   1.67910833E-05 -9.076901E-01  0.000000E+00  1.020332E-06  5.118220E-06
60   1.76131349E-05 -9.307705E-01  0.000000E+00  1.073080E-06  4.879058E-06
61   1.84754188E-05 -9.516875E-01  0.000000E+00  1.128370E-06  4.650675E-06
62   1.93799032E-05 -9.698277E-01  0.000000E+00  1.186322E-06  4.428165E-06
63   2.03286521E-05 -9.844694E-01  0.000000E+00  1.247063E-06  4.257799E-06
64   2.13238309E-05 -9.947652E-01  0.000000E+00  1.310762E-06  4.107606E-06
65   2.23677103E-05 -9.997222E-01  0.000000E+00  1.377506E-06  3.669694E-06
66   2.34626723E-05 -1.000000E+00  0.000000E+00  1.447243E-06  3.607868E-06
67   2.46112153E-05 -1.000000E+00  0.000000E+00  1.520644E-06  3.624697E-06
68   2.58159597E-05 -1.000000E+00  0.000000E+00  1.597459E-06  3.317361E-06
69   2.70796539E-05 -1.000000E+00  0.000000E+00  1.677965E-06  3.167119E-06
70   2.84051806E-05 -1.000000E+00  0.000000E+00  1.762357E-06  3.021002E-06
71   2.97955635E-05 -1.000000E+00  0.000000E+00  1.850826E-06  2.879354E-06
72   3.12539738E-05 -1.000000E+00  0.000000E+00  1.943574E-06  2.744345E-06
73   3.27837378E-05 -1.000000E+00  0.000000E+00  2.040812E-06  2.615614E-06
74   3.43883440E-05 -1.000000E+00  0.000000E+00  2.142763E-06  2.492860E-06
75   3.60714516E-05 -1.000000E+00  0.000000E+00  2.249658E-06  2.375799E-06
76   3.78368985E-05 -1.000000E+00  0.000000E+00  2.361741E-06  2.264166E-06
77   3.96887097E-05 -1.000000E+00  0.000000E+00  2.479267E-06  2.157705E-06
78   4.16311070E-05 -1.000000E+00  0.000000E+00  2.602506E-06  2.056173E-06
79   4.36685184E-05 -1.000000E+00  0.000000E+00  2.731736E-06  1.959336E-06
80   4.58055880E-05 -1.000000E+00  0.000000E+00  2.867254E-06  1.866975E-06
81   4.80471866E-05 -1.000000E+00  0.000000E+00  3.009367E-06  1.778878E-06
82   5.03984227E-05 -1.000000E+00  0.000000E+00  3.158400E-06  1.694843E-06
83   5.28646544E-05 -1.000000E+00  0.000000E+00  3.314691E-06  1.614678E-06
84   5.54515012E-05 -1.000000E+00  0.000000E+00  3.478598E-06  1.538201E-06
85   5.81648567E-05 -1.000000E+00  0.000000E+00  3.650492E-06  1.465236E-06
86   6.10109024E-05 -1.000000E+00  0.000000E+00  3.830766E-06  1.395617E-06
87   6.39961211E-05 -1.000000E+00  0.000000E+00  4.019831E-06  1.329184E-06
88   6.71273121E-05 -1.000000E+00  0.000000E+00  4.218116E-06  1.265785E-06
89   7.04116065E-05 -1.000000E+00  0.000000E+00  4.426072E-06  1.205277E-06
90   7.38564830E-05 -1.000000E+00  0.000000E+00  4.644175E-06  1.147520E-06
91   7.74697851E-05 -1.000000E+00  0.000000E+00  4.872918E-06  1.092382E-06
92   8.12597391E-05 -1.000000E+00  0.000000E+00  5.112824E-06  1.039738E-06
93   8.52349723E-05 -1.000000E+00  0.000000E+00  5.364438E-06  9.894667E-07
94   8.94045324E-05 -1.000000E+00  0.000000E+00  5.628332E-06  9.414538E-07
95   9.37779087E-05 -1.000000E+00  0.000000E+00  5.905107E-06  8.955896E-07
96   9.83650527E-05 -1.000000E+00  0.000000E+00  6.195392E-06  8.517690E-07
97   1.03176401E-04 -1.000000E+00  0.000000E+00  6.499846E-06  8.098922E-07
98   1.08222899E-04 -1.000000E+00  0.000000E+00  6.819163E-06  7.698633E-07
99   1.13516026E-04 -1.000000E+00  0.000000E+00  7.154068E-06  7.315909E-07
100  1.19067819E-04 -1.000000E+00  0.000000E+00  7.505322E-06  6.949876E-07
101  1.24890903E-04 -1.000000E+00  0.000000E+00  7.873723E-06  6.599699E-07
102  1.30998518E-04 -1.000000E+00  0.000000E+00  8.260109E-06  6.264576E-07
103  1.37404547E-04 -1.000000E+00  0.000000E+00  8.665356E-06  5.943742E-07
104  1.44123551E-04 -1.000000E+00  0.000000E+00  9.090385E-06  5.636466E-07
105  1.51170800E-04 -1.000000E+00  0.000000E+00  9.536162E-06  5.342044E-07
106  1.58562306E-04 -1.000000E+00  0.000000E+00  1.000370E-05  5.059805E-07
107  1.66314860E-04 -1.000000E+00  0.000000E+00  1.049405E-05  4.789105E-07
108  1.74446074E-04 -1.000000E+00  0.000000E+00  1.100834E-05  4.529324E-07
109  1.82974412E-04 -1.000000E+00  0.000000E+00  1.154773E-05  4.279871E-07
110  1.91919240E-04 -1.000000E+00  0.000000E+00  1.211344E-05  4.040176E-07
111  2.01300864E-04 -1.000000E+00  0.000000E+00  1.270676E-05  3.809691E-07
112  2.11140578E-04 -1.000000E+00  0.000000E+00  1.332903E-05  3.587891E-07
113  2.21460714E-04 -1.000000E+00  0.000000E+00  1.398166E-05  3.374269E-07
114  2.32284685E-04 -1.000000E+00  0.000000E+00  1.466612E-05  3.168339E-07
115  2.43637045E-04 -1.000000E+00  0.000000E+00  1.538398E-05  2.969629E-07
116  2.55543543E-04 -1.000000E+00  0.000000E+00  1.613686E-05  2.777688E-07
117  2.68031176E-04 -1.000000E+00  0.000000E+00  1.692645E-05  2.592077E-07
118  2.81128254E-04 -1.000000E+00  0.000000E+00  1.775456E-05  2.412373E-07
119  2.94864462E-04 -1.000000E+00  0.000000E+00  1.862304E-05  2.238167E-07
120  3.09270926E-04 -1.000000E+00  0.000000E+00  1.953387E-05  2.069061E-07
121  3.24380284E-04 -1.000000E+00  0.000000E+00  2.048911E-05  1.904670E-07
122  3.40226759E-04 -1.000000E+00  0.000000E+00  2.149091E-05  1.744619E-07
123  3.56846234E-04 -1.000000E+00  0.000000E+00  2.254154E-05  1.588544E-07
124  3.74276332E-04 -1.000000E+00  0.000000E+00  2.364337E-05  1.436090E-07
125  3.92556503E-04 -1.000000E+00  0.000000E+00  2.479889E-05  1.286909E-07
126  4.11728109E-04 -1.000000E+00  0.000000E+00  2.601071E-05  1.140663E-07
127  4.31834518E-04 -1.000000E+00  0.000000E+00  2.728157E-05  9.970174E-08
128  4.52921199E-04 -1.000000E+00  0.000000E+00  2.861432E-05  8.556468E-08
129  4.75035828E-04 -1.000000E+00  0.000000E+00  3.001198E-05  7.162297E-08
130  4.98228386E-04 -1.000000E+00  0.000000E+00  3.147769E-05  5.784492E-08
131  5.22551278E-04 -1.000000E+00  0.000000E+00  3.301476E-05  4.419923E-08
132  5.48059447E-04 -1.000000E+00  0.000000E+00  3.462664E-05  3.065494E-08
133  5.74810493E-04 -1.000000E+00  0.000000E+00  3.631698E-05  1.718131E-08
134  6.02864806E-04 -1.000000E+00  0.000000E+00  3.808956E-05  3.747788E-09
135  6.32285697E-04 -1.000000E+00  0.000000E+00  3.994837E-05 -9.676077E-09
136  6.63139539E-04 -1.000000E+00  0.000000E+00  4.189760E-05 -2.312069E-08
137  6.95495913E-04 -1.000000E+00  0.000000E+00  4.394161E-05 -3.661649E-08
138  7.29427766E-04 -1.000000E+00  0.000000E+00  4.608501E-05 -5.019402E-08
139  7.65011568E-04 -1.000000E+00  0.000000E+00  4.833259E-05 -6.388396E-08
140  8.02327483E-04 -1.000000E+00  0.000000E+00  5.068940E-05 -7.771726E-08
141  8.41459546E-04 -1.000000E+00  0.000000E+00  5.316073E-05 -9.172515E-08
142  8.82495849E-04 -1.000000E+00  0.000000E+00  5.575210E-05 -1.059392E-07
143  9.25528735E-04 -1.000000E+00  0.000000E+00  5.846931E-05 -1.203916E-07
144  9.70655000E-04 -1.000000E+00  0.000000E+00  6.131845E-05 -1.351147E-07
145  1.01797611E-03 -1.000000E+00  0.000000E+00  6.430589E-05 -1.501418E-07
146  1.06759841E-03 -1.000000E+00  0.000000E+00  6.743830E-05 -1.655066E-07
147  1.11963340E-03 -1.000000E+00  0.000000E+00  7.072266E-05 -1.812437E-07
148  1.17419791E-03 -1.000000E+00  0.000000E+00  7.416631E-05 -1.973885E-07
149  1.23141442E-03 -1.000000E+00  0.000000E+00  7.777693E-05 -2.139771E-07
150  1.29141129E-03 -1.000000E+00  0.000000E+00  8.156254E-05 -2.310468E-07
151  1.35432307E-03 -1.000000E+00  0.000000E+00  8.553159E-05 -2.486357E-07
152  1.42029078E-03 -1.000000E+00  0.000000E+00  8.969288E-05 -2.667833E-07
153  1.48946219E-03 -1.000000E+00  0.000000E+00  9.405567E-05 -2.855300E-07
154  1.56199219E-03 -1.000000E+00  0.000000E+00  9.862964E-05 -3.049179E-07
155  1.63804311E-03 -1.000000E+00  0.000000E+00  1.034249E-04 -3.249901E-07
156  1.71778507E-03 -1.000000E+00  0.000000E+00  1.084522E-04 -3.457914E-07
157  1.80139633E-03 -1.000000E+00  0.000000E+00  1.137225E-04 -3.673681E-07
158  1.88906371E-03 -1.000000E+00  0.000000E+00  1.192475E-04 -3.897682E-07
159  1.98098299E-03 -1.000000E+00  0.000000E+00  1.250394E-04 -4.130414E-07
160  2.07735932E-03 -1.000000E+00  0.000000E+00  1.311110E-04 -4.372395E-07
161  2.17840767E-03 -1.000000E+00  0.000000E+00  1.374757E-04 -4.624162E-07
162  2.28435328E-03 -1.000000E+00  0.000000E+00  1.441474E-04 -4.886270E-07
163  2.39543218E-03 -1.000000E+00  0.000000E+00  1.511409E-04 -5.159302E-07
164  2.51189167E-03 -1.000000E+00  0.000000E+00  1.584715E-04 -5.443858E-07
165  2.63399086E-03 -1.000000E+00  0.000000E+00  1.661552E-04 -5.740569E-07
166  2.76200123E-03 -1.000000E+00  0.000000E+00  1.742088E-04 -6.050087E-07
167  2.89620721E-03 -1.000000E+00  0.000000E+00  1.826501E-04 -6.373094E-07
168  3.03690677E-03 -1.000000E+00  0.000000E+00  1.914973E-04 -6.710300E-07
169  3.18441210E-03 -1.000000E+00  0.000000E+00  2.007697E-04 -7.062445E-07
170  3.33905023E-03 -1.000000E+00  0.000000E+00  2.104876E-04 -7.430301E-07
171  3.50116376E-03 -1.000000E+00  0.000000E+00  2.206720E-04 -7.814673E-07
172  3.67111157E-03 -1.000000E+00  0.000000E+00  2.313450E-04 -8.216401E-07
173  3.84926959E-03 -1.000000E+00  0.000000E+00  2.425297E-04 -8.636363E-07
174  4.03603160E-03 -1.000000E+00  0.000000E+00  2.542502E-04 -9.075473E-07
175  4.23181004E-03 -1.000000E+00  0.000000E+00  2.665319E-04 -9.534685E-07
176  4.43703692E-03 -1.000000E+00  0.000000E+00  2.794010E-04 -1.001500E-06
177  4.65216469E-03 -1.000000E+00  0.000000E+00  2.928853E-04 -1.051745E-06
178  4.87766722E-03 -1.000000E+00  0.000000E+00  3.070137E-04 -1.104313E-06
179  5.11404079E-03 -1.000000E+00  0.000000E+00  3.218162E-04 -1.159318E-06
180  5.36180510E-03 -1.000000E+00  0.000000E+00  3.373245E-04 -1.216878E-06
181  5.62150441E-03 -1.000000E+00  0.000000E+00  3.535715E-04 -1.277116E-06
182  5.89370862E-03 -1.000000E+00  0.000000E+00  3.705918E-04 -1.340162E-06
183  6.17901450E-03 -1.000000E+00  0.000000E+00  3.884212E-04 -1.406152E-06
184  6.47804689E-03 -1.000000E+00  0.000000E+00  4.070974E-04 -1.475226E-06
185  6.79146003E-03 -1.000000E+00  0.000000E+00  4.266597E-04 -1.547531E-06
186  7.11993889E-03 -1.000000E+00  0.000000E+00  4.471490E-04 -1.623221E-06
187  7.46420058E-03 -1.000000E+00  0.000000E+00  4.686083E-04 -1.702457E-06
188  7.82499584E-03 -1.000000E+00  0.000000E+00  4.910822E-04 -1.785407E-06
189  8.20311056E-03 -1.000000E+00  0.000000E+00  5.146173E-04 -1.872246E-06
190  8.59936741E-03 -1.000000E+00  0.000000E+00  5.392624E-04 -1.963156E-06
191  9.01462750E-03 -1.000000E+00  0.000000E+00  5.650682E-04 -2.058328E-06
192  9.44979214E-03 -1.000000E+00  0.000000E+00  5.920878E-04 -2.157962E-06
193  9.90580465E-03 -1.000000E+00  0.000000E+00  6.203763E-04 -2.262264E-06
194  1.03836523E-02 -1.000000E+00  0.000000E+00  6.499913E-04 -2.371454E-06
195  1.08843683E-02 -1.000000E+00  0.000000E+00  6.809929E-04 -2.485755E-06
196  1.14090338E-02 -1.000000E+00  0.000000E+00  7.134437E-04 -2.605405E-06
197  1.19587802E-02 -1.000000E+00  0.000000E+00  7.474087E-04 -2.730650E-06
198  1.25347912E-02 -1.000000E+00  0.000000E+00  7.829559E-04 -2.861747E-06
199  1.31383055E-02 -1.000000E+00  0.000000E+00  8.201558E-04 -2.998963E-06
200  1.37706188E-02 -1.000000E+00  0.000000E+00  8.590821E-04 -3.142577E-06
201  1.44330867E-02 -1.000000E+00  0.000000E+00  8.998112E-04 -3.292880E-06
202  1.51271274E-02 -1.000000E+00  0.000000E+00  9.424226E-04 -3.450176E-06
203  1.58542241E-02 -1.000000E+00  0.000000E+00  9.869992E-04 -3.614779E-06
204  1.66159284E-02 -1.000000E+00  0.000000E+00  1.033627E-03 -3.787019E-06
205  1.74138631E-02 -1.000000E+00  0.000000E+00  1.082395E-03 -3.967238E-06
206  1.82497250E-02 -1.000000E+00  0.000000E+00  1.133396E-03 -4.155793E-06
207  1.91252890E-02 -1.000000E+00  0.000000E+00  1.186726E-03 -4.353053E-06
208  2.00424106E-02 -1.000000E+00  0.000000E+00  1.242486E-03 -4.559406E-06
209  2.10030302E-02 -1.000000E+00  0.000000E+00  1.300778E-03 -4.775251E-06
210  2.20091764E-02 -1.000000E+00  0.000000E+00  1.361711E-03 -5.001005E-06
211  2.30629699E-02 -1.000000E+00  0.000000E+00  1.425394E-03 -5.237103E-06
212  2.41666276E-02 -1.000000E+00  0.000000E+00  1.491944E-03 -5.483994E-06
213  2.53224669E-02 -1.000000E+00  0.000000E+00  1.561479E-03 -5.742145E-06
214  2.65329097E-02 -1.000000E+00  0.000000E+00  1.634122E-03 -6.012042E-06
215  2.78004872E-02 -1.000000E+00  0.000000E+00  1.710000E-03 -6.294188E-06
216  2.91278447E-02 -1.000000E+00  0.000000E+00  1.789245E-03 -6.589105E-06
217  3.05177460E-02 -1.000000E+00  0.000000E+00  1.871992E-03 -6.897332E-06
218  3.19730790E-02 -1.000000E+00  0.000000E+00  1.958381E-03 -7.219432E-06
219  3.34968608E-02 -1.000000E+00  0.000000E+00  2.048554E-03 -7.555984E-06
220  3.50922432E-02 -1.000000E+00  0.000000E+00  2.142660E-03 -7.907588E-06
221  3.67625181E-02 -1.000000E+00  0.000000E+00  2.240851E-03 -8.274865E-06
222  3.85111241E-02 -1.000000E+00  0.000000E+00  2.343282E-03 -8.658457E-06
223  4.03416520E-02 -1.000000E+00  0.000000E+00  2.450113E-03 -9.059026E-06
224  4.22578515E-02 -1.000000E+00  0.000000E+00  2.561508E-03 -9.477256E-06
225  4.42636379E-02 -1.000000E+00  0.000000E+00  2.677634E-03 -9.913852E-06
226  4.63630986E-02 -1.000000E+00  0.000000E+00  2.798662E-03 -1.036954E-05
227  4.85605009E-02 -1.000000E+00  0.000000E+00  2.924766E-03 -1.084507E-05
228  5.08602986E-02 -1.000000E+00  0.000000E+00  3.056124E-03 -1.134121E-05
229  5.32671402E-02 -1.000000E+00  0.000000E+00  3.192914E-03 -1.185875E-05
230  5.57858769E-02 -1.000000E+00  0.000000E+00  3.335321E-03 -1.239850E-05
231  5.84215705E-02 -1.000000E+00  0.000000E+00  3.483528E-03 -1.296129E-05
232  6.11795021E-02 -1.000000E+00  0.000000E+00  3.637722E-03 -1.354798E-05
233  6.40651812E-02 -1.000000E+00  0.000000E+00  3.798090E-03 -1.415943E-05
234  6.70843543E-02 -1.000000E+00  0.000000E+00  3.964819E-03 -1.479654E-05
235  7.02430151E-02 -1.000000E+00  0.000000E+00  4.138099E-03 -1.546021E-05
236  7.35474136E-02 -1.000000E+00  0.000000E+00  4.318116E-03 -1.615137E-05
237  7.70040667E-02 -1.000000E+00  0.000000E+00  4.505056E-03 -1.687095E-05
238  8.06197688E-02 -1.000000E+00  0.000000E+00  4.699101E-03 -1.761991E-05
239  8.44016022E-02 -1.000000E+00  0.000000E+00  4.900432E-03 -1.839921E-05
240  8.83569485E-02 -1.000000E+00  0.000000E+00  5.109224E-03 -1.920983E-05
241  9.24935005E-02 -1.000000E+00  0.000000E+00  5.325647E-03 -2.005274E-05
242  9.68192738E-02 -1.000000E+00  0.000000E+00  5.549862E-03 -2.092893E-05
243  1.01342619E-01 -1.000000E+00  0.000000E+00  5.782025E-03 -2.183939E-05
244  1.06072236E-01 -1.000000E+00  0.000000E+00  6.022279E-03 -2.278511E-05
245  1.11017184E-01 -1.000000E+00  0.000000E+00  6.270757E-03 -2.376706E-05
246  1.16186898E-01 -1.000000E+00  0.000000E+00  6.527577E-03 -2.478622E-05
247  1.21591201E-01 -1.000000E+00  0.000000E+00  6.792841E-03 -2.584355E-05
248  1.27240321E-01 -1.000000E+00  0.000000E+00  7.066636E-03 -2.693997E-05
249  1.33144903E-01 -1.000000E+00  0.000000E+00  7.349027E-03 -2.807641E-05
250  1.39316023E-01 -1.000000E+00  0.000000E+00  7.640054E-03 -2.925376E-05
251  1.45765211E-01 -1.000000E+00  0.000000E+00  7.939734E-03 -3.047285E-05
252  1.52504456E-01 -1.000000E+00  0.000000E+00  8.248055E-03 -3.173448E-05
253  1.59546235E-01 -1.000000E+00  0.000000E+00  8.564972E-03 -3.303942E-05
254  1.66903519E-01 -1.000000E+00  0.000000E+00  8.890407E-03 -3.438835E-05
255  1.74589798E-01 -1.000000E+00  0.000000E+00  9.224240E-03 -3.578188E-05
256  1.82619097E-01 -1.000000E+00  0.000000E+00  9.566310E-03 -3.722057E-05
257  1.91005991E-01 -1.000000E+00  0.000000E+00  9.916410E-03 -3.870485E-05
258  1.99765631E-01 -1.000000E+00  0.000000E+00  1.027428E-02 -4.023508E-05
259  2.08913757E-01 -1.000000E+00  0.000000E+00  1.063960E-02 -4.181148E-05
260  2.18466720E-01 -1.000000E+00  0.000000E+00  1.101201E-02 -4.343418E-05
261  2.28441504E-01 -1.000000E+00  0.000000E+00  1.139105E-02 -4.510312E-05
262  2.38855746E-01 -1.000000E+00  0.000000E+00  1.177621E-02 -4.681812E-05
263  2.49727756E-01 -1.000000E+00  0.000000E+00  1.216691E-02 -4.857882E-05
264  2.61076542E-01 -1.000000E+00  0.000000E+00  1.256248E-02 -5.038466E-05
265  2.72921827E-01 -1.000000E+00  0.000000E+00  1.296215E-02 -5.223489E-05
266  2.85284078E-01 -1.000000E+00  0.000000E+00  1.336507E-02 -5.412851E-05
267  2.98184526E-01 -1.000000E+00  0.000000E+00  1.377028E-02 -5.606431E-05
268  3.11645189E-01 -1.000000E+00  0.000000E+00  1.417674E-02 -5.804078E-05
269  3.25688898E-01 -1.000000E+00  0.000000E+00  1.458326E-02 -6.005616E-05
270  3.40339322E-01 -1.000000E+00  0.000000E+00  1.498855E-02 -6.210835E-05
271  3.55620992E-01 -1.000000E+00  0.000000E+00  1.539120E-02 -6.419493E-05
272  3.71559326E-01 -1.000000E+00  0.000000E+00  1.578966E-02 -6.631314E-05
273  3.88180655E-01 -1.000000E+00  0.000000E+00  1.618224E-02 -6.845983E-05
274  4.05512251E-01 -1.000000E+00  0.000000E+00  1.656712E-02 -7.063145E-05
275  4.23582354E-01 -1.000000E+00  0.000000E+00  1.694233E-02 -7.282403E-05
276  4.42420197E-01 -1.000000E+00  0.000000E+00  1.730573E-02 -7.503314E-05
277  4.62056033E-01 -1.000000E+00  0.000000E+00  1.765505E-02 -7.725389E-05
278  4.82521167E-01 -1.000000E+00  0.000000E+00  1.798785E-02 -7.948090E-05
279  5.03847979E-01 -1.000000E+00  0.000000E+00  1.830152E-02 -8.170824E-05
280  5.26069958E-01 -1.000000E+00  0.000000E+00  1.859331E-02 -8.392947E-05
281  5.49221725E-01 -1.000000E+00  0.000000E+00  1.886028E-02 -8.613756E-05
282  5.73339067E-01 -1.000000E+00  0.000000E+00  1.909937E-02 -8.832494E-05
283  5.98458962E-01 -1.000000E+00  0.000000E+00  1.930732E-02 -9.048340E-05
284  6.24619613E-01 -1.000000E+00  0.000000E+00  1.948076E-02 -9.260414E-05
285  6.51860473E-01 -1.000000E+00  0.000000E+00  1.961614E-02 -9.467774E-05
286  6.80222280E-01 -1.000000E+00  0.000000E+00  1.970982E-02 -9.669416E-05
287  7.09747081E-01 -1.000000E+00  0.000000E+00  1.975800E-02 -9.864269E-05
288  7.40478267E-01 -1.000000E+00  0.000000E+00  1.975682E-02 -1.005121E-04
289  7.72460602E-01 -1.000000E+00  0.000000E+00  1.970229E-02 -1.022903E-04
290  8.05740249E-01 -1.000000E+00  0.000000E+00  1.959040E-02 -1.039649E-04
291  8.40364808E-01 -1.000000E+00  0.000000E+00  1.941708E-02 -1.055227E-04
292  8.76383337E-01 -1.000000E+00  0.000000E+00  1.917827E-02 -1.069501E-04
293  9.13846391E-01 -1.000000E+00  0.000000E+00  1.886994E-02 -1.082329E-04
294  9.52806043E-01 -1.000000E+00  0.000000E+00  1.848814E-02 -1.093563E-04
295  9.93315922E-01 -1.000000E+00  0.000000E+00  1.802901E-02 -1.103054E-04
296  1.03543124E+00 -1.000000E+00  0.000000E+00  1.748889E-02 -1.110647E-04
297  1.07920880E+00 -1.000000E+00  0.000000E+00  1.686431E-02 -1.116186E-04
298  1.12470708E+00 -1.000000E+00  0.000000E+00  1.615210E-02 -1.119512E-04
299  1.17198620E+00 -1.000000E+00  0.000000E+00  1.534943E-02 -1.120466E-04
300  1.22110798E+00 -1.000000E+00  0.000000E+00  1.445387E-02 -1.118890E-04
301  1.27213597E+00 -1.000000E+00  0.000000E+00  1.346350E-02 -1.114627E-04
302  1.32513546E+00 -1.000000E+00  0.000000E+00  1.237695E-02 -1.107525E-04
303  1.38017354E+00 -1.000000E+00  0.000000E+00  1.119349E-02 -1.097436E-04
304  1.43731907E+00 -1.000000E+00  0.000000E+00  9.913151E-03 -1.084218E-04
305  1.49664278E+00 -1.000000E+00  0.000000E+00  8.536762E-03 -1.067740E-04
306  1.55821722E+00 -1.000000E+00  0.000000E+00  7.066077E-03 -1.047881E-04
307  1.62211683E+00 -1.000000E+00  0.000000E+00  5.503848E-03 -1.024533E-04
308  1.68841796E+00 -1.000000E+00  0.000000E+00  3.853921E-03 -9.976040E-05
309  1.75719887E+00 -1.000000E+00  0.000000E+00  2.121321E-03 -9.670195E-05
310  1.82853977E+00 -1.000000E+00  0.000000E+00  3.123366E-04 -9.327260E-05
311  1.90252284E+00 -1.000000E+00  0.000000E+00 -1.565404E-03 -8.946931E-05
312  1.97923225E+00 -1.000000E+00  0.000000E+00 -3.502864E-03 -8.529162E-05
313  2.05875415E+00 -1.000000E+00  0.000000E+00 -5.489538E-03 -8.074192E-05
314  2.14117675E+00 -1.000000E+00  0.000000E+00 -7.513411E-03 -7.582575E-05
315  2.22659026E+00 -1.000000E+00  0.000000E+00 -9.560926E-03 -7.055198E-05
316  2.31508698E+00 -1.000000E+00  0.000000E+00 -1.161697E-02 -6.493314E-05
317  2.40676124E+00 -1.000000E+00  0.000000E+00 -1.366491E-02 -5.898559E-05
318  2.50170948E+00 -1.000000E+00  0.000000E+00 -1.568660E-02 -5.272974E-05
319  2.60003022E+00 -1.000000E+00  0.000000E+00 -1.766244E-02 -4.619023E-05
320  2.70182409E+00 -1.000000E+00  0.000000E+00 -1.957154E-02 -3.939609E-05
321  2.80719383E+00 -1.000000E+00  0.000000E+00 -2.139177E-02 -3.238076E-05
322  2.91624429E+00 -1.000000E+00  0.000000E+00 -2.309998E-02 -2.518224E-05
323  3.02908245E+00 -1.000000E+00  0.000000E+00 -2.467220E-02 -1.784300E-05
324  3.14581743E+00 -1.000000E+00  0.000000E+00 -2.608386E-02 -1.040992E-05
325  3.26656049E+00 -1.000000E+00  0.000000E+00 -2.731013E-02 -2.934157E-06
326  3.39142499E+00 -1.000000E+00  0.000000E+00 -2.832624E-02  4.529101E-06
327  3.52052647E+00 -1.000000E+00  0.000000E+00 -2.910783E-02  1.192095E-05
328  3.65398257E+00 -1.000000E+00  0.000000E+00 -2.963143E-02  1.917916E-05
329  3.79191310E+00 -1.000000E+00  0.000000E+00 -2.987485E-02  2.623870E-05
330  3.93443996E+00 -1.000000E+00  0.000000E+00 -2.981774E-02  3.303234E-05
331  4.08168720E+00 -1.000000E+00  0.000000E+00 -2.944207E-02  3.949130E-05
332  4.23378098E+00 -1.000000E+00  0.000000E+00 -2.873271E-02  4.554614E-05
333  4.39084955E+00 -1.000000E+00  0.000000E+00 -2.767796E-02  5.112757E-05
334  4.55302329E+00 -1.000000E+00  0.000000E+00 -2.627016E-02  5.616748E-05
335  4.72043463E+00 -1.000000E+00  0.000000E+00 -2.450622E-02  6.060001E-05
336  4.89321810E+00 -1.000000E+00  0.000000E+00 -2.238817E-02  6.436270E-05
337  5.07151027E+00 -1.000000E+00  0.000000E+00 -1.992366E-02  6.739768E-05
338  5.25544976E+00 -1.000000E+00  0.000000E+00 -1.712643E-02  6.965294E-05
339  5.44517719E+00 -1.000000E+00  0.000000E+00 -1.401666E-02  7.108357E-05
340  5.64083522E+00 -1.000000E+00  0.000000E+00 -1.062129E-02  7.165307E-05
341  5.84256846E+00 -1.000000E+00  0.000000E+00 -6.974196E-03  7.133457E-05
342  6.05052349E+00 -1.000000E+00  0.000000E+00 -3.116236E-03  7.011202E-05
343  6.26484883E+00 -1.000000E+00  0.000000E+00  9.048154E-04  6.798129E-05
344  6.48569490E+00 -1.000000E+00  0.000000E+00  5.034535E-03  6.495116E-05
345  6.71321401E+00 -1.000000E+00  0.000000E+00  9.212273E-03  6.104413E-05
346  6.94756034E+00 -1.000000E+00  0.000000E+00  1.337178E-02  5.629703E-05
347  7.18888986E+00 -1.000000E+00  0.000000E+00  1.744202E-02  5.076148E-05
348  7.43736037E+00 -1.000000E+00  0.000000E+00  2.134821E-02  4.450394E-05
349  7.69313142E+00 -1.000000E+00  0.000000E+00  2.501304E-02  3.760565E-05
350  7.95636429E+00 -1.000000E+00  0.000000E+00  2.835811E-02  3.016208E-05
351  8.22722196E+00 -1.000000E+00  0.000000E+00  3.130555E-02  2.228215E-05
352  8.50586906E+00 -1.000000E+00  0.000000E+00  3.377980E-02  1.408705E-05
353  8.79247188E+00 -1.000000E+00  0.000000E+00  3.570955E-02  5.708693E-06
354  9.08719825E+00 -1.000000E+00  0.000000E+00  3.702973E-02 -2.712225E-06
355  9.39021760E+00 -1.000000E+00  0.000000E+00  3.768363E-02 -1.102846E-05
356  9.70170082E+00 -1.000000E+00  0.000000E+00  3.762497E-02 -1.908883E-05
357  1.00218203E+01 -1.000000E+00  0.000000E+00  3.681994E-02 -2.674116E-05
358  1.03507499E+01 -1.000000E+00  0.000000E+00  3.524909E-02 -3.383541E-05
359  1.06886648E+01 -1.000000E+00  0.000000E+00  3.290913E-02 -4.022702E-05
360  1.10357415E+01 -1.000000E+00  0.000000E+00  2.981433E-02 -4.578048E-05
361  1.13921579E+01 -1.000000E+00  0.000000E+00  2.599767E-02 -5.037278E-05
362  1.17580931E+01 -1.000000E+00  0.000000E+00  2.151159E-02 -5.389696E-05
363  1.21337275E+01 -1.000000E+00  0.000000E+00  1.642821E-02 -5.626544E-05
364  1.25192426E+01 -1.000000E+00  0.000000E+00  1.083904E-02 -5.741310E-05
365  1.29148209E+01 -1.000000E+00  0.000000E+00  4.854109E-03 -5.730007E-05
366  1.33206462E+01 -1.000000E+00  0.000000E+00 -1.399531E-03 -5.591396E-05
367  1.37369033E+01 -1.000000E+00  0.000000E+00 -7.779986E-03 -5.327158E-05
368  1.41637779E+01 -1.000000E+00  0.000000E+00 -1.413330E-02 -4.941999E-05
369  1.46014567E+01 -1.000000E+00  0.000000E+00 -2.029688E-02 -4.443673E-05
370  1.50501272E+01 -1.000000E+00  0.000000E+00 -2.610351E-02 -3.842933E-05
371  1.55099779E+01 -1.000000E+00  0.000000E+00 -3.138582E-02 -3.153387E-05
372  1.59811981E+01 -1.000000E+00  0.000000E+00 -3.598125E-02 -2.391268E-05
373  1.64639777E+01 -1.000000E+00  0.000000E+00 -3.973718E-02 -1.575112E-05
374  1.69585075E+01 -1.000000E+00  0.000000E+00 -4.251628E-02 -7.253530E-06
375  1.74649788E+01 -1.000000E+00  0.000000E+00 -4.420181E-02  1.361636E-06
376  1.79835837E+01 -1.000000E+00  0.000000E+00 -4.470260E-02  9.867367E-06
377  1.85145147E+01 -1.000000E+00  0.000000E+00 -4.395777E-02  1.803423E-05
378  1.90579649E+01 -1.000000E+00  0.000000E+00 -4.194061E-02  2.563688E-05
379  1.96141279E+01 -1.000000E+00  0.000000E+00 -3.866186E-02  3.246089E-05
380  2.01831978E+01 -1.000000E+00  0.000000E+00 -3.417175E-02  3.830942E-05
381  2.07653690E+01 -1.000000E+00  0.000000E+00 -2.856098E-02  4.300990E-05
382  2.13608362E+01 -1.000000E+00  0.000000E+00 -2.196034E-02  4.642004E-05
383  2.19697946E+01 -1.000000E+00  0.000000E+00 -1.453890E-02  4.843333E-05
384  2.25924395E+01 -1.000000E+00  0.000000E+00 -6.500631E-03  4.898352E-05
385  2.32289664E+01 -1.000000E+00  0.000000E+00  1.920324E-03  4.804804E-05
386  2.38795711E+01 -1.000000E+00  0.000000E+00  1.046594E-02  4.565006E-05
387  2.45444494E+01 -1.000000E+00  0.000000E+00  1.886185E-02  4.185917E-05
388  2.52237974E+01 -1.000000E+00  0.000000E+00  2.682600E-02  3.679038E-05
389  2.59178111E+01 -1.000000E+00  0.000000E+00  3.407825E-02  3.060167E-05
390  2.66266865E+01 -1.000000E+00  0.000000E+00  4.035044E-02  2.348981E-05
391  2.73506196E+01 -1.000000E+00  0.000000E+00  4.539680E-02  1.568475E-05
392  2.80898064E+01 -1.000000E+00  0.000000E+00  4.900407E-02  7.442556E-06
393  2.88444427E+01 -1.000000E+00  0.000000E+00  5.100109E-02 -9.627911E-07
394  2.96147242E+01 -1.000000E+00  0.000000E+00  5.126731E-02 -9.248551E-06
395  3.04008465E+01 -1.000000E+00  0.000000E+00  4.973993E-02 -1.713301E-05
396  3.12030048E+01 -1.000000E+00  0.000000E+00  4.641917E-02 -2.434551E-05
397  3.20213943E+01 -1.000000E+00  0.000000E+00  4.137132E-02 -3.063643E-05
398  3.28562098E+01 -1.000000E+00  0.000000E+00  3.472942E-02 -3.578660E-05
399  3.37076456E+01 -1.000000E+00  0.000000E+00  2.669129E-02 -3.961591E-05
400  3.45758959E+01 -1.000000E+00  0.000000E+00  1.751486E-02 -4.199058E-05
401  3.54611545E+01 -1.000000E+00  0.000000E+00  7.510786E-03 -4.282890E-05
402  3.63636147E+01 -1.000000E+00  0.000000E+00 -2.967417E-03 -4.210508E-05
403  3.72834695E+01 -1.000000E+00  0.000000E+00 -1.353552E-02 -3.985099E-05
404  3.82209111E+01 -1.000000E+00  0.000000E+00 -2.379258E-02 -3.615570E-05
405  3.91761315E+01 -1.000000E+00  0.000000E+00 -3.333630E-02 -3.116274E-05
406  4.01493222E+01 -1.000000E+00  0.000000E+00 -4.177919E-02 -2.506517E-05
407  4.11406739E+01 -1.000000E+00  0.000000E+00 -4.876481E-02 -1.809853E-05
408  4.21503769E+01 -1.000000E+00  0.000000E+00 -5.398348E-02 -1.053201E-05
409  4.31786208E+01 -1.000000E+00  0.000000E+00 -5.718661E-02 -2.658117E-06
410  4.42255948E+01 -1.000000E+00  0.000000E+00 -5.819917E-02  5.218769E-06
411  4.52914870E+01 -1.000000E+00  0.000000E+00 -5.692940E-02  1.279445E-05
412  4.63764852E+01 -1.000000E+00  0.000000E+00 -5.337543E-02  1.977708E-05
413  4.74807765E+01 -1.000000E+00  0.000000E+00 -4.762833E-02  2.589897E-05
414  4.86045469E+01 -1.000000E+00  0.000000E+00 -3.987115E-02  3.092747E-05
415  4.97479821E+01 -1.000000E+00  0.000000E+00 -3.037412E-02  3.467444E-05
416  5.09112668E+01 -1.000000E+00  0.000000E+00 -1.948582E-02  3.700397E-05
417  5.20945849E+01 -1.000000E+00  0.000000E+00 -7.620701E-03  3.783785E-05
418  5.32981197E+01 -1.000000E+00  0.000000E+00  4.756598E-03  3.715869E-05
419  5.45220534E+01 -1.000000E+00  0.000000E+00  1.714964E-02  3.501043E-05
420  5.57665675E+01 -1.000000E+00  0.000000E+00  2.905043E-02  3.149623E-05
421  5.70318428E+01 -1.000000E+00  0.000000E+00  3.996072E-02  2.677387E-05
422  5.83180590E+01 -1.000000E+00  0.000000E+00  4.941339E-02  2.104878E-05
423  5.96253950E+01 -1.000000E+00  0.000000E+00  5.699303E-02  1.456512E-05
424  6.09540289E+01 -1.000000E+00  0.000000E+00  6.235461E-02  7.595167E-06
425  6.23041376E+01 -1.000000E+00  0.000000E+00  6.523958E-02  4.276606E-07
426  6.36758975E+01 -1.000000E+00  0.000000E+00  6.548840E-02 -6.644545E-06
427  6.50694837E+01 -1.000000E+00  0.000000E+00  6.304894E-02 -1.333682E-05
428  6.64850706E+01 -1.000000E+00  0.000000E+00  5.798039E-02 -1.938460E-05
429  6.79228314E+01 -1.000000E+00  0.000000E+00  5.045229E-02 -2.455421E-05
430  6.93829386E+01 -1.000000E+00  0.000000E+00  4.073873E-02 -2.865222E-05
431  7.08655635E+01 -1.000000E+00  0.000000E+00  2.920794E-02 -3.153275E-05
432  7.23708765E+01 -1.000000E+00  0.000000E+00  1.630767E-02 -3.310279E-05
433  7.38990472E+01 -1.000000E+00  0.000000E+00  2.546961E-03 -3.332492E-05
434  7.54502437E+01 -1.000000E+00  0.000000E+00 -1.152483E-02 -3.221768E-05
435  7.70246337E+01 -1.000000E+00  0.000000E+00 -2.534087E-02 -2.985345E-05
436  7.86223834E+01 -1.000000E+00  0.000000E+00 -3.834046E-02 -2.635402E-05
437  8.02436582E+01 -1.000000E+00  0.000000E+00 -4.999249E-02 -2.188424E-05
438  8.18886225E+01 -1.000000E+00  0.000000E+00 -5.981754E-02 -1.664382E-05
439  8.35574396E+01 -1.000000E+00  0.000000E+00 -6.740775E-02 -1.085806E-05
440  8.52502716E+01 -1.000000E+00  0.000000E+00 -7.244347E-02 -4.767624E-06
441  8.69672799E+01 -1.000000E+00  0.000000E+00 -7.470619E-02  1.381938E-06
442  8.87086246E+01 -1.000000E+00  0.000000E+00 -7.408694E-02  7.350490E-06
443  9.04744649E+01 -1.000000E+00  0.000000E+00 -7.059007E-02  1.291301E-05
444  9.22649587E+01 -1.000000E+00  0.000000E+00 -6.433225E-02  1.786825E-05
445  9.40802632E+01 -1.000000E+00  0.000000E+00 -5.553668E-02  2.204602E-05
446  9.59205342E+01 -1.000000E+00  0.000000E+00 -4.452311E-02  2.531281E-05
447  9.77859267E+01 -1.000000E+00  0.000000E+00 -3.169399E-02  2.757562E-05
448  9.96765946E+01 -1.000000E+00  0.000000E+00 -1.751749E-02  2.878385E-05
449  1.01592691E+02 -1.000000E+00  0.000000E+00 -2.508275E-03  2.892935E-05
450  1.03534366E+02 -1.000000E+00  0.000000E+00  1.279313E-02  2.804467E-05
451  1.05501773E+02 -1.000000E+00  0.000000E+00  2.784148E-02  2.619961E-05
452  1.07495059E+02 -1.000000E+00  0.000000E+00  4.210750E-02  2.349657E-05
453  1.09514374E+02 -1.000000E+00  0.000000E+00  5.509722E-02  2.006463E-05
454  1.11559865E+02 -1.000000E+00  0.000000E+00  6.636932E-02  1.605302E-05
455  1.13631678E+02 -1.000000E+00  0.000000E+00  7.554969E-02  1.162411E-05
456  1.15729960E+02 -1.000000E+00  0.000000E+00  8.234288E-02  6.946317E-06
457  1.17854853E+02 -1.000000E+00  0.000000E+00  8.653989E-02  2.187227E-06
458  1.20006502E+02 -1.000000E+00  0.000000E+00  8.802241E-02 -2.492716E-06
459  1.22185048E+02 -1.000000E+00  0.000000E+00  8.676335E-02 -6.945824E-06
460  1.24390633E+02 -1.000000E+00  0.000000E+00  8.282381E-02 -1.104183E-05
461  1.26623397E+02 -1.000000E+00  0.000000E+00  7.634705E-02 -1.467147E-05
462  1.28883479E+02 -1.000000E+00  0.000000E+00  6.754953E-02 -1.774900E-05
463  1.31171017E+02 -1.000000E+00  0.000000E+00  5.670995E-02 -2.021348E-05
464  1.33486147E+02 -1.000000E+00  0.000000E+00  4.415649E-02 -2.202906E-05
465  1.35829007E+02 -1.000000E+00  0.000000E+00  3.025317E-02 -2.318417E-05
466  1.38199730E+02 -1.000000E+00  0.000000E+00  1.538581E-02 -2.368988E-05
467  1.40598450E+02 -1.000000E+00  0.000000E+00 -5.192851E-05 -2.357751E-05
468  1.43025301E+02 -1.000000E+00  0.000000E+00 -1.567163E-02 -2.289569E-05
469  1.45480414E+02 -1.000000E+00  0.000000E+00 -3.110214E-02 -2.170701E-05
470  1.47963921E+02 -1.000000E+00  0.000000E+00 -4.600000E-02 -2.008447E-05
471  1.50475950E+02 -1.000000E+00  0.000000E+00 -6.005810E-02 -1.810795E-05
472  1.53016630E+02 -1.000000E+00  0.000000E+00 -7.301230E-02 -1.586071E-05
473  1.55586091E+02 -1.000000E+00  0.000000E+00 -8.464604E-02 -1.342618E-05
474  1.58184457E+02 -1.000000E+00  0.000000E+00 -9.479291E-02 -1.088513E-05
475  1.60811856E+02 -1.000000E+00  0.000000E+00 -1.033373E-01 -8.313161E-06
476  1.63468412E+02 -1.000000E+00  0.000000E+00 -1.102130E-01 -5.778792E-06
477  1.66154248E+02 -1.000000E+00  0.000000E+00 -1.154012E-01 -3.341958E-06
478  1.68869488E+02 -1.000000E+00  0.000000E+00 -1.189256E-01 -1.053041E-06
479  1.71614254E+02 -1.000000E+00  0.000000E+00 -1.208482E-01  1.047643E-06
480  1.74388666E+02 -1.000000E+00  0.000000E+00 -1.212632E-01  2.929920E-06
481  1.77192845E+02 -1.000000E+00  0.000000E+00 -1.202912E-01  4.573457E-06
482  1.80026910E+02 -1.000000E+00  0.000000E+00 -1.180727E-01  5.967152E-06
483  1.82890978E+02 -1.000000E+00  0.000000E+00 -1.147624E-01  7.108269E-06
484  1.85785167E+02 -1.000000E+00  0.000000E+00 -1.105226E-01  8.001400E-06
485  1.88709593E+02 -1.000000E+00  0.000000E+00 -1.055186E-01  8.657312E-06
486  1.91664371E+02 -1.000000E+00  0.000000E+00 -9.991366E-02  9.091742E-06
487  1.94649616E+02 -1.000000E+00  0.000000E+00 -9.386463E-02  9.324194E-06
488  1.97665441E+02 -1.000000E+00  0.000000E+00 -8.751897E-02  9.376787E-06
489  2.00711959E+02 -1.000000E+00  0.000000E+00 -8.101194E-02  9.273184E-06
490  2.03789281E+02 -1.000000E+00  0.000000E+00 -7.446479E-02  9.037639E-06
491  2.06897519E+02 -1.000000E+00  0.000000E+00 -6.798353E-02  8.694169E-06
492  2.10036781E+02 -1.000000E+00  0.000000E+00 -6.165843E-02  8.265870E-06
493  2.13207178E+02 -1.000000E+00  0.000000E+00 -5.556397E-02  7.774377E-06
494  2.16408816E+02 -1.000000E+00  0.000000E+00 -4.975928E-02  7.239458E-06
495  2.19641804E+02 -1.000000E+00  0.000000E+00 -4.428907E-02  6.678750E-06
496  2.22906247E+02 -1.000000E+00  0.000000E+00 -3.918467E-02  6.107597E-06
497  2.26202251E+02 -1.000000E+00  0.000000E+00 -3.446539E-02  5.539008E-06
498  2.29529921E+02 -1.000000E+00  0.000000E+00 -3.014004E-02  4.983685E-06
499  2.32889361E+02 -1.000000E+00  0.000000E+00 -2.620836E-02  4.450131E-06
500  2.36280674E+02 -1.000000E+00  0.000000E+00 -2.266259E-02  3.944808E-06
501  2.39703961E+02 -1.000000E+00  0.000000E+00 -1.948895E-02  3.472329E-06
502  2.43159324E+02 -1.000000E+00  0.000000E+00 -1.666897E-02  3.035678E-06
503  2.46646863E+02 -1.000000E+00  0.000000E+00 -1.418080E-02  2.636433E-06
504  2.50166679E+02 -1.000000E+00  0.000000E+00 -1.200029E-02  2.274997E-06
505  2.53718869E+02 -1.000000E+00  0.000000E+00 -1.010201E-02  1.950819E-06
506  2.57303533E+02 -1.000000E+00  0.000000E+00 -8.460038E-03  1.662596E-06
507  2.60920767E+02 -1.000000E+00  0.000000E+00 -7.048678E-03  1.408465E-06
508  2.64570668E+02 -1.000000E+00  0.000000E+00 -5.842981E-03  1.186166E-06
509  2.68253332E+02 -1.000000E+00  0.000000E+00 -4.819165E-03  9.931856E-07
510  2.71968853E+02 -1.000000E+00  0.000000E+00 -3.954919E-03  8.268809E-07
511  2.75717326E+02 -1.000000E+00  0.000000E+00 -3.229600E-03  6.845754E-07
512  2.79498844E+02 -1.000000E+00  0.000000E+00 -2.624344E-03  5.636381E-07
513  2.83313500E+02 -1.000000E+00  0.000000E+00 -2.122113E-03  4.615433E-07
514  2.87161385E+02 -1.000000E+00  0.000000E+00 -1.707677E-03  3.759128E-07
515  2.91042592E+02 -1.000000E+00  0.000000E+00 -1.367556E-03  3.045452E-07
516  2.94957209E+02 -1.000000E+00  0.000000E+00 -1.089932E-03  2.454323E-07
517  2.98905328E+02 -1.000000E+00  0.000000E+00 -8.645284E-04  1.967662E-07
518  3.02887036E+02 -1.000000E+00  0.000000E+00 -6.824895E-04  1.569387E-07
519  3.06902423E+02 -1.000000E+00  0.000000E+00 -5.362405E-04  1.245347E-07
520  3.10951575E+02 -1.000000E+00  0.000000E+00 -4.193529E-04  9.832193E-08
521  3.15034581E+02 -1.000000E+00  0.000000E+00 -3.264112E-04  7.723745E-08
522  3.19151524E+02 -1.000000E+00  0.000000E+00 -2.528858E-04  6.037253E-08
523  3.23302493E+02 -1.000000E+00  0.000000E+00 -1.950140E-04  4.695698E-08
524  3.27487570E+02 -1.000000E+00  0.000000E+00 -1.496914E-04  3.634332E-08
525  3.31706840E+02 -1.000000E+00  0.000000E+00 -1.143733E-04  2.799151E-08
526  3.35960387E+02 -1.000000E+00  0.000000E+00 -8.698731E-05  2.145448E-08
527  3.40248293E+02 -1.000000E+00  0.000000E+00 -6.585628E-05  1.636484E-08
528  3.44570640E+02 -1.000000E+00  0.000000E+00 -4.963117E-05  1.242277E-08
529  3.48927510E+02 -1.000000E+00  0.000000E+00 -3.723348E-05  9.385314E-09
530  3.53318984E+02 -1.000000E+00  0.000000E+00 -2.780610E-05  7.056882E-09
531  3.57745142E+02 -1.000000E+00  0.000000E+00 -2.067182E-05  5.281046E-09
532  3.62206063E+02 -1.000000E+00  0.000000E+00 -1.529871E-05  3.933497E-09
533  3.66701826E+02 -1.000000E+00  0.000000E+00 -1.127127E-05  2.916070E-09
534  3.71232509E+02 -1.000000E+00  0.000000E+00 -8.266799E-06  2.151717E-09
535  3.75798190E+02 -1.000000E+00  0.000000E+00 -6.036043E-06  1.580330E-09
536  3.80398947E+02 -1.000000E+00  0.000000E+00 -4.387546E-06  1.155296E-09
537  3.85034854E+02 -1.000000E+00  0.000000E+00 -3.175041E-06  8.406744E-10
538  3.89705989E+02 -1.000000E+00  0.000000E+00 -2.287382E-06  6.089169E-10
539  3.94412427E+02 -1.000000E+00  0.000000E+00 -1.640564E-06  4.390255E-10
540  3.99154241E+02 -1.000000E+00  0.000000E+00 -1.171429E-06  3.150857E-10
541  4.03931506E+02 -1.000000E+00  0.000000E+00 -8.327412E-07  2.251024E-10
542  4.08744296E+02 -1.000000E+00  0.000000E+00 -5.893569E-07  1.600845E-10
543  4.13592684E+02 -1.000000E+00  0.000000E+00 -4.152634E-07  1.133289E-10
544  4.18476741E+02 -1.000000E+00  0.000000E+00 -2.913053E-07  7.986555E-11
545  4.23396539E+02 -1.000000E+00  0.000000E+00 -2.034488E-07  5.602856E-11
546  4.28352149E+02 -1.000000E+00  0.000000E+00 -1.414641E-07  3.912866E-11
547  4.33343643E+02 -1.000000E+00  0.000000E+00 -9.793176E-08  2.720319E-11
548  4.38371090E+02 -1.000000E+00  0.000000E+00 -6.749778E-08  1.882729E-11
549  4.43434560E+02 -1.000000E+00  0.000000E+00 -4.631758E-08  1.297186E-11
550  4.48534122E+02 -1.000000E+00  0.000000E+00 -3.164424E-08  8.897472E-12
551  4.53669843E+02 -1.000000E+00  0.000000E+00 -2.152472E-08  6.075529E-12
552  4.58841793E+02 -1.000000E+00  0.000000E+00 -1.457726E-08  4.130073E-12
553  4.64050038E+02 -1.000000E+00  0.000000E+00 -9.829055E-09  2.795054E-12
554  4.69294645E+02 -1.000000E+00  0.000000E+00 -6.598517E-09  1.883147E-12
555  4.74575681E+02 -1.000000E+00  0.000000E+00 -4.410431E-09  1.263114E-12
556  4.79893211E+02 -1.000000E+00  0.000000E+00 -2.935061E-09  8.434655E-13
557  4.85247301E+02 -1.000000E+00  0.000000E+00 -1.944715E-09  5.607394E-13
558  4.90638015E+02 -1.000000E+00  0.000000E+00 -1.282917E-09  3.711298E-13
559  4.96065419E+02 -1.000000E+00  0.000000E+00 -8.426480E-10  2.445478E-13
560  5.01529575E+02 -1.000000E+00  0.000000E+00 -5.510610E-10  1.604268E-13
561  5.07030547E+02 -1.000000E+00  0.000000E+00 -3.588063E-10  1.047772E-13
562  5.12568399E+02 -1.000000E+00  0.000000E+00 -2.326099E-10  6.832271E-14
563  5.18143191E+02 -1.000000E+00  0.000000E+00 -1.501429E-10  4.366037E-14
