#      n =  5
#  kappa = -1
# energy = -2.17928314E+00
#     vc = -4.47831408E+04


0    5.00000000E-07 -4.166689E-02  0.000000E+00  0.000000E+00  5.697752E-02
1    5.24379476E-07 -4.369824E-02  0.000000E+00  1.285178E-06  5.697752E-02
2    5.49947615E-07 -4.582859E-02  0.000000E+00  2.633011E-06  5.432849E-02
3    5.76762368E-07 -4.806276E-02  0.000000E+00  4.046554E-06  5.180266E-02
4    6.04884511E-07 -5.040581E-02  0.000000E+00  5.529008E-06  4.939426E-02
5    6.34377784E-07 -5.286302E-02  0.000000E+00  7.083733E-06  4.709784E-02
6    6.65309032E-07 -5.543997E-02  0.000000E+00  8.714252E-06  4.490819E-02
7    6.97748361E-07 -5.814246E-02  0.000000E+00  1.042426E-05  4.282034E-02
8    7.31769292E-07 -6.097662E-02  0.000000E+00  1.221763E-05  4.082957E-02
9    7.67448930E-07 -6.394884E-02  0.000000E+00  1.409842E-05  3.893135E-02
10   8.04868141E-07 -6.706584E-02  0.000000E+00  1.607090E-05  3.712139E-02
11   8.44111731E-07 -7.033465E-02  0.000000E+00  1.813953E-05  3.539558E-02
12   8.85268640E-07 -7.376265E-02  0.000000E+00  2.030901E-05  3.375000E-02
13   9.28432143E-07 -7.735758E-02  0.000000E+00  2.258424E-05  3.218094E-02
14   9.73700063E-07 -8.112753E-02  0.000000E+00  2.497038E-05  3.068483E-02
15   1.02117499E-06 -8.508101E-02  0.000000E+00  2.747283E-05  2.925827E-02
16   1.07096451E-06 -8.922692E-02  0.000000E+00  3.009726E-05  2.789804E-02
17   1.12318147E-06 -9.357460E-02  0.000000E+00  3.284962E-05  2.660106E-02
18   1.17794419E-06 -9.813381E-02  0.000000E+00  3.573615E-05  2.536437E-02
19   1.23537679E-06 -1.029148E-01  0.000000E+00  3.876337E-05  2.418518E-02
20   1.29560941E-06 -1.079283E-01  0.000000E+00  4.193814E-05  2.306081E-02
21   1.35877854E-06 -1.131856E-01  0.000000E+00  4.526765E-05  2.198872E-02
22   1.42502734E-06 -1.186985E-01  0.000000E+00  4.875945E-05  2.096648E-02
23   1.49450593E-06 -1.244793E-01  0.000000E+00  5.242144E-05  1.999176E-02
24   1.56737176E-06 -1.305409E-01  0.000000E+00  5.626191E-05  1.906235E-02
25   1.64378993E-06 -1.368968E-01  0.000000E+00  6.028955E-05  1.817616E-02
26   1.72393362E-06 -1.435613E-01  0.000000E+00  6.451349E-05  1.733117E-02
27   1.80798441E-06 -1.505492E-01  0.000000E+00  6.894329E-05  1.652546E-02
28   1.89613278E-06 -1.578759E-01  0.000000E+00  7.358898E-05  1.575721E-02
29   1.98857845E-06 -1.655578E-01  0.000000E+00  7.846107E-05  1.502468E-02
30   2.08553088E-06 -1.736119E-01  0.000000E+00  8.357059E-05  1.432621E-02
31   2.18720977E-06 -1.820559E-01  0.000000E+00  8.892910E-05  1.366021E-02
32   2.29384548E-06 -1.909084E-01  0.000000E+00  9.454873E-05  1.302517E-02
33   2.40567964E-06 -2.001888E-01  0.000000E+00  1.004422E-04  1.241965E-02
34   2.52296562E-06 -2.099175E-01  0.000000E+00  1.066229E-04  1.184229E-02
35   2.64596916E-06 -2.201156E-01  0.000000E+00  1.131047E-04  1.129177E-02
36   2.77496894E-06 -2.308054E-01  0.000000E+00  1.199023E-04  1.076684E-02
37   2.91025722E-06 -2.420099E-01  0.000000E+00  1.270312E-04  1.026631E-02
38   3.05214051E-06 -2.537532E-01  0.000000E+00  1.345073E-04  9.789055E-03
39   3.20094024E-06 -2.660605E-01  0.000000E+00  1.423477E-04  9.333986E-03
40   3.35699352E-06 -2.789579E-01  0.000000E+00  1.505701E-04  8.900072E-03
41   3.52065387E-06 -2.924727E-01  0.000000E+00  1.591931E-04  8.486329E-03
42   3.69229205E-06 -3.066333E-01  0.000000E+00  1.682361E-04  8.091821E-03
43   3.87229688E-06 -3.214691E-01  0.000000E+00  1.777196E-04  7.715651E-03
44   4.06107612E-06 -3.370107E-01  0.000000E+00  1.876651E-04  7.356968E-03
45   4.25905740E-06 -3.532899E-01  0.000000E+00  1.980950E-04  7.014958E-03
46   4.46668918E-06 -3.703395E-01  0.000000E+00  2.090329E-04  6.688846E-03
47   4.68444179E-06 -3.881936E-01  0.000000E+00  2.205036E-04  6.377892E-03
48   4.91280846E-06 -4.068872E-01  0.000000E+00  2.325328E-04  6.081391E-03
49   5.15230643E-06 -4.264566E-01  0.000000E+00  2.451479E-04  5.798672E-03
50   5.40347818E-06 -4.469390E-01  0.000000E+00  2.583773E-04  5.529092E-03
51   5.66689259E-06 -4.683725E-01  0.000000E+00  2.722509E-04  5.272041E-03
52   5.94314625E-06 -4.907965E-01  0.000000E+00  2.868000E-04  5.026936E-03
53   6.23286484E-06 -5.142506E-01  0.000000E+00  3.020574E-04  4.793222E-03
54   6.53670449E-06 -5.387756E-01  0.000000E+00  3.180577E-04  4.570367E-03
55   6.85535330E-06 -5.644125E-01  0.000000E+00  3.348368E-04  4.357866E-03
56   7.18953291E-06 -5.912026E-01  0.000000E+00  3.524328E-04  4.155239E-03
57   7.54000007E-06 -6.191875E-01  0.000000E+00  3.708852E-04  3.962024E-03
58   7.90754843E-06 -6.484082E-01  0.000000E+00  3.902357E-04  3.777784E-03
59   8.29301027E-06 -6.789053E-01  0.000000E+00  4.105278E-04  3.602100E-03
60   8.69725842E-06 -7.107184E-01  0.000000E+00  4.318075E-04  3.434575E-03
61   9.12120821E-06 -7.438854E-01  0.000000E+00  4.541226E-04  3.274828E-03
62   9.56581956E-06 -7.784421E-01  0.000000E+00  4.775233E-04  3.122495E-03
63   1.00320991E-05 -8.144214E-01  0.000000E+00  5.020625E-04  2.977233E-03
64   1.05211026E-05 -8.518526E-01  0.000000E+00  5.277953E-04  2.838710E-03
65   1.10339372E-05 -8.907600E-01  0.000000E+00  5.547797E-04  2.706611E-03
66   1.15717637E-05 -9.311621E-01  0.000000E+00  5.830764E-04  2.580638E-03
67   1.21357998E-05 -9.730703E-01  0.000000E+00  6.127491E-04  2.460504E-03
68   1.27273224E-05 -1.016487E+00  0.000000E+00  6.438645E-04  2.345935E-03
69   1.33476703E-05 -1.061403E+00  0.000000E+00  6.764926E-04  2.236672E-03
70   1.39982480E-05 -1.107798E+00  0.000000E+00  7.107066E-04  2.132465E-03
71   1.46805278E-05 -1.155635E+00  0.000000E+00  7.465834E-04  2.033078E-03
72   1.53960541E-05 -1.204857E+00  0.000000E+00  7.842037E-04  1.938284E-03
73   1.61464463E-05 -1.255388E+00  0.000000E+00  8.236517E-04  1.847868E-03
74   1.69334027E-05 -1.307123E+00  0.000000E+00  8.650160E-04  1.761623E-03
75   1.77587043E-05 -1.359930E+00  0.000000E+00  9.083893E-04  1.679353E-03
76   1.86242188E-05 -1.413637E+00  0.000000E+00  9.538689E-04  1.600870E-03
77   1.95319047E-05 -1.468031E+00  0.000000E+00  1.001557E-03  1.525996E-03
78   2.04838160E-05 -1.522850E+00  0.000000E+00  1.051559E-03  1.454560E-03
79   2.14821064E-05 -1.577773E+00  0.000000E+00  1.103988E-03  1.386398E-03
80   2.25290348E-05 -1.632412E+00  0.000000E+00  1.158961E-03  1.321356E-03
81   2.36269698E-05 -1.686298E+00  0.000000E+00  1.216601E-03  1.259285E-03
82   2.47783952E-05 -1.738871E+00  0.000000E+00  1.277037E-03  1.200044E-03
83   2.59859159E-05 -1.789462E+00  0.000000E+00  1.340402E-03  1.143500E-03
84   2.72522635E-05 -1.837279E+00  0.000000E+00  1.406840E-03  1.089524E-03
85   2.85803023E-05 -1.881381E+00  0.000000E+00  1.476496E-03  1.038063E-03
86   2.99730362E-05 -1.920662E+00  0.000000E+00  1.549528E-03  9.878741E-04
87   3.14336152E-05 -1.953816E+00  0.000000E+00  1.626096E-03  9.343472E-04
88   3.29653425E-05 -1.979312E+00  0.000000E+00  1.706377E-03  9.798741E-04
89   3.45716821E-05 -1.995356E+00  0.000000E+00  1.790663E-03  8.061544E-04
90   3.62562664E-05 -2.000000E+00  0.000000E+00  1.878688E-03  6.872056E-04
91   3.80229045E-05 -2.000000E+00  0.000000E+00  1.971175E-03  8.368371E-04
92   3.98755908E-05 -2.000000E+00  0.000000E+00  2.068263E-03  7.882031E-04
93   4.18185141E-05 -2.000000E+00  0.000000E+00  2.169940E-03  6.924902E-04
94   4.38560667E-05 -2.000000E+00  0.000000E+00  2.276543E-03  6.660777E-04
95   4.59928546E-05 -2.000000E+00  0.000000E+00  2.388315E-03  6.340540E-04
96   4.82337078E-05 -2.000000E+00  0.000000E+00  2.505506E-03  6.028757E-04
97   5.05836913E-05 -2.000000E+00  0.000000E+00  2.628382E-03  5.731317E-04
98   5.30481160E-05 -2.000000E+00  0.000000E+00  2.757221E-03  5.446848E-04
99   5.56325514E-05 -2.000000E+00  0.000000E+00  2.892311E-03  5.174705E-04
100  5.83428374E-05 -2.000000E+00  0.000000E+00  3.033960E-03  4.914272E-04
101  6.11850981E-05 -2.000000E+00  0.000000E+00  3.182487E-03  4.664958E-04
102  6.41657551E-05 -2.000000E+00  0.000000E+00  3.338226E-03  4.426200E-04
103  6.72915422E-05 -2.000000E+00  0.000000E+00  3.501530E-03  4.197456E-04
104  7.05695203E-05 -2.000000E+00  0.000000E+00  3.672767E-03  3.978208E-04
105  7.40070937E-05 -2.000000E+00  0.000000E+00  3.852324E-03  3.767959E-04
106  7.76120262E-05 -2.000000E+00  0.000000E+00  4.040605E-03  3.566234E-04
107  8.13924590E-05 -2.000000E+00  0.000000E+00  4.238035E-03  3.372576E-04
108  8.53569289E-05 -2.000000E+00  0.000000E+00  4.445059E-03  3.186546E-04
109  8.95143872E-05 -2.000000E+00  0.000000E+00  4.662145E-03  3.007722E-04
110  9.38742201E-05 -2.000000E+00  0.000000E+00  4.889782E-03  2.835701E-04
111  9.84462698E-05 -2.000000E+00  0.000000E+00  5.128482E-03  2.670092E-04
112  1.03240856E-04 -2.000000E+00  0.000000E+00  5.378785E-03  2.510521E-04
113  1.08268801E-04 -2.000000E+00  0.000000E+00  5.641255E-03  2.356627E-04
114  1.13541450E-04 -2.000000E+00  0.000000E+00  5.916481E-03  2.208060E-04
115  1.19070702E-04 -2.000000E+00  0.000000E+00  6.205086E-03  2.064486E-04
116  1.24869031E-04 -2.000000E+00  0.000000E+00  6.507719E-03  1.925578E-04
117  1.30949518E-04 -2.000000E+00  0.000000E+00  6.825061E-03  1.791023E-04
118  1.37325879E-04 -2.000000E+00  0.000000E+00  7.157827E-03  1.660517E-04
119  1.44012495E-04 -2.000000E+00  0.000000E+00  7.506766E-03  1.533763E-04
120  1.51024445E-04 -2.000000E+00  0.000000E+00  7.872664E-03  1.410476E-04
121  1.58377540E-04 -2.000000E+00  0.000000E+00  8.256343E-03  1.290377E-04
122  1.66088357E-04 -2.000000E+00  0.000000E+00  8.658668E-03  1.173194E-04
123  1.74174278E-04 -2.000000E+00  0.000000E+00  9.080544E-03  1.058662E-04
124  1.82653528E-04 -2.000000E+00  0.000000E+00  9.522918E-03  9.465220E-05
125  1.91545216E-04 -2.000000E+00  0.000000E+00  9.986785E-03  8.365214E-05
126  2.00869376E-04 -2.000000E+00  0.000000E+00  1.047319E-02  7.284114E-05
127  2.10647016E-04 -2.000000E+00  0.000000E+00  1.098322E-02  6.219476E-05
128  2.20900160E-04 -2.000000E+00  0.000000E+00  1.151803E-02  5.168898E-05
129  2.31651900E-04 -2.000000E+00  0.000000E+00  1.207881E-02  4.130008E-05
130  2.42926448E-04 -2.000000E+00  0.000000E+00  1.266683E-02  3.100462E-05
131  2.54749187E-04 -2.000000E+00  0.000000E+00  1.328340E-02  2.077936E-05
132  2.67146734E-04 -2.000000E+00  0.000000E+00  1.392992E-02  1.060126E-05
133  2.80146989E-04 -2.000000E+00  0.000000E+00  1.460782E-02  4.473529E-07
134  2.93779210E-04 -2.000000E+00  0.000000E+00  1.531863E-02 -9.705232E-06
135  3.08074066E-04 -2.000000E+00  0.000000E+00  1.606394E-02 -1.987937E-05
136  3.23063713E-04 -2.000000E+00  0.000000E+00  1.684542E-02 -3.009798E-05
137  3.38781866E-04 -2.000000E+00  0.000000E+00  1.766483E-02 -4.038406E-05
138  3.55263868E-04 -2.000000E+00  0.000000E+00  1.852399E-02 -5.076076E-05
139  3.72546773E-04 -2.000000E+00  0.000000E+00  1.942484E-02 -6.125141E-05
140  3.90669430E-04 -2.000000E+00  0.000000E+00  2.036938E-02 -7.187961E-05
141  4.09672565E-04 -2.000000E+00  0.000000E+00  2.135973E-02 -8.266923E-05
142  4.29598872E-04 -2.000000E+00  0.000000E+00  2.239811E-02 -9.364452E-05
143  4.50493114E-04 -2.000000E+00  0.000000E+00  2.348682E-02 -1.048301E-04
144  4.72402215E-04 -2.000000E+00  0.000000E+00  2.462831E-02 -1.162511E-04
145  4.95375365E-04 -2.000000E+00  0.000000E+00  2.582513E-02 -1.279331E-04
146  5.19464135E-04 -2.000000E+00  0.000000E+00  2.707993E-02 -1.399023E-04
147  5.44722585E-04 -2.000000E+00  0.000000E+00  2.839553E-02 -1.521856E-04
148  5.71207386E-04 -2.000000E+00  0.000000E+00  2.977485E-02 -1.648104E-04
149  5.98977947E-04 -2.000000E+00  0.000000E+00  3.122097E-02 -1.778049E-04
150  6.28096544E-04 -2.000000E+00  0.000000E+00  3.273710E-02 -1.911983E-04
151  6.58628458E-04 -2.000000E+00  0.000000E+00  3.432662E-02 -2.050205E-04
152  6.90642123E-04 -2.000000E+00  0.000000E+00  3.599306E-02 -2.193023E-04
153  7.24209271E-04 -2.000000E+00  0.000000E+00  3.774013E-02 -2.340757E-04
154  7.59405096E-04 -2.000000E+00  0.000000E+00  3.957171E-02 -2.493736E-04
155  7.96308416E-04 -2.000000E+00  0.000000E+00  4.149185E-02 -2.652300E-04
156  8.35001848E-04 -2.000000E+00  0.000000E+00  4.350482E-02 -2.816805E-04
157  8.75571994E-04 -2.000000E+00  0.000000E+00  4.561507E-02 -2.987614E-04
158  9.18109623E-04 -2.000000E+00  0.000000E+00  4.782728E-02 -3.165110E-04
159  9.62709879E-04 -2.000000E+00  0.000000E+00  5.014635E-02 -3.349685E-04
160  1.00947249E-03 -2.000000E+00  0.000000E+00  5.257739E-02 -3.541751E-04
161  1.05850197E-03 -2.000000E+00  0.000000E+00  5.512578E-02 -3.741733E-04
162  1.10990788E-03 -2.000000E+00  0.000000E+00  5.779713E-02 -3.950076E-04
163  1.16380504E-03 -2.000000E+00  0.000000E+00  6.059733E-02 -4.167240E-04
164  1.22031380E-03 -2.000000E+00  0.000000E+00  6.353256E-02 -4.393707E-04
165  1.27956029E-03 -2.000000E+00  0.000000E+00  6.660926E-02 -4.629977E-04
166  1.34167669E-03 -2.000000E+00  0.000000E+00  6.983419E-02 -4.876574E-04
167  1.40680156E-03 -2.000000E+00  0.000000E+00  7.321444E-02 -5.134040E-04
168  1.47508008E-03 -2.000000E+00  0.000000E+00  7.675740E-02 -5.402945E-04
169  1.54666442E-03 -2.000000E+00  0.000000E+00  8.047085E-02 -5.683881E-04
170  1.62171405E-03 -2.000000E+00  0.000000E+00  8.436289E-02 -5.977466E-04
171  1.70039607E-03 -2.000000E+00  0.000000E+00  8.844203E-02 -6.284346E-04
172  1.78288562E-03 -2.000000E+00  0.000000E+00  9.271715E-02 -6.605195E-04
173  1.86936622E-03 -2.000000E+00  0.000000E+00  9.719757E-02 -6.940717E-04
174  1.96003018E-03 -2.000000E+00  0.000000E+00  1.018930E-01 -7.291647E-04
175  2.05507902E-03 -2.000000E+00  0.000000E+00  1.068137E-01 -7.658754E-04
176  2.15472391E-03 -2.000000E+00  0.000000E+00  1.119703E-01 -8.042839E-04
177  2.25918613E-03 -2.000000E+00  0.000000E+00  1.173740E-01 -8.444741E-04
178  2.36869753E-03 -2.000000E+00  0.000000E+00  1.230363E-01 -8.865336E-04
179  2.48350104E-03 -2.000000E+00  0.000000E+00  1.289696E-01 -9.305541E-04
180  2.60385121E-03 -2.000000E+00  0.000000E+00  1.351866E-01 -9.766310E-04
181  2.73001475E-03 -2.000000E+00  0.000000E+00  1.417006E-01 -1.024865E-03
182  2.86227107E-03 -2.000000E+00  0.000000E+00  1.485256E-01 -1.075359E-03
183  3.00091296E-03 -2.000000E+00  0.000000E+00  1.556762E-01 -1.128224E-03
184  3.14624712E-03 -2.000000E+00  0.000000E+00  1.631677E-01 -1.183573E-03
185  3.29859489E-03 -2.000000E+00  0.000000E+00  1.710159E-01 -1.241526E-03
186  3.45829293E-03 -2.000000E+00  0.000000E+00  1.792376E-01 -1.302208E-03
187  3.62569389E-03 -2.000000E+00  0.000000E+00  1.878501E-01 -1.365748E-03
188  3.80116724E-03 -2.000000E+00  0.000000E+00  1.968717E-01 -1.432283E-03
189  3.98509998E-03 -2.000000E+00  0.000000E+00  2.063213E-01 -1.501954E-03
190  4.17789752E-03 -2.000000E+00  0.000000E+00  2.162187E-01 -1.574912E-03
191  4.37998453E-03 -2.000000E+00  0.000000E+00  2.265847E-01 -1.651311E-03
192  4.59180581E-03 -2.000000E+00  0.000000E+00  2.374409E-01 -1.731313E-03
193  4.81382728E-03 -2.000000E+00  0.000000E+00  2.488099E-01 -1.815087E-03
194  5.04653693E-03 -2.000000E+00  0.000000E+00  2.607152E-01 -1.902811E-03
195  5.29044588E-03 -2.000000E+00  0.000000E+00  2.731813E-01 -1.994670E-03
196  5.54608942E-03 -2.000000E+00  0.000000E+00  2.862340E-01 -2.090856E-03
197  5.81402819E-03 -2.000000E+00  0.000000E+00  2.998999E-01 -2.191570E-03
198  6.09484930E-03 -2.000000E+00  0.000000E+00  3.142068E-01 -2.297024E-03
199  6.38916760E-03 -2.000000E+00  0.000000E+00  3.291839E-01 -2.407437E-03
200  6.69762697E-03 -2.000000E+00  0.000000E+00  3.448614E-01 -2.523037E-03
201  7.02090162E-03 -2.000000E+00  0.000000E+00  3.612707E-01 -2.644064E-03
202  7.35969758E-03 -2.000000E+00  0.000000E+00  3.784447E-01 -2.770767E-03
203  7.71475407E-03 -2.000000E+00  0.000000E+00  3.964176E-01 -2.903405E-03
204  8.08684511E-03 -2.000000E+00  0.000000E+00  4.152248E-01 -3.042250E-03
205  8.47678111E-03 -2.000000E+00  0.000000E+00  4.349034E-01 -3.187585E-03
206  8.88541052E-03 -2.000000E+00  0.000000E+00  4.554919E-01 -3.339703E-03
207  9.31362160E-03 -2.000000E+00  0.000000E+00  4.770301E-01 -3.498912E-03
208  9.76234426E-03 -2.000000E+00  0.000000E+00  4.995596E-01 -3.665530E-03
209  1.02325519E-02 -2.000000E+00  0.000000E+00  5.231234E-01 -3.839891E-03
210  1.07252636E-02 -2.000000E+00  0.000000E+00  5.477665E-01 -4.022341E-03
211  1.12415460E-02 -2.000000E+00  0.000000E+00  5.735351E-01 -4.213241E-03
212  1.17825154E-02 -2.000000E+00  0.000000E+00  6.004774E-01 -4.412964E-03
213  1.23493404E-02 -2.000000E+00  0.000000E+00  6.286433E-01 -4.621902E-03
214  1.29432439E-02 -2.000000E+00  0.000000E+00  6.580844E-01 -4.840459E-03
215  1.35655058E-02 -2.000000E+00  0.000000E+00  6.888543E-01 -5.069056E-03
216  1.42174656E-02 -2.000000E+00  0.000000E+00  7.210082E-01 -5.308131E-03
217  1.49005247E-02 -2.000000E+00  0.000000E+00  7.546033E-01 -5.558137E-03
218  1.56161498E-02 -2.000000E+00  0.000000E+00  7.896986E-01 -5.819547E-03
219  1.63658754E-02 -2.000000E+00  0.000000E+00  8.263549E-01 -6.092848E-03
220  1.71513072E-02 -2.000000E+00  0.000000E+00  8.646352E-01 -6.378547E-03
221  1.79741249E-02 -2.000000E+00  0.000000E+00  9.046041E-01 -6.677169E-03
222  1.88360858E-02 -2.000000E+00  0.000000E+00  9.463281E-01 -6.989257E-03
223  1.97390283E-02 -2.000000E+00  0.000000E+00  9.898757E-01 -7.315373E-03
224  2.06848754E-02 -2.000000E+00  0.000000E+00  1.035317E+00 -7.656099E-03
225  2.16756384E-02 -2.000000E+00  0.000000E+00  1.082724E+00 -8.012036E-03
226  2.27134212E-02 -2.000000E+00  0.000000E+00  1.132170E+00 -8.383804E-03
227  2.38004239E-02 -2.000000E+00  0.000000E+00  1.183732E+00 -8.772042E-03
228  2.49389474E-02 -2.000000E+00  0.000000E+00  1.237485E+00 -9.177411E-03
229  2.61313979E-02 -2.000000E+00  0.000000E+00  1.293508E+00 -9.600590E-03
230  2.73802914E-02 -2.000000E+00  0.000000E+00  1.351882E+00 -1.004228E-02
231  2.86882583E-02 -2.000000E+00  0.000000E+00  1.412686E+00 -1.050319E-02
232  3.00580490E-02 -2.000000E+00  0.000000E+00  1.476003E+00 -1.098407E-02
233  3.14925389E-02 -2.000000E+00  0.000000E+00  1.541916E+00 -1.148567E-02
234  3.29947333E-02 -2.000000E+00  0.000000E+00  1.610508E+00 -1.200877E-02
235  3.45677742E-02 -2.000000E+00  0.000000E+00  1.681863E+00 -1.255415E-02
236  3.62149451E-02 -2.000000E+00  0.000000E+00  1.756065E+00 -1.312263E-02
237  3.79396779E-02 -2.000000E+00  0.000000E+00  1.833197E+00 -1.371502E-02
238  3.97455590E-02 -2.000000E+00  0.000000E+00  1.913343E+00 -1.433218E-02
239  4.16363359E-02 -2.000000E+00  0.000000E+00  1.996584E+00 -1.497495E-02
240  4.36159242E-02 -2.000000E+00  0.000000E+00  2.083001E+00 -1.564419E-02
241  4.56884150E-02 -2.000000E+00  0.000000E+00  2.172672E+00 -1.634077E-02
242  4.78580821E-02 -2.000000E+00  0.000000E+00  2.265674E+00 -1.706558E-02
243  5.01293898E-02 -2.000000E+00  0.000000E+00  2.362079E+00 -1.781951E-02
244  5.25070012E-02 -2.000000E+00  0.000000E+00  2.461956E+00 -1.860343E-02
245  5.49957863E-02 -2.000000E+00  0.000000E+00  2.565369E+00 -1.941823E-02
246  5.76008309E-02 -2.000000E+00  0.000000E+00  2.672378E+00 -2.026480E-02
247  6.03274459E-02 -2.000000E+00  0.000000E+00  2.783033E+00 -2.114401E-02
248  6.31811760E-02 -2.000000E+00  0.000000E+00  2.897382E+00 -2.205672E-02
249  6.61678101E-02 -2.000000E+00  0.000000E+00  3.015459E+00 -2.300376E-02
250  6.92933914E-02 -2.000000E+00  0.000000E+00  3.137293E+00 -2.398597E-02
251  7.25642274E-02 -2.000000E+00  0.000000E+00  3.262899E+00 -2.500413E-02
252  7.59869012E-02 -2.000000E+00  0.000000E+00  3.392281E+00 -2.605899E-02
253  7.95682829E-02 -2.000000E+00  0.000000E+00  3.525429E+00 -2.715128E-02
254  8.33155409E-02 -2.000000E+00  0.000000E+00  3.662318E+00 -2.828163E-02
255  8.72361544E-02 -2.000000E+00  0.000000E+00  3.802905E+00 -2.945067E-02
256  9.13379258E-02 -2.000000E+00  0.000000E+00  3.947128E+00 -3.065893E-02
257  9.56289937E-02 -2.000000E+00  0.000000E+00  4.094906E+00 -3.190685E-02
258  1.00117847E-01 -2.000000E+00  0.000000E+00  4.246132E+00 -3.319480E-02
259  1.04813337E-01 -2.000000E+00  0.000000E+00  4.400676E+00 -3.452306E-02
260  1.09724694E-01 -2.000000E+00  0.000000E+00  4.558379E+00 -3.589177E-02
261  1.14861542E-01 -2.000000E+00  0.000000E+00  4.719053E+00 -3.730094E-02
262  1.20233914E-01 -2.000000E+00  0.000000E+00  4.882476E+00 -3.875048E-02
263  1.25852264E-01 -2.000000E+00  0.000000E+00  5.048390E+00 -4.024009E-02
264  1.31727492E-01 -2.000000E+00  0.000000E+00  5.216499E+00 -4.176932E-02
265  1.37870953E-01 -2.000000E+00  0.000000E+00  5.386466E+00 -4.333753E-02
266  1.44294479E-01 -2.000000E+00  0.000000E+00  5.557909E+00 -4.494387E-02
267  1.51010395E-01 -2.000000E+00  0.000000E+00  5.730398E+00 -4.658725E-02
268  1.58031540E-01 -2.000000E+00  0.000000E+00  5.903451E+00 -4.826633E-02
269  1.65371285E-01 -2.000000E+00  0.000000E+00  6.076532E+00 -4.997950E-02
270  1.73043552E-01 -2.000000E+00  0.000000E+00  6.249047E+00 -5.172485E-02
271  1.81062838E-01 -2.000000E+00  0.000000E+00  6.420340E+00 -5.350016E-02
272  1.89444231E-01 -2.000000E+00  0.000000E+00  6.589691E+00 -5.530285E-02
273  1.98203439E-01 -2.000000E+00  0.000000E+00  6.756313E+00 -5.712999E-02
274  2.07356804E-01 -2.000000E+00  0.000000E+00  6.919345E+00 -5.897823E-02
275  2.16921334E-01 -2.000000E+00  0.000000E+00  7.077854E+00 -6.084382E-02
276  2.26914719E-01 -2.000000E+00  0.000000E+00  7.230828E+00 -6.272254E-02
277  2.37355362E-01 -2.000000E+00  0.000000E+00  7.377180E+00 -6.460972E-02
278  2.48262400E-01 -2.000000E+00  0.000000E+00  7.515736E+00 -6.650018E-02
279  2.59655730E-01 -2.000000E+00  0.000000E+00  7.645244E+00 -6.838821E-02
280  2.71556041E-01 -2.000000E+00  0.000000E+00  7.764366E+00 -7.026754E-02
281  2.83984832E-01 -2.000000E+00  0.000000E+00  7.871680E+00 -7.213134E-02
282  2.96964451E-01 -2.000000E+00  0.000000E+00  7.965681E+00 -7.397219E-02
283  3.10518114E-01 -2.000000E+00  0.000000E+00  8.044783E+00 -7.578203E-02
284  3.24669940E-01 -2.000000E+00  0.000000E+00  8.107321E+00 -7.755220E-02
285  3.39444981E-01 -2.000000E+00  0.000000E+00  8.151555E+00 -7.927337E-02
286  3.54869250E-01 -2.000000E+00  0.000000E+00  8.175674E+00 -8.093558E-02
287  3.70969756E-01 -2.000000E+00  0.000000E+00  8.177808E+00 -8.252819E-02
288  3.87774534E-01 -2.000000E+00  0.000000E+00  8.156029E+00 -8.403994E-02
289  4.05312680E-01 -2.000000E+00  0.000000E+00  8.108371E+00 -8.545890E-02
290  4.23614383E-01 -2.000000E+00  0.000000E+00  8.032835E+00 -8.677253E-02
291  4.42710962E-01 -2.000000E+00  0.000000E+00  7.927408E+00 -8.796768E-02
292  4.62634897E-01 -2.000000E+00  0.000000E+00  7.790084E+00 -8.903066E-02
293  4.83419870E-01 -2.000000E+00  0.000000E+00  7.618877E+00 -8.994722E-02
294  5.05100798E-01 -2.000000E+00  0.000000E+00  7.411852E+00 -9.070271E-02
295  5.27713874E-01 -2.000000E+00  0.000000E+00  7.167148E+00 -9.128205E-02
296  5.51296599E-01 -2.000000E+00  0.000000E+00  6.883009E+00 -9.166988E-02
297  5.75887827E-01 -2.000000E+00  0.000000E+00  6.557818E+00 -9.185065E-02
298  6.01527801E-01 -2.000000E+00  0.000000E+00  6.190132E+00 -9.180873E-02
299  6.28258193E-01 -2.000000E+00  0.000000E+00  5.778721E+00 -9.152855E-02
300  6.56122144E-01 -2.000000E+00  0.000000E+00  5.322616E+00 -9.099476E-02
301  6.85164309E-01 -2.000000E+00  0.000000E+00  4.821148E+00 -9.019238E-02
302  7.15430892E-01 -2.000000E+00  0.000000E+00  4.274005E+00 -8.910705E-02
303  7.46969693E-01 -2.000000E+00  0.000000E+00  3.681276E+00 -8.772518E-02
304  7.79830151E-01 -2.000000E+00  0.000000E+00  3.043512E+00 -8.603422E-02
305  8.14063382E-01 -2.000000E+00  0.000000E+00  2.361773E+00 -8.402288E-02
306  8.49722229E-01 -2.000000E+00  0.000000E+00  1.637693E+00 -8.168144E-02
307  8.86861301E-01 -2.000000E+00  0.000000E+00  8.735262E-01 -7.900203E-02
308  9.25537020E-01 -2.000000E+00  0.000000E+00  7.220739E-02 -7.597887E-02
309  9.65807663E-01 -2.000000E+00  0.000000E+00 -7.625988E-01 -7.260865E-02
310  1.00773341E+00 -2.000000E+00  0.000000E+00 -1.626450E+00 -6.889084E-02
311  1.05137638E+00 -2.000000E+00  0.000000E+00 -2.514086E+00 -6.482798E-02
312  1.09680071E+00 -2.000000E+00  0.000000E+00 -3.419392E+00 -6.042601E-02
313  1.14407253E+00 -2.000000E+00  0.000000E+00 -4.335376E+00 -5.569460E-02
314  1.19326009E+00 -2.000000E+00  0.000000E+00 -5.254155E+00 -5.064746E-02
315  1.24443376E+00 -2.000000E+00  0.000000E+00 -6.166960E+00 -4.530256E-02
316  1.29766606E+00 -2.000000E+00  0.000000E+00 -7.064149E+00 -3.968244E-02
317  1.35303177E+00 -2.000000E+00  0.000000E+00 -7.935247E+00 -3.381439E-02
318  1.41060790E+00 -2.000000E+00  0.000000E+00 -8.769006E+00 -2.773059E-02
319  1.47047378E+00 -2.000000E+00  0.000000E+00 -9.553486E+00 -2.146822E-02
320  1.53271110E+00 -2.000000E+00  0.000000E+00 -1.027616E+01 -1.506950E-02
321  1.59740393E+00 -2.000000E+00  0.000000E+00 -1.092408E+01 -8.581592E-03
322  1.66463882E+00 -2.000000E+00  0.000000E+00 -1.148398E+01 -2.056455E-03
323  1.73450476E+00 -2.000000E+00  0.000000E+00 -1.194254E+01  4.449404E-03
324  1.80709331E+00 -2.000000E+00  0.000000E+00 -1.228659E+01  1.087532E-02
325  1.88249857E+00 -2.000000E+00  0.000000E+00 -1.250338E+01  1.715699E-02
326  1.96081728E+00 -2.000000E+00  0.000000E+00 -1.258083E+01  2.322705E-02
327  2.04214882E+00 -2.000000E+00  0.000000E+00 -1.250792E+01  2.901595E-02
328  2.12659526E+00 -2.000000E+00  0.000000E+00 -1.227495E+01  3.445274E-02
329  2.21426142E+00 -2.000000E+00  0.000000E+00 -1.187398E+01  3.946624E-02
330  2.30525488E+00 -2.000000E+00  0.000000E+00 -1.129914E+01  4.398612E-02
331  2.39968605E+00 -2.000000E+00  0.000000E+00 -1.054704E+01  4.794425E-02
332  2.49766817E+00 -2.000000E+00  0.000000E+00 -9.617118E+00  5.127612E-02
333  2.59931736E+00 -2.000000E+00  0.000000E+00 -8.512030E+00  5.392230E-02
334  2.70475267E+00 -2.000000E+00  0.000000E+00 -7.237939E+00  5.583000E-02
335  2.81409609E+00 -2.000000E+00  0.000000E+00 -5.804812E+00  5.695469E-02
336  2.92747259E+00 -2.000000E+00  0.000000E+00 -4.226642E+00  5.726163E-02
337  3.04501017E+00 -2.000000E+00  0.000000E+00 -2.521600E+00  5.672741E-02
338  3.16683983E+00 -2.000000E+00  0.000000E+00 -7.120867E-01  5.534139E-02
339  3.29309567E+00 -2.000000E+00  0.000000E+00  1.175305E+00  5.310695E-02
340  3.42391487E+00 -2.000000E+00  0.000000E+00  3.109961E+00  5.004259E-02
341  3.55943772E+00 -2.000000E+00  0.000000E+00  5.057542E+00  4.618269E-02
342  3.69980764E+00 -2.000000E+00  0.000000E+00  6.980427E+00  4.157806E-02
343  3.84517123E+00 -2.000000E+00  0.000000E+00  8.838299E+00  3.629605E-02
344  3.99567823E+00 -2.000000E+00  0.000000E+00  1.058889E+01  3.042024E-02
345  4.15148159E+00 -2.000000E+00  0.000000E+00  1.218887E+01  2.404974E-02
346  4.31273746E+00 -2.000000E+00  0.000000E+00  1.359489E+01  1.729796E-02
347  4.47960521E+00 -2.000000E+00  0.000000E+00  1.476472E+01  1.029091E-02
348  4.65224742E+00 -2.000000E+00  0.000000E+00  1.565850E+01  3.164974E-03
349  4.83082991E+00 -2.000000E+00  0.000000E+00  1.624010E+01 -3.935760E-03
350  5.01552174E+00 -2.000000E+00  0.000000E+00  1.647847E+01 -1.086262E-02
351  5.20649522E+00 -2.000000E+00  0.000000E+00  1.634899E+01 -1.746587E-02
352  5.40392588E+00 -2.000000E+00  0.000000E+00  1.583479E+01 -2.359850E-02
353  5.60799251E+00 -2.000000E+00  0.000000E+00  1.492792E+01 -2.912024E-02
354  5.81887713E+00 -2.000000E+00  0.000000E+00  1.363037E+01 -3.390165E-02
355  6.03676498E+00 -2.000000E+00  0.000000E+00  1.195488E+01 -3.782821E-02
356  6.26184456E+00 -2.000000E+00  0.000000E+00  9.925472E+00 -4.080408E-02
357  6.49430755E+00 -2.000000E+00  0.000000E+00  7.577584E+00 -4.275571E-02
358  6.73434883E+00 -2.000000E+00  0.000000E+00  4.957924E+00 -4.363473E-02
359  6.98216649E+00 -2.000000E+00  0.000000E+00  2.123863E+00 -4.342041E-02
360  7.23796176E+00 -2.000000E+00  0.000000E+00 -8.575825E-01 -4.212115E-02
361  7.50193904E+00 -2.000000E+00  0.000000E+00 -3.911191E+00 -3.977517E-02
362  7.77430585E+00 -2.000000E+00  0.000000E+00 -6.955386E+00 -3.645021E-02
363  8.05527280E+00 -2.000000E+00  0.000000E+00 -9.904450E+00 -3.224222E-02
364  8.34505360E+00 -2.000000E+00  0.000000E+00 -1.267106E+01 -2.727291E-02
365  8.64386496E+00 -2.000000E+00  0.000000E+00 -1.516906E+01 -2.168645E-02
366  8.95192667E+00 -2.000000E+00  0.000000E+00 -1.731635E+01 -1.564513E-02
367  9.26946144E+00 -2.000000E+00  0.000000E+00 -1.903784E+01 -9.324301E-03
368  9.59669496E+00 -2.000000E+00  0.000000E+00 -2.026831E+01 -2.906689E-03
369  9.93385582E+00 -2.000000E+00  0.000000E+00 -2.095499E+01  3.423706E-03
370  1.02811755E+01 -2.000000E+00  0.000000E+00 -2.105993E+01  9.487853E-03
371  1.06388882E+01 -2.000000E+00  0.000000E+00 -2.056174E+01  1.511784E-02
372  1.10072311E+01 -2.000000E+00  0.000000E+00 -1.945693E+01  2.016266E-02
373  1.13864440E+01 -2.000000E+00  0.000000E+00 -1.776051E+01  2.449337E-02
374  1.17767693E+01 -2.000000E+00  0.000000E+00 -1.550586E+01  2.800740E-02
375  1.21784522E+01 -2.000000E+00  0.000000E+00 -1.274400E+01  3.063178E-02
376  1.25917404E+01 -2.000000E+00  0.000000E+00 -9.542005E+00  3.232518E-02
377  1.30168842E+01 -2.000000E+00  0.000000E+00 -5.980835E+00  3.307860E-02
378  1.34541363E+01 -2.000000E+00  0.000000E+00 -2.152543E+00  3.291479E-02
379  1.39037519E+01 -2.000000E+00  0.000000E+00  1.842979E+00  3.188632E-02
380  1.43659885E+01 -2.000000E+00  0.000000E+00  5.901588E+00  3.007240E-02
381  1.48411060E+01 -2.000000E+00  0.000000E+00  9.918649E+00  2.757482E-02
382  1.53293666E+01 -2.000000E+00  0.000000E+00  1.379279E+01  2.451289E-02
383  1.58310344E+01 -2.000000E+00  0.000000E+00  1.742949E+01  2.101799E-02
384  1.63463759E+01 -2.000000E+00  0.000000E+00  2.074430E+01  1.722772E-02
385  1.68756596E+01 -2.000000E+00  0.000000E+00  2.366559E+01  1.328015E-02
386  1.74191559E+01 -2.000000E+00  0.000000E+00  2.613672E+01  9.308346E-03
387  1.79771374E+01 -2.000000E+00  0.000000E+00  2.811742E+01  5.435452E-03
388  1.85498782E+01 -2.000000E+00  0.000000E+00  2.958452E+01  1.770528E-03
389  1.91376545E+01 -2.000000E+00  0.000000E+00  3.053190E+01 -1.594661E-03
390  1.97407441E+01 -2.000000E+00  0.000000E+00  3.096968E+01 -4.587822E-03
391  2.03594264E+01 -2.000000E+00  0.000000E+00  3.092284E+01 -7.157253E-03
392  2.09939826E+01 -2.000000E+00  0.000000E+00  3.042922E+01 -9.271907E-03
393  2.16446952E+01 -2.000000E+00  0.000000E+00  2.953719E+01 -1.092050E-02
394  2.23118483E+01 -2.000000E+00  0.000000E+00  2.830301E+01 -1.210976E-02
395  2.29957275E+01 -2.000000E+00  0.000000E+00  2.678805E+01 -1.286210E-02
396  2.36966194E+01 -2.000000E+00  0.000000E+00  2.505610E+01 -1.321266E-02
397  2.44148120E+01 -2.000000E+00  0.000000E+00  2.317078E+01 -1.320626E-02
398  2.51505947E+01 -2.000000E+00  0.000000E+00  2.119331E+01 -1.289474E-02
399  2.59042576E+01 -2.000000E+00  0.000000E+00  3.352631E+01 -2.155114E-02
