#      n =  7
#  kappa = -1
# energy = -9.02313228E+01
#     vc = -5.22338225E+08


0    5.55555556E-08 -1.934130E-02  0.000000E+00  0.000000E+00 -7.464482E+00
1    5.82636260E-08 -2.028409E-02  0.000000E+00 -5.966807E-05 -7.464482E+00
2    6.11036944E-08 -2.127284E-02  0.000000E+00 -1.222445E-04 -7.117534E+00
3    6.40821943E-08 -2.230979E-02  0.000000E+00 -1.878711E-04 -6.786715E+00
4    6.72058723E-08 -2.339728E-02  0.000000E+00 -2.566964E-04 -6.471274E+00
5    7.04818042E-08 -2.453777E-02  0.000000E+00 -3.288764E-04 -6.170495E+00
6    7.39174104E-08 -2.573385E-02  0.000000E+00 -4.045745E-04 -5.883696E+00
7    7.75204730E-08 -2.698823E-02  0.000000E+00 -4.839623E-04 -5.610229E+00
8    8.12991532E-08 -2.830375E-02  0.000000E+00 -5.672196E-04 -5.349472E+00
9    8.52620099E-08 -2.968339E-02  0.000000E+00 -6.545349E-04 -5.100836E+00
10   8.94180192E-08 -3.113028E-02  0.000000E+00 -7.461060E-04 -4.863757E+00
11   9.37765945E-08 -3.264769E-02  0.000000E+00 -8.421403E-04 -4.637698E+00
12   9.83476079E-08 -3.423905E-02  0.000000E+00 -9.428554E-04 -4.422147E+00
13   1.03141412E-07 -3.590798E-02  0.000000E+00 -1.048479E-03 -4.216614E+00
14   1.08168866E-07 -3.765825E-02  0.000000E+00 -1.159251E-03 -4.020635E+00
15   1.13441355E-07 -3.949383E-02  0.000000E+00 -1.275422E-03 -3.833765E+00
16   1.18970821E-07 -4.141887E-02  0.000000E+00 -1.397255E-03 -3.655581E+00
17   1.24769787E-07 -4.343774E-02  0.000000E+00 -1.525026E-03 -3.485680E+00
18   1.30851387E-07 -4.555500E-02  0.000000E+00 -1.659025E-03 -3.323675E+00
19   1.37229394E-07 -4.777546E-02  0.000000E+00 -1.799554E-03 -3.169201E+00
20   1.43918253E-07 -5.010413E-02  0.000000E+00 -1.946932E-03 -3.021906E+00
21   1.50933112E-07 -5.254630E-02  0.000000E+00 -2.101494E-03 -2.881458E+00
22   1.58289858E-07 -5.510749E-02  0.000000E+00 -2.263588E-03 -2.747538E+00
23   1.66005150E-07 -5.779351E-02  0.000000E+00 -2.433582E-03 -2.619843E+00
24   1.74096461E-07 -6.061043E-02  0.000000E+00 -2.611861E-03 -2.498083E+00
25   1.82582114E-07 -6.356464E-02  0.000000E+00 -2.798829E-03 -2.381982E+00
26   1.91481325E-07 -6.666282E-02  0.000000E+00 -2.994909E-03 -2.271278E+00
27   2.00814246E-07 -6.991200E-02  0.000000E+00 -3.200545E-03 -2.165719E+00
28   2.10602011E-07 -7.331952E-02  0.000000E+00 -3.416203E-03 -2.065067E+00
29   2.20866784E-07 -7.689311E-02  0.000000E+00 -3.642371E-03 -1.969093E+00
30   2.31631806E-07 -8.064084E-02  0.000000E+00 -3.879561E-03 -1.877580E+00
31   2.42921455E-07 -8.457122E-02  0.000000E+00 -4.128310E-03 -1.790320E+00
32   2.54761292E-07 -8.869314E-02  0.000000E+00 -4.389182E-03 -1.707116E+00
33   2.67178126E-07 -9.301593E-02  0.000000E+00 -4.662767E-03 -1.627780E+00
34   2.80200071E-07 -9.754938E-02  0.000000E+00 -4.949685E-03 -1.552130E+00
35   2.93856610E-07 -1.023037E-01  0.000000E+00 -5.250585E-03 -1.479997E+00
36   3.08178662E-07 -1.072898E-01  0.000000E+00 -5.566148E-03 -1.411217E+00
37   3.23198654E-07 -1.125188E-01  0.000000E+00 -5.897089E-03 -1.345633E+00
38   3.38950590E-07 -1.180027E-01  0.000000E+00 -6.244158E-03 -1.283098E+00
39   3.55470131E-07 -1.237537E-01  0.000000E+00 -6.608139E-03 -1.223469E+00
40   3.72794676E-07 -1.297850E-01  0.000000E+00 -6.989858E-03 -1.166611E+00
41   3.90963445E-07 -1.361102E-01  0.000000E+00 -7.390177E-03 -1.112396E+00
42   4.10017567E-07 -1.427436E-01  0.000000E+00 -7.810004E-03 -1.060701E+00
43   4.30000175E-07 -1.497002E-01  0.000000E+00 -8.250288E-03 -1.011409E+00
44   4.50956502E-07 -1.569958E-01  0.000000E+00 -8.712026E-03 -9.644072E-01
45   4.72933987E-07 -1.646468E-01  0.000000E+00 -9.196264E-03 -9.195901E-01
46   4.95982374E-07 -1.726706E-01  0.000000E+00 -9.704097E-03 -8.768560E-01
47   5.20153833E-07 -1.810854E-01  0.000000E+00 -1.023668E-02 -8.361080E-01
48   5.45503075E-07 -1.899102E-01  0.000000E+00 -1.079520E-02 -7.972538E-01
49   5.72087472E-07 -1.991649E-01  0.000000E+00 -1.138095E-02 -7.602053E-01
50   5.99967192E-07 -2.088705E-01  0.000000E+00 -1.199523E-02 -7.248787E-01
51   6.29205333E-07 -2.190489E-01  0.000000E+00 -1.263944E-02 -6.911938E-01
52   6.59868064E-07 -2.297232E-01  0.000000E+00 -1.331505E-02 -6.590744E-01
53   6.92024776E-07 -2.409175E-01  0.000000E+00 -1.402357E-02 -6.284476E-01
54   7.25748240E-07 -2.526571E-01  0.000000E+00 -1.476661E-02 -5.992442E-01
55   7.61114768E-07 -2.649686E-01  0.000000E+00 -1.554585E-02 -5.713978E-01
56   7.98204389E-07 -2.778798E-01  0.000000E+00 -1.636305E-02 -5.448456E-01
57   8.37101027E-07 -2.914199E-01  0.000000E+00 -1.722007E-02 -5.195272E-01
58   8.77892691E-07 -3.056195E-01  0.000000E+00 -1.811885E-02 -4.953852E-01
59   9.20671676E-07 -3.205107E-01  0.000000E+00 -1.906141E-02 -4.723651E-01
60   9.65534770E-07 -3.361272E-01  0.000000E+00 -2.004989E-02 -4.504147E-01
61   1.01258347E-06 -3.525042E-01  0.000000E+00 -2.108652E-02 -4.294842E-01
62   1.06192422E-06 -3.696788E-01  0.000000E+00 -2.217366E-02 -4.095261E-01
63   1.11366863E-06 -3.876897E-01  0.000000E+00 -2.331376E-02 -3.904953E-01
64   1.16793375E-06 -4.065777E-01  0.000000E+00 -2.450939E-02 -3.723486E-01
65   1.22484235E-06 -4.263853E-01  0.000000E+00 -2.576327E-02 -3.550450E-01
66   1.28452313E-06 -4.471574E-01  0.000000E+00 -2.707822E-02 -3.385451E-01
67   1.34711110E-06 -4.689407E-01  0.000000E+00 -2.845723E-02 -3.228116E-01
68   1.41274780E-06 -4.917844E-01  0.000000E+00 -2.990342E-02 -3.078089E-01
69   1.48158167E-06 -5.157401E-01  0.000000E+00 -3.142004E-02 -2.935029E-01
70   1.55376840E-06 -5.408618E-01  0.000000E+00 -3.301054E-02 -2.798611E-01
71   1.62947122E-06 -5.672062E-01  0.000000E+00 -3.467850E-02 -2.668528E-01
72   1.70886131E-06 -5.948325E-01  0.000000E+00 -3.642770E-02 -2.544483E-01
73   1.79211820E-06 -6.238031E-01  0.000000E+00 -3.826210E-02 -2.426195E-01
74   1.87943012E-06 -6.541831E-01  0.000000E+00 -4.018584E-02 -2.313397E-01
75   1.97099449E-06 -6.860410E-01  0.000000E+00 -4.220327E-02 -2.205832E-01
76   2.06701831E-06 -7.194484E-01  0.000000E+00 -4.431895E-02 -2.103256E-01
77   2.16771866E-06 -7.544804E-01  0.000000E+00 -4.653767E-02 -2.005436E-01
78   2.27332319E-06 -7.912158E-01  0.000000E+00 -4.886443E-02 -1.912150E-01
79   2.38407058E-06 -8.297370E-01  0.000000E+00 -5.130450E-02 -1.823187E-01
80   2.50021118E-06 -8.701305E-01  0.000000E+00 -5.386339E-02 -1.738343E-01
81   2.62200746E-06 -9.124868E-01  0.000000E+00 -5.654688E-02 -1.657427E-01
82   2.74973468E-06 -9.569008E-01  0.000000E+00 -5.936104E-02 -1.580254E-01
83   2.88368150E-06 -1.003472E+00  0.000000E+00 -6.231222E-02 -1.506649E-01
84   3.02415057E-06 -1.052304E+00  0.000000E+00 -6.540709E-02 -1.436443E-01
85   3.17145930E-06 -1.103507E+00  0.000000E+00 -6.865265E-02 -1.369477E-01
86   3.32594052E-06 -1.157194E+00  0.000000E+00 -7.205621E-02 -1.305598E-01
87   3.48794321E-06 -1.213486E+00  0.000000E+00 -7.562548E-02 -1.244661E-01
88   3.65783337E-06 -1.272506E+00  0.000000E+00 -7.936850E-02 -1.186524E-01
89   3.83599473E-06 -1.334387E+00  0.000000E+00 -8.329373E-02 -1.131057E-01
90   4.02282972E-06 -1.399266E+00  0.000000E+00 -8.741004E-02 -1.078130E-01
91   4.21876030E-06 -1.467285E+00  0.000000E+00 -9.172671E-02 -1.027623E-01
92   4.42422894E-06 -1.538595E+00  0.000000E+00 -9.625348E-02 -9.794192E-02
93   4.63969963E-06 -1.613354E+00  0.000000E+00 -1.010006E-01 -9.334068E-02
94   4.86565889E-06 -1.691724E+00  0.000000E+00 -1.059787E-01 -8.894795E-02
95   5.10261687E-06 -1.773879E+00  0.000000E+00 -1.111991E-01 -8.475350E-02
96   5.35110851E-06 -1.859997E+00  0.000000E+00 -1.166736E-01 -8.074754E-02
97   5.61169476E-06 -1.950265E+00  0.000000E+00 -1.224144E-01 -7.692067E-02
98   5.88496377E-06 -2.044879E+00  0.000000E+00 -1.284346E-01 -7.326387E-02
99   6.17153231E-06 -2.144043E+00  0.000000E+00 -1.347476E-01 -6.976847E-02
100  6.47204705E-06 -2.247970E+00  0.000000E+00 -1.413678E-01 -6.642612E-02
101  6.78718612E-06 -2.356882E+00  0.000000E+00 -1.483101E-01 -6.322878E-02
102  7.11766052E-06 -2.471009E+00  0.000000E+00 -1.555901E-01 -6.016869E-02
103  7.46421581E-06 -2.590594E+00  0.000000E+00 -1.632242E-01 -5.723835E-02
104  7.82763373E-06 -2.715885E+00  0.000000E+00 -1.712295E-01 -5.443049E-02
105  8.20873397E-06 -2.847144E+00  0.000000E+00 -1.796242E-01 -5.173808E-02
106  8.60837601E-06 -2.984641E+00  0.000000E+00 -1.884271E-01 -4.915427E-02
107  9.02746102E-06 -3.128656E+00  0.000000E+00 -1.976580E-01 -4.667236E-02
108  9.46693393E-06 -3.279480E+00  0.000000E+00 -2.073377E-01 -4.428584E-02
109  9.92778549E-06 -3.437414E+00  0.000000E+00 -2.174879E-01 -4.198831E-02
110  1.04110546E-05 -3.602767E+00  0.000000E+00 -2.281315E-01 -3.977347E-02
111  1.09178303E-05 -3.775861E+00  0.000000E+00 -2.392924E-01 -3.763511E-02
112  1.14492549E-05 -3.957025E+00  0.000000E+00 -2.509957E-01 -3.556708E-02
113  1.20065257E-05 -4.146598E+00  0.000000E+00 -2.632675E-01 -3.356325E-02
114  1.25908982E-05 -4.344926E+00  0.000000E+00 -2.761355E-01 -3.161753E-02
115  1.32036889E-05 -4.552364E+00  0.000000E+00 -2.896286E-01 -2.972379E-02
116  1.38462779E-05 -4.769272E+00  0.000000E+00 -3.037769E-01 -2.787585E-02
117  1.45201123E-05 -4.996016E+00  0.000000E+00 -3.186122E-01 -2.606748E-02
118  1.52267094E-05 -5.232963E+00  0.000000E+00 -3.341676E-01 -2.429234E-02
119  1.59676600E-05 -5.480485E+00  0.000000E+00 -3.504780E-01 -2.254396E-02
120  1.67446318E-05 -5.738949E+00  0.000000E+00 -3.675798E-01 -2.081570E-02
121  1.75593737E-05 -6.008719E+00  0.000000E+00 -3.855113E-01 -1.910075E-02
122  1.84137188E-05 -6.290153E+00  0.000000E+00 -4.043124E-01 -1.739205E-02
123  1.93095894E-05 -6.583592E+00  0.000000E+00 -4.240251E-01 -1.568228E-02
124  2.02490006E-05 -6.889366E+00  0.000000E+00 -4.446933E-01 -1.396384E-02
125  2.12340653E-05 -7.207775E+00  0.000000E+00 -4.663629E-01 -1.222877E-02
126  2.22669984E-05 -7.539093E+00  0.000000E+00 -4.890822E-01 -1.046875E-02
127  2.33501223E-05 -7.883554E+00  0.000000E+00 -5.129015E-01 -8.675056E-03
128  2.44858716E-05 -8.241343E+00  0.000000E+00 -5.378737E-01 -6.838497E-03
129  2.56767988E-05 -8.612584E+00  0.000000E+00 -5.640541E-01 -4.949411E-03
130  2.69255796E-05 -8.997328E+00  0.000000E+00 -5.915004E-01 -2.997610E-03
131  2.82350195E-05 -9.395536E+00  0.000000E+00 -6.202734E-01 -9.723552E-04
132  2.96080595E-05 -9.807061E+00  0.000000E+00 -6.504364E-01  1.137676E-03
133  3.10477825E-05 -1.023163E+01  0.000000E+00 -6.820557E-01  3.344410E-03
134  3.25574209E-05 -1.066880E+01  0.000000E+00 -7.152008E-01  5.660390E-03
135  3.41403631E-05 -1.111797E+01  0.000000E+00 -7.499443E-01  8.098784E-03
136  3.58001610E-05 -1.157831E+01  0.000000E+00 -7.863622E-01  1.067337E-02
137  3.75405384E-05 -1.204872E+01  0.000000E+00 -8.245339E-01  1.339850E-02
138  3.93653987E-05 -1.252782E+01  0.000000E+00 -8.645426E-01  1.628906E-02
139  4.12788340E-05 -1.301387E+01  0.000000E+00 -9.064753E-01  1.936038E-02
140  4.32851338E-05 -1.350469E+01  0.000000E+00 -9.504228E-01  2.262810E-02
141  4.53887945E-05 -1.399766E+01  0.000000E+00 -9.964803E-01  2.610799E-02
142  4.75945297E-05 -1.448956E+01  0.000000E+00 -1.044747E+00  2.981574E-02
143  4.99072802E-05 -1.497651E+01  0.000000E+00 -1.095328E+00  3.376661E-02
144  5.23322251E-05 -1.545388E+01  0.000000E+00 -1.148331E+00  3.797505E-02
145  5.48747932E-05 -1.591611E+01  0.000000E+00 -1.203871E+00  4.245413E-02
146  5.75406750E-05 -1.635662E+01  0.000000E+00 -1.262066E+00  4.721488E-02
147  6.03358353E-05 -1.676761E+01  0.000000E+00 -1.323043E+00  5.225902E-02
148  6.32665259E-05 -1.713989E+01  0.000000E+00 -1.386932E+00  5.765392E-02
149  6.63393001E-05 -1.746261E+01  0.000000E+00 -1.453871E+00  6.408586E-02
150  6.95610265E-05 -1.772304E+01  0.000000E+00 -1.524005E+00  6.418770E-02
151  7.29389043E-05 -1.790627E+01  0.000000E+00 -1.597553E+00  6.216592E-02
152  7.64804791E-05 -1.799485E+01  0.000000E+00 -1.674591E+00  1.107432E-01
153  8.01936594E-05 -1.800000E+01  0.000000E+00 -1.754901E+00  9.740601E-02
154  8.40867341E-05 -1.800000E+01  0.000000E+00 -1.839654E+00  7.106965E-02
155  8.81683906E-05 -1.800000E+01  0.000000E+00 -1.928228E+00  1.038743E-01
156  9.24477335E-05 -1.800000E+01  0.000000E+00 -2.021011E+00  1.101833E-01
157  9.69343049E-05 -1.800000E+01  0.000000E+00 -2.118226E+00  1.172366E-01
158  1.01638105E-04 -1.800000E+01  0.000000E+00 -2.220083E+00  1.250085E-01
159  1.06569615E-04 -1.800000E+01  0.000000E+00 -2.326801E+00  1.330437E-01
160  1.11739817E-04 -1.800000E+01  0.000000E+00 -2.438612E+00  1.413684E-01
161  1.17160222E-04 -1.800000E+01  0.000000E+00 -2.555758E+00  1.500027E-01
162  1.22842891E-04 -1.800000E+01  0.000000E+00 -2.678491E+00  1.589654E-01
163  1.28800465E-04 -1.800000E+01  0.000000E+00 -2.807076E+00  1.682759E-01
164  1.35046189E-04 -1.800000E+01  0.000000E+00 -2.941789E+00  1.779545E-01
165  1.41593944E-04 -1.800000E+01  0.000000E+00 -3.082922E+00  1.880220E-01
166  1.48458273E-04 -1.800000E+01  0.000000E+00 -3.230777E+00  1.985004E-01
167  1.55654417E-04 -1.800000E+01  0.000000E+00 -3.385671E+00  2.094122E-01
168  1.63198346E-04 -1.800000E+01  0.000000E+00 -3.547936E+00  2.207810E-01
169  1.71106792E-04 -1.800000E+01  0.000000E+00 -3.717920E+00  2.326313E-01
170  1.79397286E-04 -1.800000E+01  0.000000E+00 -3.895987E+00  2.449887E-01
171  1.88088199E-04 -1.800000E+01  0.000000E+00 -4.082516E+00  2.578798E-01
172  1.97198777E-04 -1.800000E+01  0.000000E+00 -4.277905E+00  2.713322E-01
173  2.06749185E-04 -1.800000E+01  0.000000E+00 -4.482570E+00  2.853749E-01
174  2.16760548E-04 -1.800000E+01  0.000000E+00 -4.696945E+00  3.000379E-01
175  2.27255000E-04 -1.800000E+01  0.000000E+00 -4.921486E+00  3.153527E-01
176  2.38255728E-04 -1.800000E+01  0.000000E+00 -5.156667E+00  3.313519E-01
177  2.49787025E-04 -1.800000E+01  0.000000E+00 -5.402986E+00  3.480697E-01
178  2.61874336E-04 -1.800000E+01  0.000000E+00 -5.660962E+00  3.655417E-01
179  2.74544320E-04 -1.800000E+01  0.000000E+00 -5.931138E+00  3.838052E-01
180  2.87824901E-04 -1.800000E+01  0.000000E+00 -6.214082E+00  4.028988E-01
181  3.01745329E-04 -1.800000E+01  0.000000E+00 -6.510387E+00  4.228631E-01
182  3.16336245E-04 -1.800000E+01  0.000000E+00 -6.820673E+00  4.437403E-01
183  3.31629740E-04 -1.800000E+01  0.000000E+00 -7.145587E+00  4.655745E-01
184  3.47659429E-04 -1.800000E+01  0.000000E+00 -7.485804E+00  4.884118E-01
185  3.64460519E-04 -1.800000E+01  0.000000E+00 -7.842032E+00  5.123002E-01
186  3.82069884E-04 -1.800000E+01  0.000000E+00 -8.215008E+00  5.372899E-01
187  4.00526141E-04 -1.800000E+01  0.000000E+00 -8.605502E+00  5.634332E-01
188  4.19869734E-04 -1.800000E+01  0.000000E+00 -9.014318E+00  5.907849E-01
189  4.40143018E-04 -1.800000E+01  0.000000E+00 -9.442294E+00  6.194019E-01
190  4.61390346E-04 -1.800000E+01  0.000000E+00 -9.890307E+00  6.493438E-01
191  4.83658165E-04 -1.800000E+01  0.000000E+00 -1.035927E+01  6.806728E-01
192  5.06995111E-04 -1.800000E+01  0.000000E+00 -1.085013E+01  7.134538E-01
193  5.31452108E-04 -1.800000E+01  0.000000E+00 -1.136389E+01  7.477544E-01
194  5.57082480E-04 -1.800000E+01  0.000000E+00 -1.190159E+01  7.836452E-01
195  5.83942055E-04 -1.800000E+01  0.000000E+00 -1.246429E+01  8.211999E-01
196  6.12089285E-04 -1.800000E+01  0.000000E+00 -1.305314E+01  8.604955E-01
197  6.41585367E-04 -1.800000E+01  0.000000E+00 -1.366929E+01  9.016120E-01
198  6.72494366E-04 -1.800000E+01  0.000000E+00 -1.431398E+01  9.446331E-01
199  7.04883347E-04 -1.800000E+01  0.000000E+00 -1.498848E+01  9.896459E-01
200  7.38822517E-04 -1.800000E+01  0.000000E+00 -1.569410E+01  1.036741E+00
201  7.74385365E-04 -1.800000E+01  0.000000E+00 -1.643223E+01  1.086014E+00
202  8.11648812E-04 -1.800000E+01  0.000000E+00 -1.720431E+01  1.137563E+00
203  8.50693369E-04 -1.800000E+01  0.000000E+00 -1.801182E+01  1.191491E+00
204  8.91603300E-04 -1.800000E+01  0.000000E+00 -1.885631E+01  1.247905E+00
205  9.34466796E-04 -1.800000E+01  0.000000E+00 -1.973940E+01  1.306917E+00
206  9.79376146E-04 -1.800000E+01  0.000000E+00 -2.066276E+01  1.368643E+00
207  1.02642793E-03 -1.800000E+01  0.000000E+00 -2.162812E+01  1.433204E+00
208  1.07572321E-03 -1.800000E+01  0.000000E+00 -2.263730E+01  1.500725E+00
209  1.12736773E-03 -1.800000E+01  0.000000E+00 -2.369217E+01  1.571338E+00
210  1.18147214E-03 -1.800000E+01  0.000000E+00 -2.479466E+01  1.645179E+00
211  1.23815220E-03 -1.800000E+01  0.000000E+00 -2.594679E+01  1.722390E+00
212  1.29752902E-03 -1.800000E+01  0.000000E+00 -2.715064E+01  1.803116E+00
213  1.35972929E-03 -1.800000E+01  0.000000E+00 -2.840836E+01  1.887513E+00
214  1.42488554E-03 -1.800000E+01  0.000000E+00 -2.972220E+01  1.975737E+00
215  1.49313640E-03 -1.800000E+01  0.000000E+00 -3.109445E+01  2.067955E+00
216  1.56462687E-03 -1.800000E+01  0.000000E+00 -3.252750E+01  2.164336E+00
217  1.63950861E-03 -1.800000E+01  0.000000E+00 -3.402381E+01  2.265058E+00
218  1.71794021E-03 -1.800000E+01  0.000000E+00 -3.558592E+01  2.370306E+00
219  1.80008754E-03 -1.800000E+01  0.000000E+00 -3.721644E+01  2.480269E+00
220  1.88612401E-03 -1.800000E+01  0.000000E+00 -3.891807E+01  2.595145E+00
221  1.97623098E-03 -1.800000E+01  0.000000E+00 -4.069357E+01  2.715137E+00
222  2.07059804E-03 -1.800000E+01  0.000000E+00 -4.254580E+01  2.840458E+00
223  2.16942343E-03 -1.800000E+01  0.000000E+00 -4.447768E+01  2.971325E+00
224  2.27291435E-03 -1.800000E+01  0.000000E+00 -4.649220E+01  3.107963E+00
225  2.38128741E-03 -1.800000E+01  0.000000E+00 -4.859243E+01  3.250605E+00
226  2.49476903E-03 -1.800000E+01  0.000000E+00 -5.078151E+01  3.399492E+00
227  2.61359584E-03 -1.800000E+01  0.000000E+00 -5.306263E+01  3.554871E+00
228  2.73801512E-03 -1.800000E+01  0.000000E+00 -5.543907E+01  3.716995E+00
229  2.86828532E-03 -1.800000E+01  0.000000E+00 -5.791415E+01  3.886128E+00
230  3.00467646E-03 -1.800000E+01  0.000000E+00 -6.049123E+01  4.062538E+00
231  3.14747068E-03 -1.800000E+01  0.000000E+00 -6.317373E+01  4.246502E+00
232  3.29696272E-03 -1.800000E+01  0.000000E+00 -6.596512E+01  4.438302E+00
233  3.45346051E-03 -1.800000E+01  0.000000E+00 -6.886886E+01  4.638230E+00
234  3.61728568E-03 -1.800000E+01  0.000000E+00 -7.188846E+01  4.846582E+00
235  3.78877416E-03 -1.800000E+01  0.000000E+00 -7.502744E+01  5.063661E+00
236  3.96827679E-03 -1.800000E+01  0.000000E+00 -7.828929E+01  5.289776E+00
237  4.15615992E-03 -1.800000E+01  0.000000E+00 -8.167750E+01  5.525241E+00
238  4.35280611E-03 -1.800000E+01  0.000000E+00 -8.519553E+01  5.770378E+00
239  4.55861475E-03 -1.800000E+01  0.000000E+00 -8.884677E+01  6.025509E+00
240  4.77400281E-03 -1.800000E+01  0.000000E+00 -9.263454E+01  6.290963E+00
241  4.99940552E-03 -1.800000E+01  0.000000E+00 -9.656208E+01  6.567072E+00
242  5.23527717E-03 -1.800000E+01  0.000000E+00 -1.006325E+02  6.854169E+00
243  5.48209187E-03 -1.800000E+01  0.000000E+00 -1.048488E+02  7.152590E+00
244  5.74034435E-03 -1.800000E+01  0.000000E+00 -1.092137E+02  7.462668E+00
245  6.01055084E-03 -1.800000E+01  0.000000E+00 -1.137299E+02  7.784740E+00
246  6.29324988E-03 -1.800000E+01  0.000000E+00 -1.183997E+02  8.119137E+00
247  6.58900330E-03 -1.800000E+01  0.000000E+00 -1.232252E+02  8.466188E+00
248  6.89839710E-03 -1.800000E+01  0.000000E+00 -1.282081E+02  8.826215E+00
249  7.22204243E-03 -1.800000E+01  0.000000E+00 -1.333498E+02  9.199534E+00
250  7.56057660E-03 -1.800000E+01  0.000000E+00 -1.386514E+02  9.586453E+00
251  7.91466411E-03 -1.800000E+01  0.000000E+00 -1.441132E+02  9.987265E+00
252  8.28499774E-03 -1.800000E+01  0.000000E+00 -1.497354E+02  1.040225E+01
253  8.67229965E-03 -1.800000E+01  0.000000E+00 -1.555173E+02  1.083168E+01
254  9.07732251E-03 -1.800000E+01  0.000000E+00 -1.614576E+02  1.127579E+01
255  9.50085070E-03 -1.800000E+01  0.000000E+00 -1.675545E+02  1.173481E+01
256  9.94370155E-03 -1.800000E+01  0.000000E+00 -1.738051E+02  1.220893E+01
257  1.04067266E-02 -1.800000E+01  0.000000E+00 -1.802058E+02  1.269832E+01
258  1.08908128E-02 -1.800000E+01  0.000000E+00 -1.867520E+02  1.320311E+01
259  1.13968842E-02 -1.800000E+01  0.000000E+00 -1.934381E+02  1.372340E+01
260  1.19259028E-02 -1.800000E+01  0.000000E+00 -2.002572E+02  1.425924E+01
261  1.24788704E-02 -1.800000E+01  0.000000E+00 -2.072013E+02  1.481062E+01
262  1.30568301E-02 -1.800000E+01  0.000000E+00 -2.142610E+02  1.537751E+01
263  1.36608675E-02 -1.800000E+01  0.000000E+00 -2.214254E+02  1.595980E+01
264  1.42921124E-02 -1.800000E+01  0.000000E+00 -2.286820E+02  1.655731E+01
265  1.49517407E-02 -1.800000E+01  0.000000E+00 -2.360168E+02  1.716980E+01
266  1.56409757E-02 -1.800000E+01  0.000000E+00 -2.434136E+02  1.779694E+01
267  1.63610899E-02 -1.800000E+01  0.000000E+00 -2.508546E+02  1.843834E+01
268  1.71134069E-02 -1.800000E+01  0.000000E+00 -2.583198E+02  1.909348E+01
269  1.78993031E-02 -1.800000E+01  0.000000E+00 -2.657868E+02  1.976178E+01
270  1.87202094E-02 -1.800000E+01  0.000000E+00 -2.732311E+02  2.044252E+01
271  1.95776135E-02 -1.800000E+01  0.000000E+00 -2.806257E+02  2.113487E+01
272  2.04730616E-02 -1.800000E+01  0.000000E+00 -2.879408E+02  2.183790E+01
273  2.14081602E-02 -1.800000E+01  0.000000E+00 -2.951439E+02  2.255050E+01
274  2.23845787E-02 -1.800000E+01  0.000000E+00 -3.021999E+02  2.327146E+01
275  2.34040512E-02 -1.800000E+01  0.000000E+00 -3.090705E+02  2.399939E+01
276  2.44683785E-02 -1.800000E+01  0.000000E+00 -3.157142E+02  2.473274E+01
277  2.55794305E-02 -1.800000E+01  0.000000E+00 -3.220867E+02  2.546981E+01
278  2.67391487E-02 -1.800000E+01  0.000000E+00 -3.281400E+02  2.620868E+01
279  2.79495479E-02 -1.800000E+01  0.000000E+00 -3.338232E+02  2.694728E+01
280  2.92127194E-02 -1.800000E+01  0.000000E+00 -3.390817E+02  2.768331E+01
281  3.05308327E-02 -1.800000E+01  0.000000E+00 -3.438579E+02  2.841428E+01
282  3.19061381E-02 -1.800000E+01  0.000000E+00 -3.480907E+02  2.913748E+01
283  3.33409696E-02 -1.800000E+01  0.000000E+00 -3.517157E+02  2.984997E+01
284  3.48377472E-02 -1.800000E+01  0.000000E+00 -3.546653E+02  3.054861E+01
285  3.63989795E-02 -1.800000E+01  0.000000E+00 -3.568691E+02  3.122998E+01
286  3.80272663E-02 -1.800000E+01  0.000000E+00 -3.582537E+02  3.189047E+01
287  3.97253015E-02 -1.800000E+01  0.000000E+00 -3.587432E+02  3.252621E+01
288  4.14958759E-02 -1.800000E+01  0.000000E+00 -3.582597E+02  3.313308E+01
289  4.33418797E-02 -1.800000E+01  0.000000E+00 -3.567231E+02  3.370676E+01
290  4.52663057E-02 -1.800000E+01  0.000000E+00 -3.540523E+02  3.424266E+01
291  4.72722519E-02 -1.800000E+01  0.000000E+00 -3.501654E+02  3.473600E+01
292  4.93629245E-02 -1.800000E+01  0.000000E+00 -3.449804E+02  3.518177E+01
293  5.15416411E-02 -1.800000E+01  0.000000E+00 -3.384160E+02  3.557477E+01
294  5.38118333E-02 -1.800000E+01  0.000000E+00 -3.303925E+02  3.590962E+01
295  5.61770501E-02 -1.800000E+01  0.000000E+00 -3.208327E+02  3.618078E+01
296  5.86409608E-02 -1.800000E+01  0.000000E+00 -3.096632E+02  3.638261E+01
297  6.12073580E-02 -1.800000E+01  0.000000E+00 -2.968154E+02  3.650934E+01
298  6.38801611E-02 -1.800000E+01  0.000000E+00 -2.822271E+02  3.655516E+01
299  6.66634191E-02 -1.800000E+01  0.000000E+00 -2.658436E+02  3.651426E+01
300  6.95613136E-02 -1.800000E+01  0.000000E+00 -2.476200E+02  3.638085E+01
301  7.25781626E-02 -1.800000E+01  0.000000E+00 -2.275219E+02  3.614926E+01
302  7.57184232E-02 -1.800000E+01  0.000000E+00 -2.055283E+02  3.581395E+01
303  7.89866952E-02 -1.800000E+01  0.000000E+00 -1.816328E+02  3.536962E+01
304  8.23877238E-02 -1.800000E+01  0.000000E+00 -1.558457E+02  3.481130E+01
305  8.59264033E-02 -1.800000E+01  0.000000E+00 -1.281964E+02  3.413437E+01
306  8.96077803E-02 -1.800000E+01  0.000000E+00 -9.873526E+01  3.333471E+01
307  9.34370566E-02 -1.800000E+01  0.000000E+00 -6.753589E+01  3.240878E+01
308  9.74195927E-02 -1.800000E+01  0.000000E+00 -3.469702E+01  3.135370E+01
309  1.01560911E-01 -1.800000E+01  0.000000E+00 -3.447078E-01  3.016737E+01
310  1.05866699E-01 -1.800000E+01  0.000000E+00  3.536578E+01  2.884860E+01
311  1.10342812E-01 -1.800000E+01  0.000000E+00  7.224824E+01  2.739720E+01
312  1.14995278E-01 -1.800000E+01  0.000000E+00  1.100840E+02  2.581407E+01
313  1.19830297E-01 -1.800000E+01  0.000000E+00  1.486207E+02  2.410137E+01
314  1.24854249E-01 -1.800000E+01  0.000000E+00  1.875715E+02  2.226260E+01
315  1.30073694E-01 -1.800000E+01  0.000000E+00  2.266147E+02  2.030268E+01
316  1.35495375E-01 -1.800000E+01  0.000000E+00  2.653937E+02  1.822811E+01
317  1.41126222E-01 -1.800000E+01  0.000000E+00  3.035181E+02  1.604701E+01
318  1.46973355E-01 -1.800000E+01  0.000000E+00  3.405650E+02  1.376921E+01
319  1.53044086E-01 -1.800000E+01  0.000000E+00  3.760813E+02  1.140633E+01
320  1.59345921E-01 -1.800000E+01  0.000000E+00  4.095869E+02  8.971777E+00
321  1.65886566E-01 -1.800000E+01  0.000000E+00  4.405790E+02  6.480802E+00
322  1.72673926E-01 -1.800000E+01  0.000000E+00  4.685372E+02  3.950472E+00
323  1.79716111E-01 -1.800000E+01  0.000000E+00  4.929298E+02  1.399630E+00
324  1.87021433E-01 -1.800000E+01  0.000000E+00  5.132213E+02 -1.151182E+00
325  1.94598415E-01 -1.800000E+01  0.000000E+00  5.288811E+02 -3.679838E+00
326  2.02455789E-01 -1.800000E+01  0.000000E+00  5.393930E+02 -6.162783E+00
327  2.10602501E-01 -1.800000E+01  0.000000E+00  5.442665E+02 -8.575234E+00
328  2.19047710E-01 -1.800000E+01  0.000000E+00  5.430485E+02 -1.089143E+01
329  2.27800791E-01 -1.800000E+01  0.000000E+00  5.353361E+02 -1.308492E+01
330  2.36871339E-01 -1.800000E+01  0.000000E+00  5.207903E+02 -1.512891E+01
331  2.46269167E-01 -1.800000E+01  0.000000E+00  4.991503E+02 -1.699667E+01
332  2.56004314E-01 -1.800000E+01  0.000000E+00  4.702476E+02 -1.866192E+01
333  2.66087036E-01 -1.800000E+01  0.000000E+00  4.340207E+02 -2.009938E+01
334  2.76527820E-01 -1.800000E+01  0.000000E+00  3.905287E+02 -2.128523E+01
335  2.87337375E-01 -1.800000E+01  0.000000E+00  3.399645E+02 -2.219765E+01
336  2.98526637E-01 -1.800000E+01  0.000000E+00  2.826666E+02 -2.281744E+01
337  3.10106771E-01 -1.800000E+01  0.000000E+00  2.191286E+02 -2.312854E+01
338  3.22089172E-01 -1.800000E+01  0.000000E+00  1.500068E+02 -2.311863E+01
339  3.34485461E-01 -1.800000E+01  0.000000E+00  7.612410E+01 -2.277967E+01
340  3.47307492E-01 -1.800000E+01  0.000000E+00 -1.528843E+00 -2.210846E+01
341  3.60567348E-01 -1.800000E+01  0.000000E+00 -8.179759E+01 -2.110705E+01
342  3.74277341E-01 -1.800000E+01  0.000000E+00 -1.633720E+02 -1.978323E+01
343  3.88450017E-01 -1.800000E+01  0.000000E+00 -2.448000E+02 -1.815077E+01
344  4.03098149E-01 -1.800000E+01  0.000000E+00 -3.245060E+02 -1.622967E+01
345  4.18234740E-01 -1.800000E+01  0.000000E+00 -4.008167E+02 -1.404623E+01
346  4.33873026E-01 -1.800000E+01  0.000000E+00 -4.719910E+02 -1.163300E+01
347  4.50026468E-01 -1.800000E+01  0.000000E+00 -5.362573E+02 -9.028549E+00
348  4.66708758E-01 -1.800000E+01  0.000000E+00 -5.918550E+02 -6.277089E+00
349  4.83933812E-01 -1.800000E+01  0.000000E+00 -6.370816E+02 -3.427888E+00
350  5.01715777E-01 -1.800000E+01  0.000000E+00 -6.703443E+02 -5.345178E-01
351  5.20069019E-01 -1.800000E+01  0.000000E+00 -6.902130E+02  2.346085E+00
352  5.39008132E-01 -1.800000E+01  0.000000E+00 -6.954770E+02  5.154739E+00
353  5.58547929E-01 -1.800000E+01  0.000000E+00 -6.851997E+02  7.831299E+00
354  5.78703444E-01 -1.800000E+01  0.000000E+00 -6.587728E+02  1.031607E+01
355  5.99489930E-01 -1.800000E+01  0.000000E+00 -6.159654E+02  1.255136E+01
356  6.20922853E-01 -1.800000E+01  0.000000E+00 -5.569671E+02  1.448305E+01
357  6.43017895E-01 -1.800000E+01  0.000000E+00 -4.824228E+02  1.606226E+01
358  6.65790948E-01 -1.800000E+01  0.000000E+00 -3.934557E+02  1.724697E+01
359  6.89258115E-01 -1.800000E+01  0.000000E+00 -2.916776E+02  1.800353E+01
360  7.13435702E-01 -1.800000E+01  0.000000E+00 -1.791832E+02  1.830810E+01
361  7.38340219E-01 -1.800000E+01  0.000000E+00 -5.852827E+01  1.814789E+01
362  7.63988377E-01 -1.800000E+01  0.000000E+00  6.731128E+01  1.752205E+01
363  7.90397082E-01 -1.800000E+01  0.000000E+00  1.949988E+02  1.644242E+01
364  8.17583437E-01 -1.800000E+01  0.000000E+00  3.209154E+02  1.493375E+01
365  8.45564732E-01 -1.800000E+01  0.000000E+00  4.412558E+02  1.303365E+01
366  8.74358446E-01 -1.800000E+01  0.000000E+00  5.521415E+02  1.079202E+01
367  9.03982238E-01 -1.800000E+01  0.000000E+00  6.497465E+02  8.270112E+00
368  9.34453949E-01 -1.800000E+01  0.000000E+00  7.304336E+02  5.539047E+00
369  9.65791596E-01 -1.800000E+01  0.000000E+00  7.908961E+02  2.678008E+00
370  9.98013364E-01 -1.800000E+01  0.000000E+00  8.283000E+02 -2.280238E-01
371  1.03113761E+00 -1.800000E+01  0.000000E+00  8.404208E+02 -3.090837E+00
372  1.06518285E+00 -1.800000E+01  0.000000E+00  8.257683E+02 -5.821824E+00
373  1.10016775E+00 -1.800000E+01  0.000000E+00  7.836942E+02 -8.334968E+00
374  1.13611116E+00 -1.800000E+01  0.000000E+00  7.144746E+02 -1.054989E+01
375  1.17303205E+00 -1.800000E+01  0.000000E+00  6.193626E+02 -1.239483E+01
376  1.21094955E+00 -1.800000E+01  0.000000E+00  5.006063E+02 -1.380943E+01
377  1.24988292E+00 -1.800000E+01  0.000000E+00  3.614273E+02 -1.474723E+01
378  1.28985156E+00 -1.800000E+01  0.000000E+00  2.059581E+02 -1.517769E+01
379  1.33087502E+00 -1.800000E+01  0.000000E+00  3.913770E+01 -1.508769E+01
380  1.37297296E+00 -1.800000E+01  0.000000E+00 -1.334339E+02 -1.448242E+01
381  1.41616514E+00 -1.800000E+01  0.000000E+00 -3.056784E+02 -1.338554E+01
382  1.46047149E+00 -1.800000E+01  0.000000E+00 -4.712542E+02 -1.183861E+01
383  1.50591201E+00 -1.800000E+01  0.000000E+00 -6.237953E+02 -9.899798E+00
384  1.55250681E+00 -1.800000E+01  0.000000E+00 -7.571666E+02 -7.641836E+00
385  1.60027613E+00 -1.800000E+01  0.000000E+00 -8.657229E+02 -5.149384E+00
386  1.64924027E+00 -1.800000E+01  0.000000E+00 -9.445621E+02 -2.515791E+00
387  1.69941966E+00 -1.800000E+01  0.000000E+00 -9.897583E+02  1.605349E-01
388  1.75083479E+00 -1.800000E+01  0.000000E+00 -9.985650E+02  2.780036E+00
389  1.80350625E+00 -1.800000E+01  0.000000E+00 -9.695751E+02  5.246009E+00
390  1.85745469E+00 -1.800000E+01  0.000000E+00 -9.028307E+02  7.468523E+00
391  1.91270084E+00 -1.800000E+01  0.000000E+00 -7.998717E+02  9.368068E+00
392  1.96926551E+00 -1.800000E+01  0.000000E+00 -6.637217E+02  1.087876E+01
393  2.02716955E+00 -1.800000E+01  0.000000E+00 -4.988068E+02  1.195096E+01
394  2.08643389E+00 -1.800000E+01  0.000000E+00 -3.108101E+02  1.255312E+01
395  2.14707951E+00 -1.800000E+01  0.000000E+00 -1.064657E+02  1.267293E+01
396  2.20912741E+00 -1.800000E+01  0.000000E+00  1.066987E+02  1.231744E+01
397  2.27259866E+00 -1.800000E+01  0.000000E+00  3.206607E+02  1.151242E+01
398  2.33751438E+00 -1.800000E+01  0.000000E+00  5.272288E+02  1.030240E+01
399  2.40389568E+00 -1.800000E+01  0.000000E+00  2.300551E+03  2.798126E+01
