#      n =  9
#  kappa = -1
# energy = -8.15612985E+01
#     vc = -7.39606659E+08


0    4.54545455E-08 -1.820086E-02  0.000000E+00  0.000000E+00 -8.697153E+00
1    4.76704321E-08 -1.908814E-02  0.000000E+00 -6.459658E-05 -8.697153E+00
2    4.99943359E-08 -2.001868E-02  0.000000E+00 -1.323420E-04 -8.292876E+00
3    5.24315219E-08 -2.099457E-02  0.000000E+00 -2.033898E-04 -7.907396E+00
4    5.49875117E-08 -2.201804E-02  0.000000E+00 -2.779010E-04 -7.539836E+00
5    5.76680960E-08 -2.309139E-02  0.000000E+00 -3.560442E-04 -7.189362E+00
6    6.04793478E-08 -2.421707E-02  0.000000E+00 -4.379966E-04 -6.855180E+00
7    6.34276359E-08 -2.539762E-02  0.000000E+00 -5.239439E-04 -6.536533E+00
8    6.65196396E-08 -2.663572E-02  0.000000E+00 -6.140806E-04 -6.232698E+00
9    6.97623636E-08 -2.793416E-02  0.000000E+00 -7.086111E-04 -5.942987E+00
10   7.31631542E-08 -2.929590E-02  0.000000E+00 -8.077495E-04 -5.666743E+00
11   7.67297155E-08 -3.072402E-02  0.000000E+00 -9.117204E-04 -5.403341E+00
12   8.04701269E-08 -3.222175E-02  0.000000E+00 -1.020759E-03 -5.152182E+00
13   8.43928619E-08 -3.379249E-02  0.000000E+00 -1.135113E-03 -4.912700E+00
14   8.85068067E-08 -3.543979E-02  0.000000E+00 -1.255041E-03 -4.684349E+00
15   9.28212804E-08 -3.716738E-02  0.000000E+00 -1.380815E-03 -4.466613E+00
16   9.73460564E-08 -3.897919E-02  0.000000E+00 -1.512719E-03 -4.258999E+00
17   1.02091384E-07 -4.087930E-02  0.000000E+00 -1.651053E-03 -4.061036E+00
18   1.07068014E-07 -4.287203E-02  0.000000E+00 -1.796129E-03 -3.872274E+00
19   1.12287216E-07 -4.496190E-02  0.000000E+00 -1.948277E-03 -3.692288E+00
20   1.17760815E-07 -4.715363E-02  0.000000E+00 -2.107841E-03 -3.520668E+00
21   1.23501208E-07 -4.945218E-02  0.000000E+00 -2.275183E-03 -3.357025E+00
22   1.29521398E-07 -5.186278E-02  0.000000E+00 -2.450681E-03 -3.200990E+00
23   1.35835020E-07 -5.439086E-02  0.000000E+00 -2.634733E-03 -3.052207E+00
24   1.42456374E-07 -5.704217E-02  0.000000E+00 -2.827755E-03 -2.910341E+00
25   1.49400458E-07 -5.982271E-02  0.000000E+00 -3.030186E-03 -2.775069E+00
26   1.56683000E-07 -6.273876E-02  0.000000E+00 -3.242484E-03 -2.646085E+00
27   1.64320492E-07 -6.579695E-02  0.000000E+00 -3.465129E-03 -2.523097E+00
28   1.72330234E-07 -6.900419E-02  0.000000E+00 -3.698625E-03 -2.405826E+00
29   1.80730364E-07 -7.236774E-02  0.000000E+00 -3.943502E-03 -2.294006E+00
30   1.89539908E-07 -7.589523E-02  0.000000E+00 -4.200314E-03 -2.187384E+00
31   1.98778816E-07 -7.959465E-02  0.000000E+00 -4.469642E-03 -2.085717E+00
32   2.08468011E-07 -8.347436E-02  0.000000E+00 -4.752097E-03 -1.988777E+00
33   2.18629436E-07 -8.754316E-02  0.000000E+00 -5.048319E-03 -1.896343E+00
34   2.29286102E-07 -9.181026E-02  0.000000E+00 -5.358977E-03 -1.808205E+00
35   2.40462140E-07 -9.628532E-02  0.000000E+00 -5.684776E-03 -1.724164E+00
36   2.52182859E-07 -1.009785E-01  0.000000E+00 -6.026453E-03 -1.644030E+00
37   2.64474799E-07 -1.059004E-01  0.000000E+00 -6.384782E-03 -1.567620E+00
38   2.77365794E-07 -1.110621E-01  0.000000E+00 -6.760574E-03 -1.494763E+00
39   2.90885033E-07 -1.164754E-01  0.000000E+00 -7.154681E-03 -1.425291E+00
40   3.05063126E-07 -1.221525E-01  0.000000E+00 -7.567994E-03 -1.359049E+00
41   3.19932177E-07 -1.281063E-01  0.000000E+00 -8.001450E-03 -1.295886E+00
42   3.35525851E-07 -1.343502E-01  0.000000E+00 -8.456029E-03 -1.235659E+00
43   3.51879454E-07 -1.408983E-01  0.000000E+00 -8.932762E-03 -1.178231E+00
44   3.69030010E-07 -1.477656E-01  0.000000E+00 -9.432727E-03 -1.123473E+00
45   3.87016348E-07 -1.549675E-01  0.000000E+00 -9.957056E-03 -1.071260E+00
46   4.05879187E-07 -1.625204E-01  0.000000E+00 -1.050694E-02 -1.021473E+00
47   4.25661230E-07 -1.704413E-01  0.000000E+00 -1.108361E-02 -9.740009E-01
48   4.46407260E-07 -1.787482E-01  0.000000E+00 -1.168839E-02 -9.287351E-01
49   4.68164239E-07 -1.874598E-01  0.000000E+00 -1.232264E-02 -8.855732E-01
50   4.90981418E-07 -1.965959E-01  0.000000E+00 -1.298779E-02 -8.444174E-01
51   5.14910445E-07 -2.061772E-01  0.000000E+00 -1.368536E-02 -8.051745E-01
52   5.40005484E-07 -2.162253E-01  0.000000E+00 -1.441692E-02 -7.677555E-01
53   5.66323336E-07 -2.267630E-01  0.000000E+00 -1.518412E-02 -7.320756E-01
54   5.93923567E-07 -2.378141E-01  0.000000E+00 -1.598871E-02 -6.980540E-01
55   6.22868646E-07 -2.494036E-01  0.000000E+00 -1.683250E-02 -6.656136E-01
56   6.53224079E-07 -2.615578E-01  0.000000E+00 -1.771741E-02 -6.346808E-01
57   6.85058567E-07 -2.743041E-01  0.000000E+00 -1.864543E-02 -6.051857E-01
58   7.18444151E-07 -2.876713E-01  0.000000E+00 -1.961867E-02 -5.770612E-01
59   7.53456382E-07 -3.016898E-01  0.000000E+00 -2.063932E-02 -5.502438E-01
60   7.90174488E-07 -3.163911E-01  0.000000E+00 -2.170971E-02 -5.246726E-01
61   8.28681555E-07 -3.318086E-01  0.000000E+00 -2.283224E-02 -5.002896E-01
62   8.69064712E-07 -3.479771E-01  0.000000E+00 -2.400947E-02 -4.770397E-01
63   9.11415331E-07 -3.649331E-01  0.000000E+00 -2.524405E-02 -4.548701E-01
64   9.55829230E-07 -3.827150E-01  0.000000E+00 -2.653877E-02 -4.337306E-01
65   1.00240689E-06 -4.013629E-01  0.000000E+00 -2.789657E-02 -4.135733E-01
66   1.05125369E-06 -4.209190E-01  0.000000E+00 -2.932052E-02 -3.943524E-01
67   1.10248012E-06 -4.414276E-01  0.000000E+00 -3.081384E-02 -3.760245E-01
68   1.15620208E-06 -4.629348E-01  0.000000E+00 -3.237990E-02 -3.585479E-01
69   1.21254107E-06 -4.854894E-01  0.000000E+00 -3.402226E-02 -3.418831E-01
70   1.27162452E-06 -5.091421E-01  0.000000E+00 -3.574461E-02 -3.259922E-01
71   1.33358609E-06 -5.339465E-01  0.000000E+00 -3.755087E-02 -3.108393E-01
72   1.39856589E-06 -5.599585E-01  0.000000E+00 -3.944511E-02 -2.963899E-01
73   1.46671089E-06 -5.872368E-01  0.000000E+00 -4.143161E-02 -2.826114E-01
74   1.53817518E-06 -6.158429E-01  0.000000E+00 -4.351487E-02 -2.694724E-01
75   1.61312038E-06 -6.458414E-01  0.000000E+00 -4.569961E-02 -2.569432E-01
76   1.69171595E-06 -6.772999E-01  0.000000E+00 -4.799075E-02 -2.449953E-01
77   1.77413959E-06 -7.102893E-01  0.000000E+00 -5.039348E-02 -2.336015E-01
78   1.86057767E-06 -7.448839E-01  0.000000E+00 -5.291323E-02 -2.227361E-01
79   1.95122559E-06 -7.811617E-01  0.000000E+00 -5.555570E-02 -2.123744E-01
80   2.04628828E-06 -8.192042E-01  0.000000E+00 -5.832685E-02 -2.024928E-01
81   2.14598063E-06 -8.590970E-01  0.000000E+00 -6.123296E-02 -1.930688E-01
82   2.25052798E-06 -9.009300E-01  0.000000E+00 -6.428059E-02 -1.840811E-01
83   2.36016663E-06 -9.447970E-01  0.000000E+00 -6.747662E-02 -1.755091E-01
84   2.47514437E-06 -9.907967E-01  0.000000E+00 -7.082828E-02 -1.673335E-01
85   2.59572104E-06 -1.039032E+00  0.000000E+00 -7.434314E-02 -1.595354E-01
86   2.72216912E-06 -1.089612E+00  0.000000E+00 -7.802915E-02 -1.520972E-01
87   2.85477431E-06 -1.142648E+00  0.000000E+00 -8.189462E-02 -1.450019E-01
88   2.99383624E-06 -1.198261E+00  0.000000E+00 -8.594829E-02 -1.382333E-01
89   3.13966907E-06 -1.256575E+00  0.000000E+00 -9.019931E-02 -1.317759E-01
90   3.29260226E-06 -1.317719E+00  0.000000E+00 -9.465729E-02 -1.256148E-01
91   3.45298126E-06 -1.381830E+00  0.000000E+00 -9.933228E-02 -1.197360E-01
92   3.62116832E-06 -1.449051E+00  0.000000E+00 -1.042349E-01 -1.141259E-01
93   3.79754330E-06 -1.519532E+00  0.000000E+00 -1.093761E-01 -1.087715E-01
94   3.98250450E-06 -1.593429E+00  0.000000E+00 -1.147675E-01 -1.036606E-01
95   4.17646960E-06 -1.670906E+00  0.000000E+00 -1.204214E-01 -9.878124E-02
96   4.37987655E-06 -1.752134E+00  0.000000E+00 -1.263504E-01 -9.412206E-02
97   4.59318459E-06 -1.837294E+00  0.000000E+00 -1.325680E-01 -8.967220E-02
98   4.81687527E-06 -1.926572E+00  0.000000E+00 -1.390881E-01 -8.542120E-02
99   5.05145351E-06 -2.020165E+00  0.000000E+00 -1.459256E-01 -8.135905E-02
100  5.29744879E-06 -2.118277E+00  0.000000E+00 -1.530957E-01 -7.747609E-02
101  5.55541626E-06 -2.221124E+00  0.000000E+00 -1.606147E-01 -7.376304E-02
102  5.82593807E-06 -2.328930E+00  0.000000E+00 -1.684995E-01 -7.021098E-02
103  6.10962462E-06 -2.441928E+00  0.000000E+00 -1.767678E-01 -6.681126E-02
104  6.40711592E-06 -2.560362E+00  0.000000E+00 -1.854384E-01 -6.355554E-02
105  6.71908310E-06 -2.684487E+00  0.000000E+00 -1.945307E-01 -6.043575E-02
106  7.04622983E-06 -2.814569E+00  0.000000E+00 -2.040652E-01 -5.744403E-02
107  7.38929394E-06 -2.950884E+00  0.000000E+00 -2.140633E-01 -5.457277E-02
108  7.74904908E-06 -3.093722E+00  0.000000E+00 -2.245477E-01 -5.181453E-02
109  8.12630643E-06 -3.243381E+00  0.000000E+00 -2.355418E-01 -4.916202E-02
110  8.52191653E-06 -3.400175E+00  0.000000E+00 -2.470704E-01 -4.660813E-02
111  8.93677118E-06 -3.564426E+00  0.000000E+00 -2.591594E-01 -4.414581E-02
112  9.37180546E-06 -3.736473E+00  0.000000E+00 -2.718360E-01 -4.176815E-02
113  9.82799977E-06 -3.916662E+00  0.000000E+00 -2.851286E-01 -3.946826E-02
114  1.03063821E-05 -4.105357E+00  0.000000E+00 -2.990671E-01 -3.723931E-02
115  1.08080302E-05 -4.302929E+00  0.000000E+00 -3.136828E-01 -3.507445E-02
116  1.13340742E-05 -4.509765E+00  0.000000E+00 -3.290085E-01 -3.296681E-02
117  1.18856989E-05 -4.726262E+00  0.000000E+00 -3.450785E-01 -3.090948E-02
118  1.24641467E-05 -4.952828E+00  0.000000E+00 -3.619289E-01 -2.889543E-02
119  1.30707199E-05 -5.189881E+00  0.000000E+00 -3.795973E-01 -2.691753E-02
120  1.37067842E-05 -5.437850E+00  0.000000E+00 -3.981233E-01 -2.496847E-02
121  1.43737714E-05 -5.697171E+00  0.000000E+00 -4.175484E-01 -2.304075E-02
122  1.50731825E-05 -5.968288E+00  0.000000E+00 -4.379158E-01 -2.112662E-02
123  1.58065914E-05 -6.251650E+00  0.000000E+00 -4.592712E-01 -1.921807E-02
124  1.65756482E-05 -6.547707E+00  0.000000E+00 -4.816621E-01 -1.730674E-02
125  1.73820827E-05 -6.856910E+00  0.000000E+00 -5.051384E-01 -1.538391E-02
126  1.82277088E-05 -7.179707E+00  0.000000E+00 -5.297523E-01 -1.344044E-02
127  1.91144277E-05 -7.516539E+00  0.000000E+00 -5.555587E-01 -1.146672E-02
128  2.00442330E-05 -7.867833E+00  0.000000E+00 -5.826147E-01 -9.452595E-03
129  2.10192148E-05 -8.233999E+00  0.000000E+00 -6.109803E-01 -7.387350E-03
130  2.20415640E-05 -8.615422E+00  0.000000E+00 -6.407184E-01 -5.259621E-03
131  2.31135776E-05 -9.012455E+00  0.000000E+00 -6.718946E-01 -3.057348E-03
132  2.42376638E-05 -9.425407E+00  0.000000E+00 -7.045779E-01 -7.677118E-04
133  2.54163472E-05 -9.854535E+00  0.000000E+00 -7.388401E-01  1.622925E-03
134  2.66522742E-05 -1.030003E+01  0.000000E+00 -7.747566E-01  4.129080E-03
135  2.79482195E-05 -1.076200E+01  0.000000E+00 -8.124063E-01  6.766205E-03
136  2.93070916E-05 -1.124045E+01  0.000000E+00 -8.518715E-01  9.550743E-03
137  3.07319394E-05 -1.173527E+01  0.000000E+00 -8.932384E-01  1.250018E-02
138  3.22259594E-05 -1.224621E+01  0.000000E+00 -9.365971E-01  1.563307E-02
139  3.37925023E-05 -1.277283E+01  0.000000E+00 -9.820420E-01  1.896908E-02
140  3.54350804E-05 -1.331451E+01  0.000000E+00 -1.029671E+00  2.252901E-02
141  3.71573758E-05 -1.387036E+01  0.000000E+00 -1.079588E+00  2.633473E-02
142  3.89632480E-05 -1.443921E+01  0.000000E+00 -1.131900E+00  3.040923E-02
143  4.08567428E-05 -1.501956E+01  0.000000E+00 -1.186720E+00  3.477646E-02
144  4.28421013E-05 -1.560951E+01  0.000000E+00 -1.244164E+00  3.946124E-02
145  4.49237688E-05 -1.620667E+01  0.000000E+00 -1.304357E+00  4.448909E-02
146  4.71064051E-05 -1.680813E+01  0.000000E+00 -1.367424E+00  4.988596E-02
147  4.93948945E-05 -1.741033E+01  0.000000E+00 -1.433502E+00  5.567787E-02
148  5.17943565E-05 -1.800894E+01  0.000000E+00 -1.502729E+00  6.189046E-02
149  5.43101572E-05 -1.859879E+01  0.000000E+00 -1.575252E+00  6.854831E-02
150  5.69479213E-05 -1.917368E+01  0.000000E+00 -1.651224E+00  7.567421E-02
151  5.97135440E-05 -1.972623E+01  0.000000E+00 -1.730805E+00  8.328807E-02
152  6.26132042E-05 -2.024768E+01  0.000000E+00 -1.814163E+00  9.140500E-02
153  6.56533782E-05 -2.072769E+01  0.000000E+00 -1.901473E+00  1.000220E-01
154  6.88408535E-05 -2.115407E+01  0.000000E+00 -1.992920E+00  1.094419E-01
155  7.21827441E-05 -2.151248E+01  0.000000E+00 -2.088697E+00  1.203921E-01
156  7.56865058E-05 -2.178610E+01  0.000000E+00 -2.189024E+00  1.079774E-01
157  7.93599526E-05 -2.195525E+01  0.000000E+00 -2.294322E+00  1.549706E-01
158  8.32112738E-05 -2.200000E+01  0.000000E+00 -2.403933E+00  1.806150E-01
159  8.72490517E-05 -2.200000E+01  0.000000E+00 -2.519228E+00  1.428125E-01
160  9.14822805E-05 -2.200000E+01  0.000000E+00 -2.640141E+00  1.622279E-01
161  9.59203861E-05 -2.200000E+01  0.000000E+00 -2.766597E+00  1.877850E-01
162  1.00573246E-04 -2.200000E+01  0.000000E+00 -2.899051E+00  1.983429E-01
163  1.05451211E-04 -2.200000E+01  0.000000E+00 -3.037786E+00  2.110985E-01
164  1.10565129E-04 -2.200000E+01  0.000000E+00 -3.183098E+00  2.244465E-01
165  1.15926366E-04 -2.200000E+01  0.000000E+00 -3.335296E+00  2.382636E-01
166  1.21546833E-04 -2.200000E+01  0.000000E+00 -3.494705E+00  2.525965E-01
167  1.27439011E-04 -2.200000E+01  0.000000E+00 -3.661664E+00  2.674762E-01
168  1.33615977E-04 -2.200000E+01  0.000000E+00 -3.836527E+00  2.829345E-01
169  1.40091434E-04 -2.200000E+01  0.000000E+00 -4.019666E+00  2.990045E-01
170  1.46879740E-04 -2.200000E+01  0.000000E+00 -4.211469E+00  3.157204E-01
171  1.53995938E-04 -2.200000E+01  0.000000E+00 -4.412341E+00  3.331182E-01
172  1.61455790E-04 -2.200000E+01  0.000000E+00 -4.622707E+00  3.512347E-01
173  1.69275810E-04 -2.200000E+01  0.000000E+00 -4.843010E+00  3.701086E-01
174  1.77473298E-04 -2.200000E+01  0.000000E+00 -5.073716E+00  3.897801E-01
175  1.86066381E-04 -2.200000E+01  0.000000E+00 -5.315307E+00  4.102908E-01
176  1.95074048E-04 -2.200000E+01  0.000000E+00 -5.568292E+00  4.316843E-01
177  2.04516193E-04 -2.200000E+01  0.000000E+00 -5.833201E+00  4.540059E-01
178  2.14413655E-04 -2.200000E+01  0.000000E+00 -6.110586E+00  4.773027E-01
179  2.24788268E-04 -2.200000E+01  0.000000E+00 -6.401028E+00  5.016240E-01
180  2.35662898E-04 -2.200000E+01  0.000000E+00 -6.705130E+00  5.270208E-01
181  2.47061502E-04 -2.200000E+01  0.000000E+00 -7.023524E+00  5.535467E-01
182  2.59009173E-04 -2.200000E+01  0.000000E+00 -7.356870E+00  5.812574E-01
183  2.71532193E-04 -2.200000E+01  0.000000E+00 -7.705857E+00  6.102107E-01
184  2.84658092E-04 -2.200000E+01  0.000000E+00 -8.071206E+00  6.404674E-01
185  2.98415703E-04 -2.200000E+01  0.000000E+00 -8.453667E+00  6.720906E-01
186  3.12835225E-04 -2.200000E+01  0.000000E+00 -8.854025E+00  7.051460E-01
187  3.27948285E-04 -2.200000E+01  0.000000E+00 -9.273099E+00  7.397024E-01
188  3.43788006E-04 -2.200000E+01  0.000000E+00 -9.711744E+00  7.758314E-01
189  3.60389077E-04 -2.200000E+01  0.000000E+00 -1.017085E+01  8.136078E-01
190  3.77787822E-04 -2.200000E+01  0.000000E+00 -1.065135E+01  8.531094E-01
191  3.96022280E-04 -2.200000E+01  0.000000E+00 -1.115422E+01  8.944177E-01
192  4.15132284E-04 -2.200000E+01  0.000000E+00 -1.168046E+01  9.376173E-01
193  4.35159542E-04 -2.200000E+01  0.000000E+00 -1.223113E+01  9.827966E-01
194  4.56147725E-04 -2.200000E+01  0.000000E+00 -1.280734E+01  1.030048E+00
195  4.78142557E-04 -2.200000E+01  0.000000E+00 -1.341022E+01  1.079468E+00
196  5.01191911E-04 -2.200000E+01  0.000000E+00 -1.404098E+01  1.131156E+00
197  5.25345906E-04 -2.200000E+01  0.000000E+00 -1.470085E+01  1.185217E+00
198  5.50657013E-04 -2.200000E+01  0.000000E+00 -1.539114E+01  1.241759E+00
199  5.77180160E-04 -2.200000E+01  0.000000E+00 -1.611319E+01  1.300898E+00
200  6.04972846E-04 -2.200000E+01  0.000000E+00 -1.686840E+01  1.362750E+00
201  6.34095261E-04 -2.200000E+01  0.000000E+00 -1.765825E+01  1.427440E+00
202  6.64610405E-04 -2.200000E+01  0.000000E+00 -1.848424E+01  1.495095E+00
203  6.96584217E-04 -2.200000E+01  0.000000E+00 -1.934796E+01  1.565849E+00
204  7.30085714E-04 -2.200000E+01  0.000000E+00 -2.025104E+01  1.639842E+00
205  7.65187124E-04 -2.200000E+01  0.000000E+00 -2.119520E+01  1.717219E+00
206  8.01964035E-04 -2.200000E+01  0.000000E+00 -2.218221E+01  1.798131E+00
207  8.40495551E-04 -2.200000E+01  0.000000E+00 -2.321391E+01  1.882734E+00
208  8.80864444E-04 -2.200000E+01  0.000000E+00 -2.429220E+01  1.971193E+00
209  9.23157326E-04 -2.200000E+01  0.000000E+00 -2.541906E+01  2.063677E+00
210  9.67464817E-04 -2.200000E+01  0.000000E+00 -2.659655E+01  2.160363E+00
211  1.01388173E-03 -2.200000E+01  0.000000E+00 -2.782679E+01  2.261435E+00
212  1.06250726E-03 -2.200000E+01  0.000000E+00 -2.911198E+01  2.367082E+00
213  1.11344518E-03 -2.200000E+01  0.000000E+00 -3.045440E+01  2.477505E+00
214  1.16680402E-03 -2.200000E+01  0.000000E+00 -3.185641E+01  2.592907E+00
215  1.22269735E-03 -2.200000E+01  0.000000E+00 -3.332044E+01  2.713503E+00
216  1.28124392E-03 -2.200000E+01  0.000000E+00 -3.484900E+01  2.839514E+00
217  1.34256794E-03 -2.200000E+01  0.000000E+00 -3.644468E+01  2.971170E+00
218  1.40679932E-03 -2.200000E+01  0.000000E+00 -3.811017E+01  3.108708E+00
219  1.47407389E-03 -2.200000E+01  0.000000E+00 -3.984822E+01  3.252376E+00
220  1.54453372E-03 -2.200000E+01  0.000000E+00 -4.166167E+01  3.402428E+00
221  1.61832733E-03 -2.200000E+01  0.000000E+00 -4.355342E+01  3.559127E+00
222  1.69561001E-03 -2.200000E+01  0.000000E+00 -4.552648E+01  3.722748E+00
223  1.77654413E-03 -2.200000E+01  0.000000E+00 -4.758393E+01  3.893572E+00
224  1.86129942E-03 -2.200000E+01  0.000000E+00 -4.972890E+01  4.071890E+00
225  1.95005327E-03 -2.200000E+01  0.000000E+00 -5.196463E+01  4.258003E+00
226  2.04299116E-03 -2.200000E+01  0.000000E+00 -5.429440E+01  4.452220E+00
227  2.14030688E-03 -2.200000E+01  0.000000E+00 -5.672158E+01  4.654861E+00
228  2.24220300E-03 -2.200000E+01  0.000000E+00 -5.924958E+01  4.866255E+00
229  2.34889118E-03 -2.200000E+01  0.000000E+00 -6.188190E+01  5.086738E+00
230  2.46059261E-03 -2.200000E+01  0.000000E+00 -6.462205E+01  5.316659E+00
231  2.57753837E-03 -2.200000E+01  0.000000E+00 -6.747362E+01  5.556373E+00
232  2.69996989E-03 -2.200000E+01  0.000000E+00 -7.044022E+01  5.806244E+00
233  2.82813938E-03 -2.200000E+01  0.000000E+00 -7.352549E+01  6.066648E+00
234  2.96231028E-03 -2.200000E+01  0.000000E+00 -7.673307E+01  6.337966E+00
235  3.10275775E-03 -2.200000E+01  0.000000E+00 -8.006662E+01  6.620587E+00
236  3.24976916E-03 -2.200000E+01  0.000000E+00 -8.352981E+01  6.914909E+00
237  3.40364457E-03 -2.200000E+01  0.000000E+00 -8.712624E+01  7.221337E+00
238  3.56469734E-03 -2.200000E+01  0.000000E+00 -9.085950E+01  7.540281E+00
239  3.73325461E-03 -2.200000E+01  0.000000E+00 -9.473312E+01  7.872159E+00
240  3.90965791E-03 -2.200000E+01  0.000000E+00 -9.875052E+01  8.217389E+00
241  4.09426373E-03 -2.200000E+01  0.000000E+00 -1.029151E+02  8.576399E+00
242  4.28744417E-03 -2.200000E+01  0.000000E+00 -1.072299E+02  8.949615E+00
243  4.48958758E-03 -2.200000E+01  0.000000E+00 -1.116982E+02  9.337466E+00
244  4.70109919E-03 -2.200000E+01  0.000000E+00 -1.163227E+02  9.740382E+00
245  4.92240184E-03 -2.200000E+01  0.000000E+00 -1.211060E+02  1.015879E+01
246  5.15393664E-03 -2.200000E+01  0.000000E+00 -1.260506E+02  1.059311E+01
247  5.39616378E-03 -2.200000E+01  0.000000E+00 -1.311585E+02  1.104377E+01
248  5.64956326E-03 -2.200000E+01  0.000000E+00 -1.364314E+02  1.151117E+01
249  5.91463566E-03 -2.200000E+01  0.000000E+00 -1.418708E+02  1.199573E+01
250  6.19190301E-03 -2.200000E+01  0.000000E+00 -1.474773E+02  1.249782E+01
251  6.48190959E-03 -2.200000E+01  0.000000E+00 -1.532515E+02  1.301782E+01
252  6.78522286E-03 -2.200000E+01  0.000000E+00 -1.591932E+02  1.355608E+01
253  7.10243434E-03 -2.200000E+01  0.000000E+00 -1.653015E+02  1.411295E+01
254  7.43416052E-03 -2.200000E+01  0.000000E+00 -1.715750E+02  1.468872E+01
255  7.78104392E-03 -2.200000E+01  0.000000E+00 -1.780114E+02  1.528368E+01
256  8.14375399E-03 -2.200000E+01  0.000000E+00 -1.846075E+02  1.589806E+01
257  8.52298822E-03 -2.200000E+01  0.000000E+00 -1.913593E+02  1.653208E+01
258  8.91947316E-03 -2.200000E+01  0.000000E+00 -1.982618E+02  1.718589E+01
259  9.33396559E-03 -2.200000E+01  0.000000E+00 -2.053086E+02  1.785960E+01
260  9.76725357E-03 -2.200000E+01  0.000000E+00 -2.124924E+02  1.855326E+01
261  1.02201577E-02 -2.200000E+01  0.000000E+00 -2.198044E+02  1.926687E+01
262  1.06935323E-02 -2.200000E+01  0.000000E+00 -2.272344E+02  2.000035E+01
263  1.11882665E-02 -2.200000E+01  0.000000E+00 -2.347706E+02  2.075355E+01
264  1.17052860E-02 -2.200000E+01  0.000000E+00 -2.423995E+02  2.152622E+01
265  1.22455537E-02 -2.200000E+01  0.000000E+00 -2.501059E+02  2.231803E+01
266  1.28100717E-02 -2.200000E+01  0.000000E+00 -2.578726E+02  2.312855E+01
267  1.33998823E-02 -2.200000E+01  0.000000E+00 -2.656803E+02  2.395724E+01
268  1.40160696E-02 -2.200000E+01  0.000000E+00 -2.735076E+02  2.480343E+01
269  1.46597611E-02 -2.200000E+01  0.000000E+00 -2.813305E+02  2.566633E+01
270  1.53321287E-02 -2.200000E+01  0.000000E+00 -2.891228E+02  2.654500E+01
271  1.60343911E-02 -2.200000E+01  0.000000E+00 -2.968555E+02  2.743834E+01
272  1.67678146E-02 -2.200000E+01  0.000000E+00 -3.044969E+02  2.834512E+01
273  1.75337153E-02 -2.200000E+01  0.000000E+00 -3.120124E+02  2.926391E+01
274  1.83334605E-02 -2.200000E+01  0.000000E+00 -3.193645E+02  3.019309E+01
275  1.91684704E-02 -2.200000E+01  0.000000E+00 -3.265122E+02  3.113084E+01
276  2.00402201E-02 -2.200000E+01  0.000000E+00 -3.334117E+02  3.207516E+01
277  2.09502413E-02 -2.200000E+01  0.000000E+00 -3.400155E+02  3.302379E+01
278  2.19001241E-02 -2.200000E+01  0.000000E+00 -3.462729E+02  3.397425E+01
279  2.28915189E-02 -2.200000E+01  0.000000E+00 -3.521297E+02  3.492381E+01
280  2.39261386E-02 -2.200000E+01  0.000000E+00 -3.575281E+02  3.586950E+01
281  2.50057600E-02 -2.200000E+01  0.000000E+00 -3.624069E+02  3.680805E+01
282  2.61322265E-02 -2.200000E+01  0.000000E+00 -3.667014E+02  3.773594E+01
283  2.73074497E-02 -2.200000E+01  0.000000E+00 -3.703434E+02  3.864934E+01
284  2.85334118E-02 -2.200000E+01  0.000000E+00 -3.732615E+02  3.954414E+01
285  2.98121673E-02 -2.200000E+01  0.000000E+00 -3.753812E+02  4.041592E+01
286  3.11458458E-02 -2.200000E+01  0.000000E+00 -3.766250E+02  4.125996E+01
287  3.25366538E-02 -2.200000E+01  0.000000E+00 -3.769130E+02  4.207123E+01
288  3.39868769E-02 -2.200000E+01  0.000000E+00 -3.761628E+02  4.284439E+01
289  3.54988825E-02 -2.200000E+01  0.000000E+00 -3.742905E+02  4.357380E+01
290  3.70751218E-02 -2.200000E+01  0.000000E+00 -3.712107E+02  4.425353E+01
291  3.87181321E-02 -2.200000E+01  0.000000E+00 -3.668373E+02  4.487735E+01
292  4.04305395E-02 -2.200000E+01  0.000000E+00 -3.610845E+02  4.543875E+01
293  4.22150613E-02 -2.200000E+01  0.000000E+00 -3.538673E+02  4.593100E+01
294  4.40745080E-02 -2.200000E+01  0.000000E+00 -3.451024E+02  4.634711E+01
295  4.60117865E-02 -2.200000E+01  0.000000E+00 -3.347096E+02  4.667992E+01
296  4.80299019E-02 -2.200000E+01  0.000000E+00 -3.226128E+02  4.692207E+01
297  5.01319605E-02 -2.200000E+01  0.000000E+00 -3.087412E+02  4.706613E+01
298  5.23211724E-02 -2.200000E+01  0.000000E+00 -2.930308E+02  4.710456E+01
299  5.46008536E-02 -2.200000E+01  0.000000E+00 -2.754264E+02  4.702984E+01
300  5.69744291E-02 -2.200000E+01  0.000000E+00 -2.558826E+02  4.683448E+01
301  5.94454354E-02 -2.200000E+01  0.000000E+00 -2.343662E+02  4.651115E+01
302  6.20175228E-02 -2.200000E+01  0.000000E+00 -2.108578E+02  4.605271E+01
303  6.46944584E-02 -2.200000E+01  0.000000E+00 -1.853542E+02  4.545233E+01
304  6.74801287E-02 -2.200000E+01  0.000000E+00 -1.578701E+02  4.470359E+01
305  7.03785420E-02 -2.200000E+01  0.000000E+00 -1.284408E+02  4.380058E+01
306  7.33938314E-02 -2.200000E+01  0.000000E+00 -9.712408E+01  4.273803E+01
307  7.65302570E-02 -2.200000E+01  0.000000E+00 -6.400252E+01  4.151141E+01
308  7.97922091E-02 -2.200000E+01  0.000000E+00 -2.918585E+01  4.011709E+01
309  8.31842102E-02 -2.200000E+01  0.000000E+00  7.187012E+00  3.855248E+01
310  8.67109182E-02 -2.200000E+01  0.000000E+00  4.494590E+01  3.681614E+01
311  9.03771287E-02 -2.200000E+01  0.000000E+00  8.388760E+01  3.490798E+01
312  9.41877774E-02 -2.200000E+01  0.000000E+00  1.237743E+02  3.282936E+01
313  9.81479431E-02 -2.200000E+01  0.000000E+00  1.643322E+02  3.058326E+01
314  1.02262850E-01 -2.200000E+01  0.000000E+00  2.052511E+02  2.817444E+01
315  1.06537870E-01 -2.200000E+01  0.000000E+00  2.461834E+02  2.560956E+01
316  1.10978525E-01 -2.200000E+01  0.000000E+00  2.867450E+02  2.289733E+01
317  1.15590492E-01 -2.200000E+01  0.000000E+00  3.265159E+02  2.004859E+01
318  1.20379599E-01 -2.200000E+01  0.000000E+00  3.650421E+02  1.707648E+01
319  1.25351836E-01 -2.200000E+01  0.000000E+00  4.018379E+02  1.399642E+01
320  1.30513348E-01 -2.200000E+01  0.000000E+00  4.363898E+02  1.082629E+01
321  1.35870448E-01 -2.200000E+01  0.000000E+00  4.681613E+02  7.586314E+00
322  1.41429607E-01 -2.200000E+01  0.000000E+00  4.965979E+02  4.299165E+00
323  1.47197466E-01 -2.200000E+01  0.000000E+00  5.211350E+02  9.898364E-01
324  1.53180833E-01 -2.200000E+01  0.000000E+00  5.412055E+02 -2.314432E+00
325  1.59386687E-01 -2.200000E+01  0.000000E+00  5.562496E+02 -5.584314E+00
326  1.65822179E-01 -2.200000E+01  0.000000E+00  5.657255E+02 -8.788603E+00
327  1.72494633E-01 -2.200000E+01  0.000000E+00  5.691210E+02 -1.189449E+01
328  1.79411549E-01 -2.200000E+01  0.000000E+00  5.659672E+02 -1.486787E+01
329  1.86580604E-01 -2.200000E+01  0.000000E+00  5.558520E+02 -1.767378E+01
330  1.94009655E-01 -2.200000E+01  0.000000E+00  5.384354E+02 -2.027682E+01
331  2.01706739E-01 -2.200000E+01  0.000000E+00  5.134644E+02 -2.264170E+01
332  2.09680072E-01 -2.200000E+01  0.000000E+00  4.807892E+02 -2.473382E+01
333  2.17938056E-01 -2.200000E+01  0.000000E+00  4.403786E+02 -2.651994E+01
334  2.26489275E-01 -2.200000E+01  0.000000E+00  3.923346E+02 -2.796884E+01
335  2.35342499E-01 -2.200000E+01  0.000000E+00  3.369071E+02 -2.905209E+01
336  2.44506682E-01 -2.200000E+01  0.000000E+00  2.745055E+02 -2.974479E+01
337  2.53990966E-01 -2.200000E+01  0.000000E+00  2.057097E+02 -3.002640E+01
338  2.63804680E-01 -2.200000E+01  0.000000E+00  1.312767E+02 -2.988148E+01
339  2.73957340E-01 -2.200000E+01  0.000000E+00  5.214501E+01 -2.930046E+01
340  2.84458651E-01 -2.200000E+01  0.000000E+00 -3.056567E+01 -2.828038E+01
341  2.95318507E-01 -2.200000E+01  0.000000E+00 -1.155597E+02 -2.682551E+01
342  3.06546988E-01 -2.200000E+01  0.000000E+00 -2.013760E+02 -2.494793E+01
343  3.18154364E-01 -2.200000E+01  0.000000E+00 -2.864039E+02 -2.266795E+01
344  3.30151096E-01 -2.200000E+01  0.000000E+00 -3.689066E+02 -2.001439E+01
345  3.42547828E-01 -2.200000E+01  0.000000E+00 -4.470499E+02 -1.702471E+01
346  3.55355396E-01 -2.200000E+01  0.000000E+00 -5.189383E+02 -1.374488E+01
347  3.68584822E-01 -2.200000E+01  0.000000E+00 -5.826577E+02 -1.022911E+01
348  3.82247315E-01 -2.200000E+01  0.000000E+00 -6.363240E+02 -6.539237E+00
349  3.96354268E-01 -2.200000E+01  0.000000E+00 -6.781370E+02 -2.743931E+00
350  4.10917263E-01 -2.200000E+01  0.000000E+00 -7.064393E+02  1.082391E+00
351  4.25948061E-01 -2.200000E+01  0.000000E+00 -7.197776E+02  4.860927E+00
352  4.41458609E-01 -2.200000E+01  0.000000E+00 -7.169658E+02  8.510092E+00
353  4.57461035E-01 -2.200000E+01  0.000000E+00 -6.971479E+02  1.194736E+01
354  4.73967647E-01 -2.200000E+01  0.000000E+00 -6.598570E+02  1.509133E+01
355  4.90990929E-01 -2.200000E+01  0.000000E+00 -6.050699E+02  1.786390E+01
356  5.08543544E-01 -2.200000E+01  0.000000E+00 -5.332530E+02  2.019263E+01
357  5.26638330E-01 -2.200000E+01  0.000000E+00 -4.453974E+02  2.201308E+01
358  5.45288296E-01 -2.200000E+01  0.000000E+00 -3.430399E+02  2.327119E+01
359  5.64506624E-01 -2.200000E+01  0.000000E+00 -2.282673E+02  2.392545E+01
360  5.84306662E-01 -2.200000E+01  0.000000E+00 -1.037028E+02  2.394899E+01
361  6.04701924E-01 -2.200000E+01  0.000000E+00  2.753008E+01  2.333126E+01
362  6.25706092E-01 -2.200000E+01  0.000000E+00  1.618648E+02  2.207941E+01
363  6.47333003E-01 -2.200000E+01  0.000000E+00  2.953727E+02  2.021917E+01
364  6.69596656E-01 -2.200000E+01  0.000000E+00  4.238658E+02  1.779515E+01
365  6.92511206E-01 -2.200000E+01  0.000000E+00  5.430219E+02  1.487055E+01
366  7.16090958E-01 -2.200000E+01  0.000000E+00  6.485279E+02  1.152620E+01
367  7.40350369E-01 -2.200000E+01  0.000000E+00  7.362378E+02  7.858864E+00
368  7.65304042E-01 -2.200000E+01  0.000000E+00  8.023424E+02  3.978886E+00
369  7.90966723E-01 -2.200000E+01  0.000000E+00  8.435415E+02  7.146516E-03
370  8.17353298E-01 -2.200000E+01  0.000000E+00  8.572142E+02 -3.928591E+00
371  8.44478791E-01 -2.200000E+01  0.000000E+00  8.415785E+02 -7.697850E+00
372  8.72358358E-01 -2.200000E+01  0.000000E+00  7.958313E+02 -1.117200E+01
373  9.01007285E-01 -2.200000E+01  0.000000E+00  7.202611E+02 -1.422907E+01
374  9.30440985E-01 -2.200000E+01  0.000000E+00  6.163250E+02 -1.675858E+01
375  9.60674992E-01 -2.200000E+01  0.000000E+00  4.866814E+02 -1.866625E+01
376  9.91724962E-01 -2.200000E+01  0.000000E+00  3.351743E+02 -1.987834E+01
377  1.02360666E+00 -2.200000E+01  0.000000E+00  1.667618E+02 -2.034543E+01
378  1.05633598E+00 -2.200000E+01  0.000000E+00 -1.261086E+01 -2.004535E+01
379  1.08992889E+00 -2.200000E+01  0.000000E+00 -1.961953E+02 -1.898520E+01
380  1.12440149E+00 -2.200000E+01  0.000000E+00 -3.766771E+02 -1.720217E+01
381  1.15976998E+00 -2.200000E+01  0.000000E+00 -5.464596E+02 -1.476316E+01
382  1.19605064E+00 -2.200000E+01  0.000000E+00 -6.979846E+02 -1.176297E+01
383  1.23325984E+00 -2.200000E+01  0.000000E+00 -8.240788E+02 -8.321316E+00
384  1.27141406E+00 -2.200000E+01  0.000000E+00 -9.183085E+02 -4.578431E+00
385  1.31052985E+00 -2.200000E+01  0.000000E+00 -9.753275E+02 -6.896164E-01
386  1.35062382E+00 -2.200000E+01  0.000000E+00 -9.911977E+02  3.181172E+00
387  1.39171270E+00 -2.200000E+01  0.000000E+00 -9.636656E+02  6.868415E+00
388  1.43381324E+00 -2.200000E+01  0.000000E+00 -8.923736E+02  1.021248E+01
389  1.47694231E+00 -2.200000E+01  0.000000E+00 -7.789917E+02  1.306706E+01
390  1.52111680E+00 -2.200000E+01  0.000000E+00 -6.272559E+02  1.530631E+01
391  1.56635368E+00 -2.200000E+01  0.000000E+00 -4.429020E+02  1.683113E+01
392  1.61266997E+00 -2.200000E+01  0.000000E+00 -2.334935E+02  1.757446E+01
393  1.66008275E+00 -2.200000E+01  0.000000E+00 -8.141791E+00  1.750507E+01
394  1.70860913E+00 -2.200000E+01  0.000000E+00  2.228713E+02  1.662966E+01
395  1.75826627E+00 -2.200000E+01  0.000000E+00  4.485560E+02  1.499318E+01
396  1.80907139E+00 -2.200000E+01  0.000000E+00  6.577414E+02  1.267716E+01
397  1.86104170E+00 -2.200000E+01  0.000000E+00  8.396418E+02  9.796070E+00
398  1.91419449E+00 -2.200000E+01  0.000000E+00  9.844334E+02  6.494850E+00
399  1.96854705E+00 -2.200000E+01  0.000000E+00  3.697749E+03  9.968694E+00
