#      n =  8
#  kappa = -1
# energy = -1.44304108E+02
#     vc = -2.89811218E+02


0    3.84615385E-08 -1.728926E-02  0.000000E+00 -0.000000E+00  3.586265E-03
1    4.03459561E-08 -1.813634E-02  0.000000E+00  2.519719E-08  3.586265E-03
2    4.23226941E-08 -1.902492E-02  0.000000E+00  5.162883E-08  3.418762E-03
3    4.43962749E-08 -1.995704E-02  0.000000E+00  7.935539E-08  3.259084E-03
4    4.65714425E-08 -2.093482E-02  0.000000E+00  1.084403E-07  3.106865E-03
5    4.88531731E-08 -2.196051E-02  0.000000E+00  1.389501E-07  2.961756E-03
6    5.12466867E-08 -2.303644E-02  0.000000E+00  1.709546E-07  2.823425E-03
7    5.37574590E-08 -2.416509E-02  0.000000E+00  2.045270E-07  2.691556E-03
8    5.63912338E-08 -2.534902E-02  0.000000E+00  2.397441E-07  2.565845E-03
9    5.91540363E-08 -2.659096E-02  0.000000E+00  2.766865E-07  2.446007E-03
10   6.20521868E-08 -2.789374E-02  0.000000E+00  3.154386E-07  2.331766E-03
11   6.50923149E-08 -2.926034E-02  0.000000E+00  3.560892E-07  2.222861E-03
12   6.82813752E-08 -3.069388E-02  0.000000E+00  3.987312E-07  2.119043E-03
13   7.16266626E-08 -3.219766E-02  0.000000E+00  4.434622E-07  2.020074E-03
14   7.51358295E-08 -3.377510E-02  0.000000E+00  4.903845E-07  1.925728E-03
15   7.88169028E-08 -3.542982E-02  0.000000E+00  5.396053E-07  1.835789E-03
16   8.26783028E-08 -3.716559E-02  0.000000E+00  5.912374E-07  1.750050E-03
17   8.67288617E-08 -3.898640E-02  0.000000E+00  6.453988E-07  1.668316E-03
18   9.09778446E-08 -4.089641E-02  0.000000E+00  7.022134E-07  1.590400E-03
19   9.54349702E-08 -4.289997E-02  0.000000E+00  7.618112E-07  1.516123E-03
20   1.00110433E-07 -4.500169E-02  0.000000E+00  8.243284E-07  1.445315E-03
21   1.05014927E-07 -4.720636E-02  0.000000E+00  8.899080E-07  1.377815E-03
22   1.10159669E-07 -4.951902E-02  0.000000E+00  9.587001E-07  1.313468E-03
23   1.15556426E-07 -5.194497E-02  0.000000E+00  1.030862E-06  1.252125E-03
24   1.21217541E-07 -5.448975E-02  0.000000E+00  1.106559E-06  1.193649E-03
25   1.27155960E-07 -5.715919E-02  0.000000E+00  1.185963E-06  1.137903E-03
26   1.33385266E-07 -5.995939E-02  0.000000E+00  1.269257E-06  1.084761E-03
27   1.39919704E-07 -6.289674E-02  0.000000E+00  1.356632E-06  1.034101E-03
28   1.46774217E-07 -6.597798E-02  0.000000E+00  1.448286E-06  9.858074E-04
29   1.53964481E-07 -6.921014E-02  0.000000E+00  1.544429E-06  9.397693E-04
30   1.61506939E-07 -7.260062E-02  0.000000E+00  1.645282E-06  8.958815E-04
31   1.69418837E-07 -7.615717E-02  0.000000E+00  1.751074E-06  8.540436E-04
32   1.77718268E-07 -7.988792E-02  0.000000E+00  1.862049E-06  8.141597E-04
33   1.86424209E-07 -8.380141E-02  0.000000E+00  1.978459E-06  7.761387E-04
34   1.95556568E-07 -8.790657E-02  0.000000E+00  2.100571E-06  7.398935E-04
35   2.05136224E-07 -9.221280E-02  0.000000E+00  2.228664E-06  7.053411E-04
36   2.15185083E-07 -9.672994E-02  0.000000E+00  2.363030E-06  6.724025E-04
37   2.25726118E-07 -1.014683E-01  0.000000E+00  2.503978E-06  6.410023E-04
38   2.36783431E-07 -1.064388E-01  0.000000E+00  2.651829E-06  6.110686E-04
39   2.48382302E-07 -1.116527E-01  0.000000E+00  2.806921E-06  5.825330E-04
40   2.60549246E-07 -1.171219E-01  0.000000E+00  2.969609E-06  5.553302E-04
41   2.73312081E-07 -1.228590E-01  0.000000E+00  3.140265E-06  5.293978E-04
42   2.86699982E-07 -1.288771E-01  0.000000E+00  3.319279E-06  5.046766E-04
43   3.00743553E-07 -1.351899E-01  0.000000E+00  3.507061E-06  4.811099E-04
44   3.15474898E-07 -1.418119E-01  0.000000E+00  3.704038E-06  4.586439E-04
45   3.30927689E-07 -1.487581E-01  0.000000E+00  3.910662E-06  4.372272E-04
46   3.47137248E-07 -1.560445E-01  0.000000E+00  4.127406E-06  4.168106E-04
47   3.64140625E-07 -1.636878E-01  0.000000E+00  4.354763E-06  3.973476E-04
48   3.81976684E-07 -1.717053E-01  0.000000E+00  4.593255E-06  3.787935E-04
49   4.00686187E-07 -1.801154E-01  0.000000E+00  4.843426E-06  3.611059E-04
50   4.20311896E-07 -1.889374E-01  0.000000E+00  5.105847E-06  3.442444E-04
51   4.40898662E-07 -1.981914E-01  0.000000E+00  5.381119E-06  3.281703E-04
52   4.62493531E-07 -2.078984E-01  0.000000E+00  5.669871E-06  3.128469E-04
53   4.85145852E-07 -2.180808E-01  0.000000E+00  5.972762E-06  2.982391E-04
54   5.08907386E-07 -2.287618E-01  0.000000E+00  6.290485E-06  2.843134E-04
55   5.33832429E-07 -2.399657E-01  0.000000E+00  6.623765E-06  2.710380E-04
56   5.59977931E-07 -2.517182E-01  0.000000E+00  6.973365E-06  2.583826E-04
57   5.87403631E-07 -2.640460E-01  0.000000E+00  7.340082E-06  2.463181E-04
58   6.16172186E-07 -2.769775E-01  0.000000E+00  7.724755E-06  2.348170E-04
59   6.46349323E-07 -2.905420E-01  0.000000E+00  8.128262E-06  2.238530E-04
60   6.78003980E-07 -3.047706E-01  0.000000E+00  8.551525E-06  2.134008E-04
61   7.11208468E-07 -3.196957E-01  0.000000E+00  8.995512E-06  2.034367E-04
62   7.46038635E-07 -3.353515E-01  0.000000E+00  9.461236E-06  1.939379E-04
63   7.82574038E-07 -3.517737E-01  0.000000E+00  9.949760E-06  1.848825E-04
64   8.20898127E-07 -3.689997E-01  0.000000E+00  1.046220E-05  1.762499E-04
65   8.61098429E-07 -3.870688E-01  0.000000E+00  1.099973E-05  1.680202E-04
66   9.03266755E-07 -4.060224E-01  0.000000E+00  1.156357E-05  1.601748E-04
67   9.47499402E-07 -4.259036E-01  0.000000E+00  1.215502E-05  1.526955E-04
68   9.93897378E-07 -4.467579E-01  0.000000E+00  1.277542E-05  1.455654E-04
69   1.04256663E-06 -4.686327E-01  0.000000E+00  1.342619E-05  1.387680E-04
70   1.09361828E-06 -4.915780E-01  0.000000E+00  1.410881E-05  1.322878E-04
71   1.14716889E-06 -5.156461E-01  0.000000E+00  1.482484E-05  1.261100E-04
72   1.20334071E-06 -5.408918E-01  0.000000E+00  1.557593E-05  1.202205E-04
73   1.26226198E-06 -5.673728E-01  0.000000E+00  1.636378E-05  1.146056E-04
74   1.32406719E-06 -5.951494E-01  0.000000E+00  1.719018E-05  1.092527E-04
75   1.38889742E-06 -6.242848E-01  0.000000E+00  1.805704E-05  1.041494E-04
76   1.45690064E-06 -6.548454E-01  0.000000E+00  1.896632E-05  9.928396E-05
77   1.52823205E-06 -6.869008E-01  0.000000E+00  1.992010E-05  9.464533E-05
78   1.60305443E-06 -7.205241E-01  0.000000E+00  2.092056E-05  9.022284E-05
79   1.68153852E-06 -7.557917E-01  0.000000E+00  2.196997E-05  8.600636E-05
80   1.76386339E-06 -7.927838E-01  0.000000E+00  2.307074E-05  8.198621E-05
81   1.85021689E-06 -8.315846E-01  0.000000E+00  2.422538E-05  7.815317E-05
82   1.94079601E-06 -8.722824E-01  0.000000E+00  2.543651E-05  7.449844E-05
83   2.03580739E-06 -9.149695E-01  0.000000E+00  2.670690E-05  7.101362E-05
84   2.13546774E-06 -9.597430E-01  0.000000E+00  2.803946E-05  6.769071E-05
85   2.24000438E-06 -1.006705E+00  0.000000E+00  2.943720E-05  6.452206E-05
86   2.34965571E-06 -1.055961E+00  0.000000E+00  3.090333E-05  6.150039E-05
87   2.46467179E-06 -1.107623E+00  0.000000E+00  3.244119E-05  5.861872E-05
88   2.58531487E-06 -1.161808E+00  0.000000E+00  3.405428E-05  5.587041E-05
89   2.71186003E-06 -1.218640E+00  0.000000E+00  3.574628E-05  5.324912E-05
90   2.84459576E-06 -1.278246E+00  0.000000E+00  3.752104E-05  5.074878E-05
91   2.98382465E-06 -1.340762E+00  0.000000E+00  3.938261E-05  4.836360E-05
92   3.12986403E-06 -1.406328E+00  0.000000E+00  4.133523E-05  4.608805E-05
93   3.28304676E-06 -1.475093E+00  0.000000E+00  4.338335E-05  4.391682E-05
94   3.44372191E-06 -1.547211E+00  0.000000E+00  4.553163E-05  4.184487E-05
95   3.61225561E-06 -1.622845E+00  0.000000E+00  4.778497E-05  3.986734E-05
96   3.78903184E-06 -1.702165E+00  0.000000E+00  5.014849E-05  3.797959E-05
97   3.97445332E-06 -1.785349E+00  0.000000E+00  5.262758E-05  3.617717E-05
98   4.16894242E-06 -1.872583E+00  0.000000E+00  5.522788E-05  3.445583E-05
99   4.37294209E-06 -1.964063E+00  0.000000E+00  5.795531E-05  3.281145E-05
100  4.58691692E-06 -2.059993E+00  0.000000E+00  6.081607E-05  3.124012E-05
101  4.81135413E-06 -2.160586E+00  0.000000E+00  6.381668E-05  2.973805E-05
102  5.04676471E-06 -2.266066E+00  0.000000E+00  6.696395E-05  2.830159E-05
103  5.29368457E-06 -2.376668E+00  0.000000E+00  7.026504E-05  2.692723E-05
104  5.55267573E-06 -2.492634E+00  0.000000E+00  7.372745E-05  2.561157E-05
105  5.82432761E-06 -2.614223E+00  0.000000E+00  7.735906E-05  2.435133E-05
106  6.10925838E-06 -2.741699E+00  0.000000E+00  8.116812E-05  2.314332E-05
107  6.40811631E-06 -2.875342E+00  0.000000E+00  8.516327E-05  2.198444E-05
108  6.72158126E-06 -3.015444E+00  0.000000E+00  8.935360E-05  2.087167E-05
109  7.05036622E-06 -3.162309E+00  0.000000E+00  9.374860E-05  1.980206E-05
110  7.39521891E-06 -3.316253E+00  0.000000E+00  9.835826E-05  1.877273E-05
111  7.75692348E-06 -3.477606E+00  0.000000E+00  1.031930E-04  1.778082E-05
112  8.13630224E-06 -3.646714E+00  0.000000E+00  1.082639E-04  1.682354E-05
113  8.53421755E-06 -3.823934E+00  0.000000E+00  1.135822E-04  1.589809E-05
114  8.95157378E-06 -4.009638E+00  0.000000E+00  1.191603E-04  1.500173E-05
115  9.38931928E-06 -4.204215E+00  0.000000E+00  1.250105E-04  1.413168E-05
116  9.84844859E-06 -4.408066E+00  0.000000E+00  1.311462E-04  1.328518E-05
117  1.03300046E-05 -4.621607E+00  0.000000E+00  1.375813E-04  1.245943E-05
118  1.08350810E-05 -4.845271E+00  0.000000E+00  1.443303E-04  1.165160E-05
119  1.13648247E-05 -5.079503E+00  0.000000E+00  1.514084E-04  1.085882E-05
120  1.19204382E-05 -5.324764E+00  0.000000E+00  1.588316E-04  1.007814E-05
121  1.25031828E-05 -5.581529E+00  0.000000E+00  1.666167E-04  9.306530E-06
122  1.31143807E-05 -5.850286E+00  0.000000E+00  1.747812E-04  8.540876E-06
123  1.37554188E-05 -6.131534E+00  0.000000E+00  1.833435E-04  7.777937E-06
124  1.44277512E-05 -6.425787E+00  0.000000E+00  1.923229E-04  7.014338E-06
125  1.51329025E-05 -6.733566E+00  0.000000E+00  2.017395E-04  6.246553E-06
126  1.58724717E-05 -7.055401E+00  0.000000E+00  2.116144E-04  5.470877E-06
127  1.66481352E-05 -7.391827E+00  0.000000E+00  2.219699E-04  4.683409E-06
128  1.74616509E-05 -7.743386E+00  0.000000E+00  2.328291E-04  3.880022E-06
129  1.83148620E-05 -8.110614E+00  0.000000E+00  2.442162E-04  3.056343E-06
130  1.92097013E-05 -8.494047E+00  0.000000E+00  2.561567E-04  2.207724E-06
131  2.01481952E-05 -8.894210E+00  0.000000E+00  2.686773E-04  1.329214E-06
132  2.11324686E-05 -9.311615E+00  0.000000E+00  2.818057E-04  4.155272E-07
133  2.21647492E-05 -9.746749E+00  0.000000E+00  2.955711E-04 -5.389840E-07
134  2.32473730E-05 -1.020007E+01  0.000000E+00  3.100041E-04 -1.540364E-06
135  2.43827891E-05 -1.067200E+01  0.000000E+00  3.251366E-04 -2.595085E-06
136  2.55735654E-05 -1.116290E+01  0.000000E+00  3.410019E-04 -3.710083E-06
137  2.68223941E-05 -1.167308E+01  0.000000E+00  3.576350E-04 -4.892789E-06
138  2.81320978E-05 -1.220275E+01  0.000000E+00  3.750724E-04 -6.151162E-06
139  2.95056360E-05 -1.275205E+01  0.000000E+00  3.933523E-04 -7.493725E-06
140  3.09461112E-05 -1.332096E+01  0.000000E+00  4.125145E-04 -8.929590E-06
141  3.24567762E-05 -1.390936E+01  0.000000E+00  4.326007E-04 -1.046849E-05
142  3.40410413E-05 -1.451690E+01  0.000000E+00  4.536545E-04 -1.212078E-05
143  3.57024816E-05 -1.514308E+01  0.000000E+00  4.757213E-04 -1.389750E-05
144  3.74448450E-05 -1.578709E+01  0.000000E+00  4.988486E-04 -1.581032E-05
145  3.92720608E-05 -1.644787E+01  0.000000E+00  5.230860E-04 -1.787156E-05
146  4.11882480E-05 -1.712400E+01  0.000000E+00  5.484852E-04 -2.009417E-05
147  4.31977246E-05 -1.781362E+01  0.000000E+00  5.751002E-04 -2.249168E-05
148  4.53050171E-05 -1.851441E+01  0.000000E+00  6.029873E-04 -2.507810E-05
149  4.75148707E-05 -1.922348E+01  0.000000E+00  6.322053E-04 -2.786783E-05
150  4.98322594E-05 -1.993726E+01  0.000000E+00  6.628156E-04 -3.087552E-05
151  5.22623972E-05 -2.065140E+01  0.000000E+00  6.948821E-04 -3.411582E-05
152  5.48107494E-05 -2.136066E+01  0.000000E+00  7.284716E-04 -3.760310E-05
153  5.74830449E-05 -2.205872E+01  0.000000E+00  7.636539E-04 -4.135110E-05
154  6.02852885E-05 -2.273802E+01  0.000000E+00  8.005020E-04 -4.537245E-05
155  6.32237744E-05 -2.338956E+01  0.000000E+00  8.390921E-04 -4.967802E-05
156  6.63050996E-05 -2.400269E+01  0.000000E+00  8.795041E-04 -5.427543E-05
157  6.95361787E-05 -2.456479E+01  0.000000E+00  9.218217E-04 -5.916959E-05
158  7.29242587E-05 -2.506101E+01  0.000000E+00  9.661331E-04 -6.453434E-05
159  7.64769355E-05 -2.547386E+01  0.000000E+00  1.012530E-03 -7.004298E-05
160  8.02021694E-05 -2.578285E+01  0.000000E+00  1.061126E-03 -6.622510E-05
161  8.41083037E-05 -2.596396E+01  0.000000E+00  1.112109E-03 -9.137320E-05
162  8.82040817E-05 -2.600000E+01  0.000000E+00  1.165122E-03 -9.871462E-05
163  9.24986668E-05 -2.600000E+01  0.000000E+00  1.220988E-03 -8.384302E-05
164  9.70016616E-05 -2.600000E+01  0.000000E+00  1.279466E-03 -9.832297E-05
165  1.01723129E-04 -2.600000E+01  0.000000E+00  1.340639E-03 -1.084822E-04
166  1.06673615E-04 -2.600000E+01  0.000000E+00  1.404699E-03 -1.149698E-04
167  1.11864168E-04 -2.600000E+01  0.000000E+00  1.471782E-03 -1.222694E-04
168  1.17306369E-04 -2.600000E+01  0.000000E+00  1.542029E-03 -1.298649E-04
169  1.23012350E-04 -2.600000E+01  0.000000E+00  1.615587E-03 -1.377349E-04
170  1.28994824E-04 -2.600000E+01  0.000000E+00  1.692612E-03 -1.459010E-04
171  1.35267113E-04 -2.600000E+01  0.000000E+00  1.773266E-03 -1.543806E-04
172  1.41843171E-04 -2.600000E+01  0.000000E+00  1.857717E-03 -1.631917E-04
173  1.48737622E-04 -2.600000E+01  0.000000E+00  1.946142E-03 -1.723529E-04
174  1.55965786E-04 -2.600000E+01  0.000000E+00  2.038727E-03 -1.818835E-04
175  1.63543713E-04 -2.600000E+01  0.000000E+00  2.135664E-03 -1.918038E-04
176  1.71488217E-04 -2.600000E+01  0.000000E+00  2.237155E-03 -2.021345E-04
177  1.79816912E-04 -2.600000E+01  0.000000E+00  2.343411E-03 -2.128975E-04
178  1.88548253E-04 -2.600000E+01  0.000000E+00  2.454652E-03 -2.241152E-04
179  1.97701567E-04 -2.600000E+01  0.000000E+00  2.571108E-03 -2.358113E-04
180  2.07297104E-04 -2.600000E+01  0.000000E+00  2.693020E-03 -2.480100E-04
181  2.17356070E-04 -2.600000E+01  0.000000E+00  2.820638E-03 -2.607370E-04
182  2.27900681E-04 -2.600000E+01  0.000000E+00  2.954225E-03 -2.740187E-04
183  2.38954204E-04 -2.600000E+01  0.000000E+00  3.094054E-03 -2.878826E-04
184  2.50541006E-04 -2.600000E+01  0.000000E+00  3.240410E-03 -3.023576E-04
185  2.62686609E-04 -2.600000E+01  0.000000E+00  3.393592E-03 -3.174736E-04
186  2.75417741E-04 -2.600000E+01  0.000000E+00  3.553910E-03 -3.332617E-04
187  2.88762392E-04 -2.600000E+01  0.000000E+00  3.721689E-03 -3.497545E-04
188  3.02749872E-04 -2.600000E+01  0.000000E+00  3.897267E-03 -3.669857E-04
189  3.17410873E-04 -2.600000E+01  0.000000E+00  4.080997E-03 -3.849908E-04
190  3.32777533E-04 -2.600000E+01  0.000000E+00  4.273246E-03 -4.038064E-04
191  3.48883502E-04 -2.600000E+01  0.000000E+00  4.474400E-03 -4.234709E-04
192  3.65764013E-04 -2.600000E+01  0.000000E+00  4.684857E-03 -4.440242E-04
193  3.83455952E-04 -2.600000E+01  0.000000E+00  4.905034E-03 -4.655078E-04
194  4.01997936E-04 -2.600000E+01  0.000000E+00  5.135364E-03 -4.879651E-04
195  4.21430391E-04 -2.600000E+01  0.000000E+00  5.376301E-03 -5.114414E-04
196  4.41795638E-04 -2.600000E+01  0.000000E+00  5.628314E-03 -5.359835E-04
197  4.63137974E-04 -2.600000E+01  0.000000E+00  5.891894E-03 -5.616405E-04
198  4.85503768E-04 -2.600000E+01  0.000000E+00  6.167550E-03 -5.884634E-04
199  5.08941550E-04 -2.600000E+01  0.000000E+00  6.455812E-03 -6.165053E-04
200  5.33502115E-04 -2.600000E+01  0.000000E+00  6.757233E-03 -6.458217E-04
201  5.59238619E-04 -2.600000E+01  0.000000E+00  7.072384E-03 -6.764700E-04
202  5.86206692E-04 -2.600000E+01  0.000000E+00  7.401863E-03 -7.085102E-04
203  6.14464545E-04 -2.600000E+01  0.000000E+00  7.746288E-03 -7.420048E-04
204  6.44073091E-04 -2.600000E+01  0.000000E+00  8.106301E-03 -7.770185E-04
205  6.75096062E-04 -2.600000E+01  0.000000E+00  8.482570E-03 -8.136189E-04
206  7.07600139E-04 -2.600000E+01  0.000000E+00  8.875787E-03 -8.518763E-04
207  7.41655081E-04 -2.600000E+01  0.000000E+00  9.286669E-03 -8.918634E-04
208  7.77333868E-04 -2.600000E+01  0.000000E+00  9.715960E-03 -9.336563E-04
209  8.14712838E-04 -2.600000E+01  0.000000E+00  1.016443E-02 -9.773337E-04
210  8.53871842E-04 -2.600000E+01  0.000000E+00  1.063288E-02 -1.022977E-03
211  8.94894397E-04 -2.600000E+01  0.000000E+00  1.112213E-02 -1.070672E-03
212  9.37867848E-04 -2.600000E+01  0.000000E+00  1.163304E-02 -1.120507E-03
213  9.82883540E-04 -2.600000E+01  0.000000E+00  1.216649E-02 -1.172572E-03
214  1.03003699E-03 -2.600000E+01  0.000000E+00  1.272339E-02 -1.226963E-03
215  1.07942809E-03 -2.600000E+01  0.000000E+00  1.330468E-02 -1.283778E-03
216  1.13116124E-03 -2.600000E+01  0.000000E+00  1.391133E-02 -1.343119E-03
217  1.18534565E-03 -2.600000E+01  0.000000E+00  1.454434E-02 -1.405091E-03
218  1.24209542E-03 -2.600000E+01  0.000000E+00  1.520474E-02 -1.469804E-03
219  1.30152988E-03 -2.600000E+01  0.000000E+00  1.589358E-02 -1.537370E-03
220  1.36377371E-03 -2.600000E+01  0.000000E+00  1.661195E-02 -1.607907E-03
221  1.42895725E-03 -2.600000E+01  0.000000E+00  1.736097E-02 -1.681534E-03
222  1.49721670E-03 -2.600000E+01  0.000000E+00  1.814177E-02 -1.758376E-03
223  1.56869438E-03 -2.600000E+01  0.000000E+00  1.895553E-02 -1.838562E-03
224  1.64353900E-03 -2.600000E+01  0.000000E+00  1.980345E-02 -1.922224E-03
225  1.72190594E-03 -2.600000E+01  0.000000E+00  2.068673E-02 -2.009499E-03
226  1.80395750E-03 -2.600000E+01  0.000000E+00  2.160663E-02 -2.100526E-03
227  1.88986325E-03 -2.600000E+01  0.000000E+00  2.256441E-02 -2.195450E-03
228  1.97980027E-03 -2.600000E+01  0.000000E+00  2.356135E-02 -2.294419E-03
229  2.07395352E-03 -2.600000E+01  0.000000E+00  2.459876E-02 -2.397586E-03
230  2.17251615E-03 -2.600000E+01  0.000000E+00  2.567795E-02 -2.505106E-03
231  2.27568985E-03 -2.600000E+01  0.000000E+00  2.680024E-02 -2.617139E-03
232  2.38368517E-03 -2.600000E+01  0.000000E+00  2.796698E-02 -2.733848E-03
233  2.49672195E-03 -2.600000E+01  0.000000E+00  2.917949E-02 -2.855400E-03
234  2.61502967E-03 -2.600000E+01  0.000000E+00  3.043912E-02 -2.981964E-03
235  2.73884781E-03 -2.600000E+01  0.000000E+00  3.174719E-02 -3.113714E-03
236  2.86842635E-03 -2.600000E+01  0.000000E+00  3.310502E-02 -3.250824E-03
237  3.00402611E-03 -2.600000E+01  0.000000E+00  3.451391E-02 -3.393474E-03
238  3.14591923E-03 -2.600000E+01  0.000000E+00  3.597514E-02 -3.541843E-03
239  3.29438964E-03 -2.600000E+01  0.000000E+00  3.748993E-02 -3.696113E-03
240  3.44973349E-03 -2.600000E+01  0.000000E+00  3.905950E-02 -3.856468E-03
241  3.61225971E-03 -2.600000E+01  0.000000E+00  4.068497E-02 -4.023092E-03
242  3.78229043E-03 -2.600000E+01  0.000000E+00  4.236745E-02 -4.196168E-03
243  3.96016158E-03 -2.600000E+01  0.000000E+00  4.410792E-02 -4.375881E-03
244  4.14622340E-03 -2.600000E+01  0.000000E+00  4.590733E-02 -4.562414E-03
245  4.34084100E-03 -2.600000E+01  0.000000E+00  4.776648E-02 -4.755947E-03
246  4.54439494E-03 -2.600000E+01  0.000000E+00  4.968608E-02 -4.956659E-03
247  4.75728186E-03 -2.600000E+01  0.000000E+00  5.166670E-02 -5.164723E-03
248  4.97991504E-03 -2.600000E+01  0.000000E+00  5.370877E-02 -5.380310E-03
249  5.21272511E-03 -2.600000E+01  0.000000E+00  5.581255E-02 -5.603583E-03
250  5.45616066E-03 -2.600000E+01  0.000000E+00  5.797811E-02 -5.834697E-03
251  5.71068894E-03 -2.600000E+01  0.000000E+00  6.020528E-02 -6.073802E-03
252  5.97679655E-03 -2.600000E+01  0.000000E+00  6.249371E-02 -6.321034E-03
253  6.25499019E-03 -2.600000E+01  0.000000E+00  6.484276E-02 -6.576519E-03
254  6.54579739E-03 -2.600000E+01  0.000000E+00  6.725149E-02 -6.840371E-03
255  6.84976725E-03 -2.600000E+01  0.000000E+00  6.971866E-02 -7.112684E-03
256  7.16747131E-03 -2.600000E+01  0.000000E+00  7.224270E-02 -7.393540E-03
257  7.49950428E-03 -2.600000E+01  0.000000E+00  7.482163E-02 -7.682997E-03
258  7.84648492E-03 -2.600000E+01  0.000000E+00  7.745307E-02 -7.981093E-03
259  8.20905693E-03 -2.600000E+01  0.000000E+00  8.013421E-02 -8.287840E-03
260  8.58788976E-03 -2.600000E+01  0.000000E+00  8.286172E-02 -8.603223E-03
261  8.98367960E-03 -2.600000E+01  0.000000E+00  8.563178E-02 -8.927198E-03
262  9.39715027E-03 -2.600000E+01  0.000000E+00  8.843996E-02 -9.259686E-03
263  9.82905418E-03 -2.600000E+01  0.000000E+00  9.128126E-02 -9.600572E-03
264  1.02801733E-02 -2.600000E+01  0.000000E+00  9.415000E-02 -9.949699E-03
265  1.07513204E-02 -2.600000E+01  0.000000E+00  9.703981E-02 -1.030687E-02
266  1.12433395E-02 -2.600000E+01  0.000000E+00  9.994358E-02 -1.067183E-02
267  1.17571076E-02 -2.600000E+01  0.000000E+00  1.028534E-01 -1.104430E-02
268  1.22935355E-02 -2.600000E+01  0.000000E+00  1.057605E-01 -1.142390E-02
269  1.28535688E-02 -2.600000E+01  0.000000E+00  1.086553E-01 -1.181023E-02
270  1.34381890E-02 -2.600000E+01  0.000000E+00  1.115272E-01 -1.220281E-02
271  1.40484150E-02 -2.600000E+01  0.000000E+00  1.143646E-01 -1.260109E-02
272  1.46853039E-02 -2.600000E+01  0.000000E+00  1.171549E-01 -1.300444E-02
273  1.53499527E-02 -2.600000E+01  0.000000E+00  1.198846E-01 -1.341217E-02
274  1.60434988E-02 -2.600000E+01  0.000000E+00  1.225389E-01 -1.382350E-02
275  1.67671219E-02 -2.600000E+01  0.000000E+00  1.251018E-01 -1.423754E-02
276  1.75220451E-02 -2.600000E+01  0.000000E+00  1.275564E-01 -1.465333E-02
277  1.83095361E-02 -2.600000E+01  0.000000E+00  1.298843E-01 -1.506981E-02
278  1.91309087E-02 -2.600000E+01  0.000000E+00  1.320662E-01 -1.548582E-02
279  1.99875239E-02 -2.600000E+01  0.000000E+00  1.340813E-01 -1.590007E-02
280  2.08807914E-02 -2.600000E+01  0.000000E+00  1.359077E-01 -1.631119E-02
281  2.18121713E-02 -2.600000E+01  0.000000E+00  1.375223E-01 -1.671768E-02
282  2.27831750E-02 -2.600000E+01  0.000000E+00  1.389010E-01 -1.711791E-02
283  2.37953669E-02 -2.600000E+01  0.000000E+00  1.400182E-01 -1.751017E-02
284  2.48503659E-02 -2.600000E+01  0.000000E+00  1.408476E-01 -1.789257E-02
285  2.59498467E-02 -2.600000E+01  0.000000E+00  1.413617E-01 -1.826314E-02
286  2.70955415E-02 -2.600000E+01  0.000000E+00  1.415322E-01 -1.861978E-02
287  2.82892413E-02 -2.600000E+01  0.000000E+00  1.413300E-01 -1.896024E-02
288  2.95327974E-02 -2.600000E+01  0.000000E+00  1.407254E-01 -1.928218E-02
289  3.08281234E-02 -2.600000E+01  0.000000E+00  1.396884E-01 -1.958312E-02
290  3.21771960E-02 -2.600000E+01  0.000000E+00  1.381886E-01 -1.986046E-02
291  3.35820570E-02 -2.600000E+01  0.000000E+00  1.361957E-01 -2.011152E-02
292  3.50448149E-02 -2.600000E+01  0.000000E+00  1.336798E-01 -2.033350E-02
293  3.65676462E-02 -2.600000E+01  0.000000E+00  1.306116E-01 -2.052351E-02
294  3.81527974E-02 -2.600000E+01  0.000000E+00  1.269627E-01 -2.067858E-02
295  3.98025859E-02 -2.600000E+01  0.000000E+00  1.227061E-01 -2.079568E-02
296  4.15194024E-02 -2.600000E+01  0.000000E+00  1.178166E-01 -2.087175E-02
297  4.33057116E-02 -2.600000E+01  0.000000E+00  1.122715E-01 -2.090367E-02
298  4.51640547E-02 -2.600000E+01  0.000000E+00  1.060507E-01 -2.088835E-02
299  4.70970501E-02 -2.600000E+01  0.000000E+00  9.913751E-02 -2.082271E-02
300  4.91073956E-02 -2.600000E+01  0.000000E+00  9.151924E-02 -2.070371E-02
301  5.11978697E-02 -2.600000E+01  0.000000E+00  8.318780E-02 -2.052841E-02
302  5.33713332E-02 -2.600000E+01  0.000000E+00  7.414039E-02 -2.029397E-02
303  5.56307305E-02 -2.600000E+01  0.000000E+00  6.438013E-02 -1.999773E-02
304  5.79790916E-02 -2.600000E+01  0.000000E+00  5.391685E-02 -1.963722E-02
305  6.04195331E-02 -2.600000E+01  0.000000E+00  4.276778E-02 -1.921020E-02
306  6.29552601E-02 -2.600000E+01  0.000000E+00  3.095824E-02 -1.871474E-02
307  6.55895673E-02 -2.600000E+01  0.000000E+00  1.852243E-02 -1.814923E-02
308  6.83258408E-02 -2.600000E+01  0.000000E+00  5.504083E-03 -1.751248E-02
309  7.11675591E-02 -2.600000E+01  0.000000E+00 -8.042897E-03 -1.680372E-02
310  7.41182948E-02 -2.600000E+01  0.000000E+00 -2.205380E-02 -1.602270E-02
311  7.71817158E-02 -2.600000E+01  0.000000E+00 -3.645260E-02 -1.516973E-02
312  8.03615868E-02 -2.600000E+01  0.000000E+00 -5.115153E-02 -1.424572E-02
313  8.36617702E-02 -2.600000E+01  0.000000E+00 -6.605080E-02 -1.325228E-02
314  8.70862277E-02 -2.600000E+01  0.000000E+00 -8.103838E-02 -1.219170E-02
315  9.06390212E-02 -2.600000E+01  0.000000E+00 -9.599006E-02 -1.106708E-02
316  9.43243142E-02 -2.600000E+01  0.000000E+00 -1.107697E-01 -9.882323E-03
317  9.81463729E-02 -2.600000E+01  0.000000E+00 -1.252294E-01 -8.642185E-03
318  1.02109567E-01 -2.600000E+01  0.000000E+00 -1.392108E-01 -7.352319E-03
319  1.06218371E-01 -2.600000E+01  0.000000E+00 -1.525452E-01 -6.019288E-03
320  1.10477364E-01 -2.600000E+01  0.000000E+00 -1.650557E-01 -4.650579E-03
321  1.14891233E-01 -2.600000E+01  0.000000E+00 -1.765582E-01 -3.254607E-03
322  1.19464772E-01 -2.600000E+01  0.000000E+00 -1.868635E-01 -1.840698E-03
323  1.24202882E-01 -2.600000E+01  0.000000E+00 -1.957800E-01 -4.190611E-04
324  1.29110574E-01 -2.600000E+01  0.000000E+00 -2.031157E-01  9.992579E-04
325  1.34192968E-01 -2.600000E+01  0.000000E+00 -2.086820E-01  2.402441E-03
326  1.39455294E-01 -2.600000E+01  0.000000E+00 -2.122965E-01  3.777983E-03
327  1.44902891E-01 -2.600000E+01  0.000000E+00 -2.137872E-01  5.112798E-03
328  1.50541212E-01 -2.600000E+01  0.000000E+00 -2.129964E-01  6.393348E-03
329  1.56375818E-01 -2.600000E+01  0.000000E+00 -2.097852E-01  7.605790E-03
330  1.62412383E-01 -2.600000E+01  0.000000E+00 -2.040378E-01  8.736155E-03
331  1.68656693E-01 -2.600000E+01  0.000000E+00 -1.956663E-01  9.770533E-03
332  1.75114646E-01 -2.600000E+01  0.000000E+00 -1.846158E-01  1.069530E-02
333  1.81792251E-01 -2.600000E+01  0.000000E+00 -1.708687E-01  1.149733E-02
334  1.88695630E-01 -2.600000E+01  0.000000E+00 -1.544492E-01  1.216428E-02
335  1.95831014E-01 -2.600000E+01  0.000000E+00 -1.354279E-01  1.268481E-02
336  2.03204750E-01 -2.600000E+01  0.000000E+00 -1.139251E-01  1.304890E-02
337  2.10823292E-01 -2.600000E+01  0.000000E+00 -9.011427E-02  1.324809E-02
338  2.18693209E-01 -2.600000E+01  0.000000E+00 -6.422408E-02  1.327576E-02
339  2.26821177E-01 -2.600000E+01  0.000000E+00 -3.654001E-02  1.312742E-02
340  2.35213984E-01 -2.600000E+01  0.000000E+00 -7.404373E-03  1.280094E-02
341  2.43878526E-01 -2.600000E+01  0.000000E+00  2.278470E-02  1.229678E-02
342  2.52821811E-01 -2.600000E+01  0.000000E+00  5.357592E-02  1.161821E-02
343  2.62050950E-01 -2.600000E+01  0.000000E+00  8.446898E-02  1.077145E-02
344  2.71573166E-01 -2.600000E+01  0.000000E+00  1.149205E-01  9.765766E-03
345  2.81395785E-01 -2.600000E+01  0.000000E+00  1.443518E-01  8.613574E-03
346  2.91526240E-01 -2.600000E+01  0.000000E+00  1.721583E-01  7.330396E-03
347  3.01972066E-01 -2.600000E+01  0.000000E+00  1.977210E-01  5.934794E-03
348  3.12740905E-01 -2.600000E+01  0.000000E+00  2.204197E-01  4.448218E-03
349  3.23840497E-01 -2.600000E+01  0.000000E+00  2.396471E-01  2.894771E-03
350  3.35278684E-01 -2.600000E+01  0.000000E+00  2.548257E-01  1.300888E-03
351  3.47063407E-01 -2.600000E+01  0.000000E+00  2.654238E-01 -3.050592E-04
352  3.59202706E-01 -2.600000E+01  0.000000E+00  2.709741E-01 -1.893253E-03
353  3.71704714E-01 -2.600000E+01  0.000000E+00  2.710912E-01 -3.432985E-03
354  3.84577663E-01 -2.600000E+01  0.000000E+00  2.654893E-01 -4.893292E-03
355  3.97829873E-01 -2.600000E+01  0.000000E+00  2.539988E-01 -6.243643E-03
356  4.11469760E-01 -2.600000E+01  0.000000E+00  2.365817E-01 -7.454677E-03
357  4.25505826E-01 -2.600000E+01  0.000000E+00  2.133445E-01 -8.498969E-03
358  4.39946663E-01 -2.600000E+01  0.000000E+00  1.845482E-01 -9.351801E-03
359  4.54800948E-01 -2.600000E+01  0.000000E+00  1.506143E-01 -9.991930E-03
360  4.70077441E-01 -2.600000E+01  0.000000E+00  1.121279E-01 -1.040231E-02
361  4.85784985E-01 -2.600000E+01  0.000000E+00  6.983403E-02 -1.057075E-02
362  5.01932502E-01 -2.600000E+01  0.000000E+00  2.463058E-02 -1.049051E-02
363  5.18528993E-01 -2.600000E+01  0.000000E+00 -2.244576E-02 -1.016074E-02
364  5.35583534E-01 -2.600000E+01  0.000000E+00 -7.023866E-02 -9.586819E-03
365  5.53105274E-01 -2.600000E+01  0.000000E+00 -1.174972E-01 -8.780530E-03
366  5.71103433E-01 -2.600000E+01  0.000000E+00 -1.629066E-01 -7.760023E-03
367  5.89587303E-01 -2.600000E+01  0.000000E+00 -2.051236E-01 -6.549633E-03
368  6.08566238E-01 -2.600000E+01  0.000000E+00 -2.428167E-01 -5.179461E-03
369  6.28049661E-01 -2.600000E+01  0.000000E+00 -2.747087E-01 -3.684771E-03
370  6.48047055E-01 -2.600000E+01  0.000000E+00 -2.996225E-01 -2.105183E-03
371  6.68567963E-01 -2.600000E+01  0.000000E+00 -3.165262E-01 -4.836776E-04
372  6.89621985E-01 -2.600000E+01  0.000000E+00 -3.245779E-01  1.134557E-03
373  7.11218777E-01 -2.600000E+01  0.000000E+00 -3.231673E-01  2.703419E-03
374  7.33368048E-01 -2.600000E+01  0.000000E+00 -3.119523E-01  4.177284E-03
375  7.56079556E-01 -2.600000E+01  0.000000E+00 -2.908896E-01  5.512456E-03
376  7.79363109E-01 -2.600000E+01  0.000000E+00 -2.602559E-01  6.668619E-03
377  8.03228558E-01 -2.600000E+01  0.000000E+00 -2.206597E-01  7.610249E-03
378  8.27685798E-01 -2.600000E+01  0.000000E+00 -1.730418E-01  8.307932E-03
379  8.52744766E-01 -2.600000E+01  0.000000E+00 -1.186627E-01  8.739517E-03
380  8.78415434E-01 -2.600000E+01  0.000000E+00 -5.907765E-02  8.891074E-03
381  9.04707814E-01 -2.600000E+01  0.000000E+00  3.901673E-03  8.757592E-03
382  9.31631947E-01 -2.600000E+01  0.000000E+00  6.825804E-02  8.343388E-03
383  9.59197908E-01 -2.600000E+01  0.000000E+00  1.318309E-01  7.662191E-03
384  9.87415800E-01 -2.600000E+01  0.000000E+00  1.923885E-01  6.736883E-03
385  1.01629575E+00 -2.600000E+01  0.000000E+00  2.477072E-01  5.598895E-03
386  1.04584791E+00 -2.600000E+01  0.000000E+00  2.956564E-01  4.287260E-03
387  1.07608246E+00 -2.600000E+01  0.000000E+00  3.342837E-01  2.847354E-03
388  1.10700959E+00 -2.600000E+01  0.000000E+00  3.618992E-01  1.329353E-03
389  1.13863951E+00 -2.600000E+01  0.000000E+00  3.771536E-01 -2.135280E-04
390  1.17098244E+00 -2.600000E+01  0.000000E+00  3.791067E-01 -1.726962E-03
391  1.20404862E+00 -2.600000E+01  0.000000E+00  3.672833E-01 -3.157523E-03
392  1.23784830E+00 -2.600000E+01  0.000000E+00  3.417127E-01 -4.454710E-03
393  1.27239173E+00 -2.600000E+01  0.000000E+00  3.029495E-01 -5.572882E-03
394  1.30768917E+00 -2.600000E+01  0.000000E+00  2.520738E-01 -6.473049E-03
395  1.34375089E+00 -2.600000E+01  0.000000E+00  1.906685E-01 -7.124405E-03
396  1.38058715E+00 -2.600000E+01  0.000000E+00  1.207764E-01 -7.505561E-03
397  1.41820821E+00 -2.600000E+01  0.000000E+00  4.483418E-02 -7.605403E-03
398  1.45662435E+00 -2.600000E+01  0.000000E+00 -3.441144E-02 -7.423540E-03
399  1.49584581E+00 -2.600000E+01  0.000000E+00 -1.140046E-01 -6.970308E-03
400  1.53588284E+00 -2.600000E+01  0.000000E+00 -1.908937E-01 -6.266335E-03
401  1.57674569E+00 -2.600000E+01  0.000000E+00 -2.620520E-01 -5.341675E-03
402  1.61844460E+00 -2.600000E+01  0.000000E+00 -3.246024E-01 -4.234546E-03
403  1.66098976E+00 -2.600000E+01  0.000000E+00 -3.759379E-01 -2.989729E-03
404  1.70439141E+00 -2.600000E+01  0.000000E+00 -4.138351E-01 -1.656703E-03
405  1.74865971E+00 -2.600000E+01  0.000000E+00 -4.365537E-01 -2.875807E-04
406  1.79380485E+00 -2.600000E+01  0.000000E+00 -4.429169E-01  1.065031E-03
407  1.83983698E+00 -2.600000E+01  0.000000E+00 -4.323706E-01  2.350184E-03
408  1.88676622E+00 -2.600000E+01  0.000000E+00 -4.050162E-01  3.520624E-03
409  1.93460268E+00 -2.600000E+01  0.000000E+00 -3.616155E-01  4.534649E-03
410  1.98335646E+00 -2.600000E+01  0.000000E+00 -3.035686E-01  5.357682E-03
411  2.03303760E+00 -2.600000E+01  0.000000E+00 -2.328632E-01  5.963508E-03
412  2.08365614E+00 -2.600000E+01  0.000000E+00 -1.519987E-01  6.335119E-03
413  2.13522208E+00 -2.600000E+01  0.000000E+00 -6.388932E-02  6.465137E-03
414  2.18774539E+00 -2.600000E+01  0.000000E+00  2.825251E-02  6.355810E-03
415  2.24123602E+00 -2.600000E+01  0.000000E+00  1.210435E-01  6.018586E-03
416  2.29570387E+00 -2.600000E+01  0.000000E+00  2.110644E-01  5.473309E-03
417  2.35115883E+00 -2.600000E+01  0.000000E+00  2.949955E-01  4.747073E-03
418  2.40761071E+00 -2.600000E+01  0.000000E+00  3.697456E-01  3.872813E-03
419  2.46506934E+00 -2.600000E+01  0.000000E+00  4.325711E-01  2.887699E-03
420  2.52354448E+00 -2.600000E+01  0.000000E+00  4.811771E-01  1.831424E-03
421  2.58304585E+00 -2.600000E+01  0.000000E+00  5.137989E-01  7.444595E-04
422  2.64358314E+00 -2.600000E+01  0.000000E+00  5.292587E-01 -3.336239E-04
423  2.70516600E+00 -2.600000E+01  0.000000E+00  5.269974E-01 -1.365712E-03
424  2.76780403E+00 -2.600000E+01  0.000000E+00  5.070791E-01 -2.318500E-03
425  2.83150680E+00 -2.600000E+01  0.000000E+00  4.701701E-01 -3.163603E-03
426  2.89628382E+00 -2.600000E+01  0.000000E+00  4.174947E-01 -3.878377E-03
427  2.96214456E+00 -2.600000E+01  0.000000E+00  3.507688E-01 -4.446441E-03
428  3.02909847E+00 -2.600000E+01  0.000000E+00  2.721175E-01 -4.857887E-03
429  3.09715492E+00 -2.600000E+01  0.000000E+00  1.839793E-01 -5.109199E-03
430  3.16632325E+00 -2.600000E+01  0.000000E+00  8.900350E-02 -5.202903E-03
431  3.23661274E+00 -2.600000E+01  0.000000E+00 -1.005647E-02 -5.146983E-03
432  3.30803264E+00 -2.600000E+01  0.000000E+00 -1.104468E-01 -4.954113E-03
433  3.38059215E+00 -2.600000E+01  0.000000E+00 -2.095108E-01 -4.640756E-03
434  3.45430040E+00 -2.600000E+01  0.000000E+00 -3.047768E-01 -4.226180E-03
435  3.52916649E+00 -2.600000E+01  0.000000E+00 -3.940317E-01 -3.731447E-03
436  3.60519945E+00 -2.600000E+01  0.000000E+00 -4.753800E-01 -3.178431E-03
437  3.68240829E+00 -2.600000E+01  0.000000E+00 -5.472856E-01 -2.588885E-03
438  3.76080194E+00 -2.600000E+01  0.000000E+00 -6.085960E-01 -1.983627E-03
439  3.84038929E+00 -2.600000E+01  0.000000E+00 -6.585503E-01 -1.381842E-03
440  3.92117918E+00 -2.600000E+01  0.000000E+00 -6.967715E-01 -8.005334E-04
441  4.00318039E+00 -2.600000E+01  0.000000E+00 -7.232441E-01 -2.541322E-04
442  4.08640164E+00 -2.600000E+01  0.000000E+00 -7.382814E-01  2.457489E-04
443  4.17085162E+00 -2.600000E+01  0.000000E+00 -7.424825E-01  6.904054E-04
444  4.25653895E+00 -2.600000E+01  0.000000E+00 -7.366842E-01  1.074000E-03
445  4.34347219E+00 -2.600000E+01  0.000000E+00 -7.219086E-01  1.393415E-03
446  4.43165987E+00 -2.600000E+01  0.000000E+00 -6.993097E-01  1.648003E-03
447  4.52111044E+00 -2.600000E+01  0.000000E+00 -6.701219E-01  1.839277E-03
448  4.61183230E+00 -2.600000E+01  0.000000E+00 -6.356110E-01  1.970553E-03
449  4.70383381E+00 -2.600000E+01  0.000000E+00 -5.970311E-01  2.046568E-03
450  4.79712326E+00 -2.600000E+01  0.000000E+00 -5.555866E-01  2.073105E-03
451  4.89170889E+00 -2.600000E+01  0.000000E+00 -5.124016E-01  2.056618E-03
452  4.98759889E+00 -2.600000E+01  0.000000E+00 -4.684961E-01  2.003904E-03
453  5.08480138E+00 -2.600000E+01  0.000000E+00 -4.247696E-01  1.921802E-03
454  5.18332445E+00 -2.600000E+01  0.000000E+00 -3.819910E-01  1.816948E-03
455  5.28317609E+00 -2.600000E+01  0.000000E+00 -3.407947E-01  1.695570E-03
456  5.38436429E+00 -2.600000E+01  0.000000E+00 -3.016824E-01  1.563340E-03
457  5.48689695E+00 -2.600000E+01  0.000000E+00 -2.650286E-01  1.425275E-03
458  5.59078191E+00 -2.600000E+01  0.000000E+00 -2.310905E-01  1.285678E-03
459  5.69602697E+00 -2.600000E+01  0.000000E+00 -2.000192E-01  1.148119E-03
460  5.80263988E+00 -2.600000E+01  0.000000E+00 -1.718740E-01  1.015448E-03
461  5.91062831E+00 -2.600000E+01  0.000000E+00 -1.466360E-01  8.898373E-04
462  6.01999991E+00 -2.600000E+01  0.000000E+00 -1.242229E-01  7.728351E-04
463  6.13076223E+00 -2.600000E+01  0.000000E+00 -1.045030E-01  6.654392E-04
464  6.24292280E+00 -2.600000E+01  0.000000E+00 -8.730780E-02  5.681734E-04
465  6.35648908E+00 -2.600000E+01  0.000000E+00 -7.244411E-02  4.811680E-04
466  6.47146849E+00 -2.600000E+01  0.000000E+00 -5.970415E-02  4.042377E-04
467  6.58786836E+00 -2.600000E+01  0.000000E+00 -4.887432E-02  3.369554E-04
468  6.70569602E+00 -2.600000E+01  0.000000E+00 -3.974228E-02  2.787191E-04
469  6.82495868E+00 -2.600000E+01  0.000000E+00 -3.210257E-02  2.288106E-04
470  6.94566356E+00 -2.600000E+01  0.000000E+00 -2.576078E-02  1.864449E-04
471  7.06781777E+00 -2.600000E+01  0.000000E+00 -2.053649E-02  1.508115E-04
472  7.19142841E+00 -2.600000E+01  0.000000E+00 -1.626506E-02  1.211069E-04
473  7.31650250E+00 -2.600000E+01  0.000000E+00 -1.279854E-02  9.655818E-05
474  7.44304701E+00 -2.600000E+01  0.000000E+00 -1.000580E-02  7.644130E-05
475  7.57106887E+00 -2.600000E+01  0.000000E+00 -7.772143E-03  6.009179E-05
476  7.70057494E+00 -2.600000E+01  0.000000E+00 -5.998418E-03  4.691124E-05
477  7.83157203E+00 -2.600000E+01  0.000000E+00 -4.599900E-03  3.636950E-05
478  7.96406691E+00 -2.600000E+01  0.000000E+00 -3.504964E-03  2.800389E-05
479  8.09806629E+00 -2.600000E+01  0.000000E+00 -2.653684E-03  2.141607E-05
480  8.23357682E+00 -2.600000E+01  0.000000E+00 -1.996419E-03  1.626744E-05
481  8.37060511E+00 -2.600000E+01  0.000000E+00 -1.492439E-03  1.227364E-05
482  8.50915771E+00 -2.600000E+01  0.000000E+00 -1.108635E-03  9.198502E-06
483  8.64924112E+00 -2.600000E+01  0.000000E+00 -8.183382E-04  6.847997E-06
484  8.79086180E+00 -2.600000E+01  0.000000E+00 -6.002507E-04  5.064366E-06
485  8.93402614E+00 -2.600000E+01  0.000000E+00 -4.375137E-04  3.720599E-06
486  9.07874049E+00 -2.600000E+01  0.000000E+00 -3.168931E-04  2.715419E-06
487  9.22501115E+00 -2.600000E+01  0.000000E+00 -2.280859E-04  1.968821E-06
488  9.37284437E+00 -2.600000E+01  0.000000E+00 -1.631365E-04  1.418174E-06
489  9.52224635E+00 -2.600000E+01  0.000000E+00 -1.159504E-04  1.014878E-06
490  9.67322324E+00 -2.600000E+01  0.000000E+00 -8.189615E-05  7.215489E-07
491  9.82578115E+00 -2.600000E+01  0.000000E+00 -5.748120E-05  5.096733E-07
492  9.97992611E+00 -2.600000E+01  0.000000E+00 -4.009223E-05  3.576822E-07
493  1.01356641E+01 -2.600000E+01  0.000000E+00 -2.778863E-05  2.493946E-07
494  1.02930012E+01 -2.600000E+01  0.000000E+00 -1.914022E-05  1.727688E-07
495  1.04519432E+01 -2.600000E+01  0.000000E+00 -1.310085E-05  1.189148E-07
496  1.06124960E+01 -2.600000E+01  0.000000E+00 -8.910966E-06  8.132095E-08
497  1.07746654E+01 -2.600000E+01  0.000000E+00 -6.023134E-06  5.525450E-08
498  1.09384571E+01 -2.600000E+01  0.000000E+00 -4.045684E-06  3.730218E-08
499  1.11038770E+01 -2.600000E+01  0.000000E+00 -2.700427E-06  2.502098E-08
500  1.12709306E+01 -2.600000E+01  0.000000E+00 -1.791196E-06  1.667553E-08
501  1.14396236E+01 -2.600000E+01  0.000000E+00 -1.180654E-06  1.104236E-08
502  1.16099616E+01 -2.600000E+01  0.000000E+00 -7.733393E-07  7.265278E-09
503  1.17819502E+01 -2.600000E+01  0.000000E+00 -5.033659E-07  4.749541E-09
504  1.19555947E+01 -2.600000E+01  0.000000E+00 -3.255835E-07  3.085040E-09
505  1.21309007E+01 -2.600000E+01  0.000000E+00 -2.092687E-07  1.991040E-09
506  1.23078736E+01 -2.600000E+01  0.000000E+00 -1.336619E-07  1.276761E-09
507  1.24865187E+01 -2.600000E+01  0.000000E+00 -8.483408E-08  8.134853E-10
508  1.26668413E+01 -2.600000E+01  0.000000E+00 -5.350456E-08  5.149913E-10
509  1.28488468E+01 -2.600000E+01  0.000000E+00 -3.353257E-08  3.239365E-10
510  1.30325403E+01 -2.600000E+01  0.000000E+00 -2.088316E-08  2.024553E-10
511  1.32179271E+01 -2.600000E+01  0.000000E+00 -1.292340E-08  1.257207E-10
512  1.34050123E+01 -2.600000E+01  0.000000E+00 -7.947055E-09  7.756971E-11
513  1.35938009E+01 -2.600000E+01  0.000000E+00 -4.856038E-09  4.755367E-11
514  1.37842982E+01 -2.600000E+01  0.000000E+00 -2.948505E-09  2.896552E-11
515  1.39765090E+01 -2.600000E+01  0.000000E+00 -1.778948E-09  1.753003E-11
516  1.41704384E+01 -2.600000E+01  0.000000E+00 -1.066506E-09  1.054112E-11
517  1.43660913E+01 -2.600000E+01  0.000000E+00 -6.353302E-10  6.297846E-12
518  1.45634727E+01 -2.600000E+01  0.000000E+00 -3.760705E-10  3.738495E-12
519  1.47625873E+01 -2.600000E+01  0.000000E+00 -2.211922E-10  2.204953E-12
520  1.49634400E+01 -2.600000E+01  0.000000E+00 -1.292701E-10  1.301483E-12
521  1.51660357E+01 -2.600000E+01  0.000000E+00 -7.506746E-11  7.301927E-13
