#      n =  5
#  kappa = -1
# energy = -4.89845259E+00
#     vc = -9.79770639E+00


0    3.33333333E-07 -3.457783E-02  0.000000E+00  0.000000E+00  8.663467E-04
1    3.49647637E-07 -3.627010E-02  0.000000E+00  1.528592E-08  8.663467E-04
2    3.66760365E-07 -3.804518E-02  0.000000E+00  3.131992E-08  8.259233E-04
3    3.84710587E-07 -3.990711E-02  0.000000E+00  4.813859E-08  7.873865E-04
4    4.03539288E-07 -4.186016E-02  0.000000E+00  6.578033E-08  7.506479E-04
5    4.23289455E-07 -4.390877E-02  0.000000E+00  8.428542E-08  7.156236E-04
6    4.44006180E-07 -4.605761E-02  0.000000E+00  1.036961E-07  6.822336E-04
7    4.65736762E-07 -4.831160E-02  0.000000E+00  1.240567E-07  6.504016E-04
8    4.88530813E-07 -5.067586E-02  0.000000E+00  1.454137E-07  6.200549E-04
9    5.12440372E-07 -5.315581E-02  0.000000E+00  1.678157E-07  5.911242E-04
10   5.37520026E-07 -5.575708E-02  0.000000E+00  1.913141E-07  5.635435E-04
11   5.63827030E-07 -5.848561E-02  0.000000E+00  2.159624E-07  5.372497E-04
12   5.91421442E-07 -6.134762E-02  0.000000E+00  2.418169E-07  5.121828E-04
13   6.20366258E-07 -6.434964E-02  0.000000E+00  2.689365E-07  4.882856E-04
14   6.50727557E-07 -6.749851E-02  0.000000E+00  2.973832E-07  4.655034E-04
15   6.82574648E-07 -7.080141E-02  0.000000E+00  3.272220E-07  4.437842E-04
16   7.15980234E-07 -7.426585E-02  0.000000E+00  3.585209E-07  4.230785E-04
17   7.51020574E-07 -7.789974E-02  0.000000E+00  3.913513E-07  4.033389E-04
18   7.87775655E-07 -8.171135E-02  0.000000E+00  4.257882E-07  3.845204E-04
19   8.26329380E-07 -8.570936E-02  0.000000E+00  4.619102E-07  3.665800E-04
20   8.66769757E-07 -8.990286E-02  0.000000E+00  4.997998E-07  3.494766E-04
21   9.09189096E-07 -9.430141E-02  0.000000E+00  5.395433E-07  3.331714E-04
22   9.53684227E-07 -9.891501E-02  0.000000E+00  5.812315E-07  3.176269E-04
23   1.00035671E-06 -1.037541E-01  0.000000E+00  6.249595E-07  3.028077E-04
24   1.04931309E-06 -1.088298E-01  0.000000E+00  6.708272E-07  2.886800E-04
25   1.10066509E-06 -1.141536E-01  0.000000E+00  7.189391E-07  2.752115E-04
26   1.15452994E-06 -1.197375E-01  0.000000E+00  7.694051E-07  2.623714E-04
27   1.21103058E-06 -1.255943E-01  0.000000E+00  8.223404E-07  2.501304E-04
28   1.27029595E-06 -1.317372E-01  0.000000E+00  8.778656E-07  2.384606E-04
29   1.33246134E-06 -1.381801E-01  0.000000E+00  9.361074E-07  2.273353E-04
30   1.39766861E-06 -1.449377E-01  0.000000E+00  9.971989E-07  2.167290E-04
31   1.46606660E-06 -1.520253E-01  0.000000E+00  1.061279E-06  2.066177E-04
32   1.53781139E-06 -1.594589E-01  0.000000E+00  1.128495E-06  1.969781E-04
33   1.61306673E-06 -1.672552E-01  0.000000E+00  1.198999E-06  1.877883E-04
34   1.69200436E-06 -1.754320E-01  0.000000E+00  1.272952E-06  1.790273E-04
35   1.77480441E-06 -1.840076E-01  0.000000E+00  1.350523E-06  1.706750E-04
36   1.86165585E-06 -1.930013E-01  0.000000E+00  1.431890E-06  1.627124E-04
37   1.95275687E-06 -2.024335E-01  0.000000E+00  1.517236E-06  1.551214E-04
38   2.04831535E-06 -2.123252E-01  0.000000E+00  1.606758E-06  1.478845E-04
39   2.14854934E-06 -2.226987E-01  0.000000E+00  1.700660E-06  1.409853E-04
40   2.25368757E-06 -2.335772E-01  0.000000E+00  1.799154E-06  1.344080E-04
41   2.36396993E-06 -2.449849E-01  0.000000E+00  1.902467E-06  1.281375E-04
42   2.47964806E-06 -2.569475E-01  0.000000E+00  2.010834E-06  1.221596E-04
43   2.60098589E-06 -2.694913E-01  0.000000E+00  2.124501E-06  1.164605E-04
44   2.72826027E-06 -2.826444E-01  0.000000E+00  2.243728E-06  1.110274E-04
45   2.86176158E-06 -2.964357E-01  0.000000E+00  2.368787E-06  1.058477E-04
46   3.00179440E-06 -3.108957E-01  0.000000E+00  2.499963E-06  1.009097E-04
47   3.14867820E-06 -3.260562E-01  0.000000E+00  2.637555E-06  9.620205E-05
48   3.30274807E-06 -3.419503E-01  0.000000E+00  2.781877E-06  9.171400E-05
49   3.46435549E-06 -3.586128E-01  0.000000E+00  2.933257E-06  8.743532E-05
50   3.63386912E-06 -3.760796E-01  0.000000E+00  3.092040E-06  8.335623E-05
51   3.81167564E-06 -3.943886E-01  0.000000E+00  3.258589E-06  7.946742E-05
52   3.99818063E-06 -4.135790E-01  0.000000E+00  3.433283E-06  7.576000E-05
53   4.19380952E-06 -4.336917E-01  0.000000E+00  3.616519E-06  7.222550E-05
54   4.39900851E-06 -4.547693E-01  0.000000E+00  3.808716E-06  6.885585E-05
55   4.61424564E-06 -4.768560E-01  0.000000E+00  4.010312E-06  6.564336E-05
56   4.84001179E-06 -4.999978E-01  0.000000E+00  4.221765E-06  6.258068E-05
57   5.07682188E-06 -5.242424E-01  0.000000E+00  4.443557E-06  5.966082E-05
58   5.32521596E-06 -5.496392E-01  0.000000E+00  4.676193E-06  5.687711E-05
59   5.58576050E-06 -5.762394E-01  0.000000E+00  4.920203E-06  5.422318E-05
60   5.85904964E-06 -6.040958E-01  0.000000E+00  5.176143E-06  5.169298E-05
61   6.14570659E-06 -6.332629E-01  0.000000E+00  5.444595E-06  4.928071E-05
62   6.44638497E-06 -6.637967E-01  0.000000E+00  5.726171E-06  4.698087E-05
63   6.76177038E-06 -6.957550E-01  0.000000E+00  6.021511E-06  4.478820E-05
64   7.09258191E-06 -7.291966E-01  0.000000E+00  6.331287E-06  4.269769E-05
65   7.43957379E-06 -7.641819E-01  0.000000E+00  6.656205E-06  4.070455E-05
66   7.80353710E-06 -8.007722E-01  0.000000E+00  6.997003E-06  3.880423E-05
67   8.18530160E-06 -8.390295E-01  0.000000E+00  7.354458E-06  3.699238E-05
68   8.58573754E-06 -8.790164E-01  0.000000E+00  7.729381E-06  3.526485E-05
69   9.00575775E-06 -9.207958E-01  0.000000E+00  8.122626E-06  3.361769E-05
70   9.44631962E-06 -9.644300E-01  0.000000E+00  8.535086E-06  3.204713E-05
71   9.90842731E-06 -1.009981E+00  0.000000E+00  8.967700E-06  3.054957E-05
72   1.03931341E-05 -1.057508E+00  0.000000E+00  9.421450E-06  2.912158E-05
73   1.09015445E-05 -1.107071E+00  0.000000E+00  9.897367E-06  2.775988E-05
74   1.14348174E-05 -1.158723E+00  0.000000E+00  1.039653E-05  2.646135E-05
75   1.19941678E-05 -1.212515E+00  0.000000E+00  1.092008E-05  2.522301E-05
76   1.25808704E-05 -1.268493E+00  0.000000E+00  1.146920E-05  2.404201E-05
77   1.31962621E-05 -1.326694E+00  0.000000E+00  1.204514E-05  2.291563E-05
78   1.38417448E-05 -1.387149E+00  0.000000E+00  1.264921E-05  2.184129E-05
79   1.45187893E-05 -1.449877E+00  0.000000E+00  1.328276E-05  2.081651E-05
80   1.52289378E-05 -1.514882E+00  0.000000E+00  1.394726E-05  1.983892E-05
81   1.59738082E-05 -1.582155E+00  0.000000E+00  1.464419E-05  1.890627E-05
82   1.67550971E-05 -1.651666E+00  0.000000E+00  1.537514E-05  1.801640E-05
83   1.75745841E-05 -1.723364E+00  0.000000E+00  1.614177E-05  1.716725E-05
84   1.84341356E-05 -1.797167E+00  0.000000E+00  1.694582E-05  1.635685E-05
85   1.93357090E-05 -1.872964E+00  0.000000E+00  1.778910E-05  1.558331E-05
86   2.02813575E-05 -1.950603E+00  0.000000E+00  1.867352E-05  1.484484E-05
87   2.12732344E-05 -2.029887E+00  0.000000E+00  1.960109E-05  1.413971E-05
88   2.23135980E-05 -2.110565E+00  0.000000E+00  2.057390E-05  1.346629E-05
89   2.34048169E-05 -2.192324E+00  0.000000E+00  2.159415E-05  1.282300E-05
90   2.45493754E-05 -2.274775E+00  0.000000E+00  2.266416E-05  1.220833E-05
91   2.57498787E-05 -2.357443E+00  0.000000E+00  2.378633E-05  1.162085E-05
92   2.70090596E-05 -2.439752E+00  0.000000E+00  2.496320E-05  1.105918E-05
93   2.83297837E-05 -2.521008E+00  0.000000E+00  2.619744E-05  1.052203E-05
94   2.97150567E-05 -2.600375E+00  0.000000E+00  2.749181E-05  1.000815E-05
95   3.11680309E-05 -2.676861E+00  0.000000E+00  2.884924E-05  9.516347E-06
96   3.26920124E-05 -2.749285E+00  0.000000E+00  3.027280E-05  9.045525E-06
97   3.42904684E-05 -2.816245E+00  0.000000E+00  3.176568E-05  8.595831E-06
98   3.59670352E-05 -2.876091E+00  0.000000E+00  3.333126E-05  8.150504E-06
99   3.77255266E-05 -2.926875E+00  0.000000E+00  3.497302E-05  7.615999E-06
100  3.95699422E-05 -2.966310E+00  0.000000E+00  3.669478E-05  8.609679E-06
101  4.15044766E-05 -2.991713E+00  0.000000E+00  3.850297E-05  6.508306E-06
102  4.35335291E-05 -3.000000E+00  0.000000E+00  4.039231E-05  4.354992E-06
103  4.56617131E-05 -3.000000E+00  0.000000E+00  4.237616E-05  7.038861E-06
104  4.78938670E-05 -3.000000E+00  0.000000E+00  4.446113E-05  7.022015E-06
105  5.02350653E-05 -3.000000E+00  0.000000E+00  4.664444E-05  5.427133E-06
106  5.26906293E-05 -3.000000E+00  0.000000E+00  4.893402E-05  5.269284E-06
107  5.52661399E-05 -3.000000E+00  0.000000E+00  5.133511E-05  4.983345E-06
108  5.79674498E-05 -3.000000E+00  0.000000E+00  5.385312E-05  4.696178E-06
109  6.08006968E-05 -3.000000E+00  0.000000E+00  5.649378E-05  4.421140E-06
110  6.37723177E-05 -3.000000E+00  0.000000E+00  5.926306E-05  4.156169E-06
111  6.68890629E-05 -3.000000E+00  0.000000E+00  6.216726E-05  3.900660E-06
112  7.01580112E-05 -3.000000E+00  0.000000E+00  6.521296E-05  3.654031E-06
113  7.35865865E-05 -3.000000E+00  0.000000E+00  6.840705E-05  3.415720E-06
114  7.71825737E-05 -3.000000E+00  0.000000E+00  7.175679E-05  3.185184E-06
115  8.09541371E-05 -3.000000E+00  0.000000E+00  7.526976E-05  2.961897E-06
116  8.49098379E-05 -3.000000E+00  0.000000E+00  7.895393E-05  2.745351E-06
117  8.90586544E-05 -3.000000E+00  0.000000E+00  8.281763E-05  2.535052E-06
118  9.34100015E-05 -3.000000E+00  0.000000E+00  8.686962E-05  2.330522E-06
119  9.79737522E-05 -3.000000E+00  0.000000E+00  9.111907E-05  2.131294E-06
120  1.02760260E-04 -3.000000E+00  0.000000E+00  9.557560E-05  1.936915E-06
121  1.07780381E-04 -3.000000E+00  0.000000E+00  1.002493E-04  1.746943E-06
122  1.13045501E-04 -3.000000E+00  0.000000E+00  1.051507E-04  1.560944E-06
123  1.18567557E-04 -3.000000E+00  0.000000E+00  1.102910E-04  1.378497E-06
124  1.24359069E-04 -3.000000E+00  0.000000E+00  1.156817E-04  1.199186E-06
125  1.30433164E-04 -3.000000E+00  0.000000E+00  1.213351E-04  1.022603E-06
126  1.36803607E-04 -3.000000E+00  0.000000E+00  1.272638E-04  8.483470E-07
127  1.43484832E-04 -3.000000E+00  0.000000E+00  1.334814E-04  6.760217E-07
128  1.50491974E-04 -3.000000E+00  0.000000E+00  1.400018E-04  5.052356E-07
129  1.57840904E-04 -3.000000E+00  0.000000E+00  1.468398E-04  3.356010E-07
130  1.65548262E-04 -3.000000E+00  0.000000E+00  1.540108E-04  1.667326E-07
131  1.73631499E-04 -3.000000E+00  0.000000E+00  1.615309E-04 -1.752619E-09
132  1.82108909E-04 -3.000000E+00  0.000000E+00  1.694172E-04 -1.702369E-07
133  1.90999677E-04 -3.000000E+00  0.000000E+00  1.776875E-04 -3.391024E-07
134  2.00323919E-04 -3.000000E+00  0.000000E+00  1.863603E-04 -5.087316E-07
135  2.10102725E-04 -3.000000E+00  0.000000E+00  1.954552E-04 -6.795090E-07
136  2.20358208E-04 -3.000000E+00  0.000000E+00  2.049927E-04 -8.518211E-07
137  2.31113557E-04 -3.000000E+00  0.000000E+00  2.149942E-04 -1.026058E-06
138  2.42393080E-04 -3.000000E+00  0.000000E+00  2.254823E-04 -1.202614E-06
139  2.54222266E-04 -3.000000E+00  0.000000E+00  2.364806E-04 -1.381887E-06
140  2.66627840E-04 -3.000000E+00  0.000000E+00  2.480137E-04 -1.564284E-06
141  2.79637821E-04 -3.000000E+00  0.000000E+00  2.601076E-04 -1.750216E-06
142  2.93281584E-04 -3.000000E+00  0.000000E+00  2.727894E-04 -1.940102E-06
143  3.07589928E-04 -3.000000E+00  0.000000E+00  2.860877E-04 -2.134372E-06
144  3.22595141E-04 -3.000000E+00  0.000000E+00  3.000322E-04 -2.333462E-06
145  3.38331077E-04 -3.000000E+00  0.000000E+00  3.146541E-04 -2.537822E-06
146  3.54833225E-04 -3.000000E+00  0.000000E+00  3.299864E-04 -2.747911E-06
147  3.72138791E-04 -3.000000E+00  0.000000E+00  3.460632E-04 -2.964203E-06
148  3.90286783E-04 -3.000000E+00  0.000000E+00  3.629207E-04 -3.187183E-06
149  4.09318092E-04 -3.000000E+00  0.000000E+00  3.805964E-04 -3.417352E-06
150  4.29275585E-04 -3.000000E+00  0.000000E+00  3.991299E-04 -3.655229E-06
151  4.50204203E-04 -3.000000E+00  0.000000E+00  4.185626E-04 -3.901346E-06
152  4.72151054E-04 -3.000000E+00  0.000000E+00  4.389379E-04 -4.156255E-06
153  4.95165523E-04 -3.000000E+00  0.000000E+00  4.603011E-04 -4.420527E-06
154  5.19299379E-04 -3.000000E+00  0.000000E+00  4.827000E-04 -4.694755E-06
155  5.44606887E-04 -3.000000E+00  0.000000E+00  5.061844E-04 -4.979551E-06
156  5.71144931E-04 -3.000000E+00  0.000000E+00  5.308065E-04 -5.275553E-06
157  5.98973137E-04 -3.000000E+00  0.000000E+00  5.566211E-04 -5.583422E-06
158  6.28154006E-04 -3.000000E+00  0.000000E+00  5.836855E-04 -5.903844E-06
159  6.58753050E-04 -3.000000E+00  0.000000E+00  6.120598E-04 -6.237535E-06
160  6.90838935E-04 -3.000000E+00  0.000000E+00  6.418068E-04 -6.585238E-06
161  7.24483636E-04 -3.000000E+00  0.000000E+00  6.729925E-04 -6.947728E-06
162  7.59762589E-04 -3.000000E+00  0.000000E+00  7.056858E-04 -7.325809E-06
163  7.96754860E-04 -3.000000E+00  0.000000E+00  7.399591E-04 -7.720324E-06
164  8.35543319E-04 -3.000000E+00  0.000000E+00  7.758878E-04 -8.132146E-06
165  8.76214815E-04 -3.000000E+00  0.000000E+00  8.135513E-04 -8.562190E-06
166  9.18860375E-04 -3.000000E+00  0.000000E+00  8.530326E-04 -9.011409E-06
167  9.63575394E-04 -3.000000E+00  0.000000E+00  8.944183E-04 -9.480796E-06
168  1.01045985E-03 -3.000000E+00  0.000000E+00  9.377995E-04 -9.971390E-06
169  1.05961850E-03 -3.000000E+00  0.000000E+00  9.832713E-04 -1.048427E-05
170  1.11116116E-03 -3.000000E+00  0.000000E+00  1.030933E-03 -1.102058E-05
171  1.16520288E-03 -3.000000E+00  0.000000E+00  1.080890E-03 -1.158148E-05
172  1.22186424E-03 -3.000000E+00  0.000000E+00  1.133250E-03 -1.216823E-05
173  1.28127157E-03 -3.000000E+00  0.000000E+00  1.188127E-03 -1.278209E-05
174  1.34355727E-03 -3.000000E+00  0.000000E+00  1.245642E-03 -1.342443E-05
175  1.40886006E-03 -3.000000E+00  0.000000E+00  1.305919E-03 -1.409665E-05
176  1.47732531E-03 -3.000000E+00  0.000000E+00  1.369089E-03 -1.480023E-05
177  1.54910530E-03 -3.000000E+00  0.000000E+00  1.435288E-03 -1.553669E-05
178  1.62435963E-03 -3.000000E+00  0.000000E+00  1.504660E-03 -1.630764E-05
179  1.70325547E-03 -3.000000E+00  0.000000E+00  1.577355E-03 -1.711477E-05
180  1.78596799E-03 -3.000000E+00  0.000000E+00  1.653528E-03 -1.795983E-05
181  1.87268070E-03 -3.000000E+00  0.000000E+00  1.733343E-03 -1.884465E-05
182  1.96358586E-03 -3.000000E+00  0.000000E+00  1.816971E-03 -1.977115E-05
183  2.05888488E-03 -3.000000E+00  0.000000E+00  1.904592E-03 -2.074133E-05
184  2.15878874E-03 -3.000000E+00  0.000000E+00  1.996390E-03 -2.175730E-05
185  2.26351846E-03 -3.000000E+00  0.000000E+00  2.092563E-03 -2.282123E-05
186  2.37330556E-03 -3.000000E+00  0.000000E+00  2.193314E-03 -2.393541E-05
187  2.48839255E-03 -3.000000E+00  0.000000E+00  2.298855E-03 -2.510224E-05
188  2.60903343E-03 -3.000000E+00  0.000000E+00  2.409409E-03 -2.632420E-05
189  2.73549428E-03 -3.000000E+00  0.000000E+00  2.525209E-03 -2.760392E-05
190  2.86805372E-03 -3.000000E+00  0.000000E+00  2.646496E-03 -2.894411E-05
191  3.00700362E-03 -3.000000E+00  0.000000E+00  2.773525E-03 -3.034762E-05
192  3.15264962E-03 -3.000000E+00  0.000000E+00  2.906560E-03 -3.181743E-05
193  3.30531180E-03 -3.000000E+00  0.000000E+00  3.045875E-03 -3.335664E-05
194  3.46532535E-03 -3.000000E+00  0.000000E+00  3.191759E-03 -3.496849E-05
195  3.63304130E-03 -3.000000E+00  0.000000E+00  3.344512E-03 -3.665638E-05
196  3.80882718E-03 -3.000000E+00  0.000000E+00  3.504446E-03 -3.842382E-05
197  3.99306786E-03 -3.000000E+00  0.000000E+00  3.671888E-03 -4.027452E-05
198  4.18616631E-03 -3.000000E+00  0.000000E+00  3.847177E-03 -4.221233E-05
199  4.38854442E-03 -3.000000E+00  0.000000E+00  4.030667E-03 -4.424125E-05
200  4.60064390E-03 -3.000000E+00  0.000000E+00  4.222726E-03 -4.636548E-05
201  4.82292718E-03 -3.000000E+00  0.000000E+00  4.423739E-03 -4.858938E-05
202  5.05587836E-03 -3.000000E+00  0.000000E+00  4.634105E-03 -5.091753E-05
203  5.30000420E-03 -3.000000E+00  0.000000E+00  4.854240E-03 -5.335465E-05
204  5.55583515E-03 -3.000000E+00  0.000000E+00  5.084576E-03 -5.590572E-05
205  5.82392645E-03 -3.000000E+00  0.000000E+00  5.325561E-03 -5.857587E-05
206  6.10485921E-03 -3.000000E+00  0.000000E+00  5.577664E-03 -6.137049E-05
207  6.39924167E-03 -3.000000E+00  0.000000E+00  5.841370E-03 -6.429518E-05
208  6.70771036E-03 -3.000000E+00  0.000000E+00  6.117181E-03 -6.735575E-05
209  7.03093138E-03 -3.000000E+00  0.000000E+00  6.405622E-03 -7.055827E-05
210  7.36960181E-03 -3.000000E+00  0.000000E+00  6.707233E-03 -7.390905E-05
211  7.72445102E-03 -3.000000E+00  0.000000E+00  7.022578E-03 -7.741464E-05
212  8.09624218E-03 -3.000000E+00  0.000000E+00  7.352238E-03 -8.108188E-05
213  8.48577375E-03 -3.000000E+00  0.000000E+00  7.696817E-03 -8.491784E-05
214  8.89388110E-03 -3.000000E+00  0.000000E+00  8.056939E-03 -8.892989E-05
215  9.32143811E-03 -3.000000E+00  0.000000E+00  8.433249E-03 -9.312567E-05
216  9.76935893E-03 -3.000000E+00  0.000000E+00  8.826413E-03 -9.751312E-05
217  1.02385998E-02 -3.000000E+00  0.000000E+00  9.237121E-03 -1.021005E-04
218  1.07301607E-02 -3.000000E+00  0.000000E+00  9.666082E-03 -1.068963E-04
219  1.12450878E-02 -3.000000E+00  0.000000E+00  1.011403E-02 -1.119094E-04
220  1.17844749E-02 -3.000000E+00  0.000000E+00  1.058171E-02 -1.171489E-04
221  1.23494659E-02 -3.000000E+00  0.000000E+00  1.106992E-02 -1.226243E-04
222  1.29412570E-02 -3.000000E+00  0.000000E+00  1.157943E-02 -1.283455E-04
223  1.35610987E-02 -3.000000E+00  0.000000E+00  1.211107E-02 -1.343226E-04
224  1.42102987E-02 -3.000000E+00  0.000000E+00  1.266569E-02 -1.405660E-04
225  1.48902237E-02 -3.000000E+00  0.000000E+00  1.324413E-02 -1.470866E-04
226  1.56023028E-02 -3.000000E+00  0.000000E+00  1.384727E-02 -1.538955E-04
227  1.63480293E-02 -3.000000E+00  0.000000E+00  1.447602E-02 -1.610042E-04
228  1.71289645E-02 -3.000000E+00  0.000000E+00  1.513128E-02 -1.684246E-04
229  1.79467395E-02 -3.000000E+00  0.000000E+00  1.581398E-02 -1.761688E-04
230  1.88030593E-02 -3.000000E+00  0.000000E+00  1.652507E-02 -1.842493E-04
231  1.96997052E-02 -3.000000E+00  0.000000E+00  1.726550E-02 -1.926789E-04
232  2.06385383E-02 -3.000000E+00  0.000000E+00  1.803623E-02 -2.014708E-04
233  2.16215032E-02 -3.000000E+00  0.000000E+00  1.883823E-02 -2.106385E-04
234  2.26506310E-02 -3.000000E+00  0.000000E+00  1.967249E-02 -2.201957E-04
235  2.37280434E-02 -3.000000E+00  0.000000E+00  2.053997E-02 -2.301565E-04
236  2.48559563E-02 -3.000000E+00  0.000000E+00  2.144165E-02 -2.405352E-04
237  2.60366840E-02 -3.000000E+00  0.000000E+00  2.237849E-02 -2.513463E-04
238  2.72726429E-02 -3.000000E+00  0.000000E+00  2.335146E-02 -2.626047E-04
239  2.85663563E-02 -3.000000E+00  0.000000E+00  2.436149E-02 -2.743254E-04
240  2.99204584E-02 -3.000000E+00  0.000000E+00  2.540950E-02 -2.865234E-04
241  3.13376991E-02 -3.000000E+00  0.000000E+00  2.649638E-02 -2.992140E-04
242  3.28209489E-02 -3.000000E+00  0.000000E+00  2.762297E-02 -3.124127E-04
243  3.43732033E-02 -3.000000E+00  0.000000E+00  2.879008E-02 -3.261347E-04
244  3.59975887E-02 -3.000000E+00  0.000000E+00  2.999848E-02 -3.403955E-04
245  3.76973673E-02 -3.000000E+00  0.000000E+00  3.124886E-02 -3.552104E-04
246  3.94759424E-02 -3.000000E+00  0.000000E+00  3.254183E-02 -3.705945E-04
247  4.13368645E-02 -3.000000E+00  0.000000E+00  3.387794E-02 -3.865628E-04
248  4.32838373E-02 -3.000000E+00  0.000000E+00  3.525764E-02 -4.031298E-04
249  4.53207231E-02 -3.000000E+00  0.000000E+00  3.668126E-02 -4.203099E-04
250  4.74515499E-02 -3.000000E+00  0.000000E+00  3.814902E-02 -4.381168E-04
251  4.96805178E-02 -3.000000E+00  0.000000E+00  3.966099E-02 -4.565636E-04
252  5.20120053E-02 -3.000000E+00  0.000000E+00  4.121710E-02 -4.756628E-04
253  5.44505768E-02 -3.000000E+00  0.000000E+00  4.281709E-02 -4.954259E-04
254  5.70009897E-02 -3.000000E+00  0.000000E+00  4.446053E-02 -5.158636E-04
255  5.96682018E-02 -3.000000E+00  0.000000E+00  4.614677E-02 -5.369853E-04
256  6.24573791E-02 -3.000000E+00  0.000000E+00  4.787491E-02 -5.587991E-04
257  6.53739038E-02 -3.000000E+00  0.000000E+00  4.964381E-02 -5.813116E-04
258  6.84233823E-02 -3.000000E+00  0.000000E+00  5.145205E-02 -6.045278E-04
259  7.16116541E-02 -3.000000E+00  0.000000E+00  5.329789E-02 -6.284507E-04
260  7.49448002E-02 -3.000000E+00  0.000000E+00  5.517926E-02 -6.530812E-04
261  7.84291522E-02 -3.000000E+00  0.000000E+00  5.709373E-02 -6.784179E-04
262  8.20713019E-02 -3.000000E+00  0.000000E+00  5.903847E-02 -7.044566E-04
263  8.58781104E-02 -3.000000E+00  0.000000E+00  6.101021E-02 -7.311903E-04
264  8.98567184E-02 -3.000000E+00  0.000000E+00  6.300525E-02 -7.586089E-04
265  9.40145560E-02 -3.000000E+00  0.000000E+00  6.501937E-02 -7.866988E-04
266  9.83593534E-02 -3.000000E+00  0.000000E+00  6.704783E-02 -8.154423E-04
267  1.02899152E-01 -3.000000E+00  0.000000E+00  6.908532E-02 -8.448179E-04
268  1.07642314E-01 -3.000000E+00  0.000000E+00  7.112594E-02 -8.747993E-04
269  1.12597535E-01 -3.000000E+00  0.000000E+00  7.316313E-02 -9.053555E-04
270  1.17773857E-01 -3.000000E+00  0.000000E+00  7.518967E-02 -9.364503E-04
271  1.23180677E-01 -3.000000E+00  0.000000E+00  7.719763E-02 -9.680415E-04
272  1.28827761E-01 -3.000000E+00  0.000000E+00  7.917832E-02 -1.000081E-03
273  1.34725258E-01 -3.000000E+00  0.000000E+00  8.112228E-02 -1.032515E-03
274  1.40883711E-01 -3.000000E+00  0.000000E+00  8.301924E-02 -1.065281E-03
275  1.47314070E-01 -3.000000E+00  0.000000E+00  8.485806E-02 -1.098310E-03
276  1.54027706E-01 -3.000000E+00  0.000000E+00  8.662675E-02 -1.131527E-03
277  1.61036428E-01 -3.000000E+00  0.000000E+00  8.831243E-02 -1.164846E-03
278  1.68352490E-01 -3.000000E+00  0.000000E+00  8.990130E-02 -1.198174E-03
279  1.75988613E-01 -3.000000E+00  0.000000E+00  9.137865E-02 -1.231408E-03
280  1.83957995E-01 -3.000000E+00  0.000000E+00  9.272884E-02 -1.264438E-03
281  1.92274328E-01 -3.000000E+00  0.000000E+00  9.393530E-02 -1.297141E-03
282  2.00951813E-01 -3.000000E+00  0.000000E+00  9.498058E-02 -1.329386E-03
283  2.10005176E-01 -3.000000E+00  0.000000E+00  9.584633E-02 -1.361032E-03
284  2.19449681E-01 -3.000000E+00  0.000000E+00  9.651337E-02 -1.391926E-03
285  2.29301153E-01 -3.000000E+00  0.000000E+00  9.696173E-02 -1.421906E-03
286  2.39575987E-01 -3.000000E+00  0.000000E+00  9.717074E-02 -1.450797E-03
287  2.50291171E-01 -3.000000E+00  0.000000E+00  9.711908E-02 -1.478416E-03
288  2.61464298E-01 -3.000000E+00  0.000000E+00  9.678494E-02 -1.504568E-03
289  2.73113587E-01 -3.000000E+00  0.000000E+00  9.614608E-02 -1.529047E-03
290  2.85257899E-01 -3.000000E+00  0.000000E+00  9.518007E-02 -1.551640E-03
291  2.97916756E-01 -3.000000E+00  0.000000E+00  9.386440E-02 -1.572120E-03
292  3.11110356E-01 -3.000000E+00  0.000000E+00  9.217670E-02 -1.590256E-03
293  3.24859595E-01 -3.000000E+00  0.000000E+00  9.009503E-02 -1.605806E-03
294  3.39186086E-01 -3.000000E+00  0.000000E+00  8.759805E-02 -1.618523E-03
295  3.54112172E-01 -3.000000E+00  0.000000E+00  8.466542E-02 -1.628152E-03
296  3.69660951E-01 -3.000000E+00  0.000000E+00  8.127806E-02 -1.634437E-03
297  3.85856293E-01 -3.000000E+00  0.000000E+00  7.741855E-02 -1.637118E-03
298  4.02722856E-01 -3.000000E+00  0.000000E+00  7.307151E-02 -1.635935E-03
299  4.20286113E-01 -3.000000E+00  0.000000E+00  6.822404E-02 -1.630631E-03
300  4.38572361E-01 -3.000000E+00  0.000000E+00  6.286619E-02 -1.620951E-03
301  4.57608750E-01 -3.000000E+00  0.000000E+00  5.699142E-02 -1.606652E-03
302  4.77423298E-01 -3.000000E+00  0.000000E+00  5.059718E-02 -1.587496E-03
303  4.98044909E-01 -3.000000E+00  0.000000E+00  4.368538E-02 -1.563265E-03
304  5.19503397E-01 -3.000000E+00  0.000000E+00  3.626298E-02 -1.533753E-03
305  5.41829504E-01 -3.000000E+00  0.000000E+00  2.834258E-02 -1.498779E-03
306  5.65054916E-01 -3.000000E+00  0.000000E+00  1.994294E-02 -1.458189E-03
307  5.89212290E-01 -3.000000E+00  0.000000E+00  1.108959E-02 -1.411856E-03
308  6.14335264E-01 -3.000000E+00  0.000000E+00  1.815352E-03 -1.359690E-03
309  6.40458486E-01 -3.000000E+00  0.000000E+00 -7.839160E-03 -1.301642E-03
310  6.67617627E-01 -3.000000E+00  0.000000E+00 -1.782504E-02 -1.237706E-03
311  6.95849401E-01 -3.000000E+00  0.000000E+00 -2.808472E-02 -1.167925E-03
312  7.25191585E-01 -3.000000E+00  0.000000E+00 -3.855161E-02 -1.092400E-03
313  7.55683039E-01 -3.000000E+00  0.000000E+00 -4.914991E-02 -1.011287E-03
314  7.87363721E-01 -3.000000E+00  0.000000E+00 -5.979446E-02 -9.248077E-04
315  8.20274708E-01 -3.000000E+00  0.000000E+00 -7.039084E-02 -8.332521E-04
316  8.54458212E-01 -3.000000E+00  0.000000E+00 -8.083551E-02 -7.369804E-04
317  8.89957599E-01 -3.000000E+00  0.000000E+00 -9.101623E-02 -6.364276E-04
318  9.26817405E-01 -3.000000E+00  0.000000E+00 -1.008127E-01 -5.321051E-04
319  9.65083355E-01 -3.000000E+00  0.000000E+00 -1.100973E-01 -4.246024E-04
320  1.00480237E+00 -3.000000E+00  0.000000E+00 -1.187361E-01 -3.145871E-04
321  1.04602261E+00 -3.000000E+00  0.000000E+00 -1.265907E-01 -2.028039E-04
322  1.08879344E+00 -3.000000E+00  0.000000E+00 -1.335192E-01 -9.007242E-05
323  1.13316551E+00 -3.000000E+00  0.000000E+00 -1.393784E-01  2.271646E-05
324  1.17919069E+00 -3.000000E+00  0.000000E+00 -1.440263E-01  1.346064E-04
325  1.22692217E+00 -3.000000E+00  0.000000E+00 -1.473241E-01  2.445827E-04
326  1.27641441E+00 -3.000000E+00  0.000000E+00 -1.491394E-01  3.515811E-04
327  1.32772317E+00 -3.000000E+00  0.000000E+00 -1.493490E-01  4.544994E-04
328  1.38090554E+00 -3.000000E+00  0.000000E+00 -1.478424E-01  5.522095E-04
329  1.43601991E+00 -3.000000E+00  0.000000E+00 -1.445250E-01  6.435731E-04
330  1.49312604E+00 -3.000000E+00  0.000000E+00 -1.393219E-01  7.274577E-04
331  1.55228501E+00 -3.000000E+00  0.000000E+00 -1.321814E-01  8.027552E-04
332  1.61355926E+00 -3.000000E+00  0.000000E+00 -1.230787E-01  8.684021E-04
333  1.67701259E+00 -3.000000E+00  0.000000E+00 -1.120192E-01  9.234003E-04
334  1.74271019E+00 -3.000000E+00  0.000000E+00 -9.904209E-02  9.668392E-04
335  1.81071859E+00 -3.000000E+00  0.000000E+00 -8.422304E-02  9.979188E-04
336  1.88110572E+00 -3.000000E+00  0.000000E+00 -6.767670E-02  1.015972E-03
337  1.95394091E+00 -3.000000E+00  0.000000E+00 -4.955856E-02  1.020488E-03
338  2.02929485E+00 -3.000000E+00  0.000000E+00 -3.006611E-02  1.011130E-03
339  2.10723965E+00 -3.000000E+00  0.000000E+00 -9.439004E-03  9.877626E-04
340  2.18784878E+00 -3.000000E+00  0.000000E+00  1.204162E-02  9.504592E-04
341  2.27119713E+00 -3.000000E+00  0.000000E+00  3.405504E-02  8.995235E-04
342  2.35736097E+00 -3.000000E+00  0.000000E+00  5.624401E-02  8.354974E-04
343  2.44641797E+00 -3.000000E+00  0.000000E+00  7.821916E-02  7.591667E-04
344  2.53844720E+00 -3.000000E+00  0.000000E+00  9.956463E-02  6.715632E-04
345  2.63352908E+00 -3.000000E+00  0.000000E+00  1.198451E-01  5.739591E-04
346  2.73174544E+00 -3.000000E+00  0.000000E+00  1.386143E-01  4.678569E-04
347  2.83317949E+00 -3.000000E+00  0.000000E+00  1.554241E-01  3.549722E-04
348  2.93791581E+00 -3.000000E+00  0.000000E+00  1.698356E-01  2.372097E-04
349  3.04604031E+00 -3.000000E+00  0.000000E+00  1.814306E-01  1.166337E-04
350  3.15764031E+00 -3.000000E+00  0.000000E+00  1.898232E-01 -4.568569E-06
351  3.27280442E+00 -3.000000E+00  0.000000E+00  1.946730E-01 -1.241292E-04
352  3.39162262E+00 -3.000000E+00  0.000000E+00  1.956972E-01 -2.397467E-04
353  3.51418621E+00 -3.000000E+00  0.000000E+00  1.926825E-01 -3.491373E-04
354  3.64058779E+00 -3.000000E+00  0.000000E+00  1.854966E-01 -4.500891E-04
355  3.77092126E+00 -3.000000E+00  0.000000E+00  1.740981E-01 -5.405180E-04
356  3.90528182E+00 -3.000000E+00  0.000000E+00  1.585444E-01 -6.185234E-04
357  4.04376591E+00 -3.000000E+00  0.000000E+00  1.389979E-01 -6.824419E-04
358  4.18647125E+00 -3.000000E+00  0.000000E+00  1.157292E-01 -7.308978E-04
359  4.33349679E+00 -3.000000E+00  0.000000E+00  8.911755E-02 -7.628477E-04
360  4.48494267E+00 -3.000000E+00  0.000000E+00  5.964793E-02 -7.776184E-04
361  4.64091027E+00 -3.000000E+00  0.000000E+00  2.790462E-02 -7.749352E-04
362  4.80150213E+00 -3.000000E+00  0.000000E+00 -5.438617E-03 -7.549404E-04
363  4.96682194E+00 -3.000000E+00  0.000000E+00 -3.963204E-02 -7.181996E-04
364  5.13697454E+00 -3.000000E+00  0.000000E+00 -7.386660E-02 -6.656964E-04
365  5.31206588E+00 -3.000000E+00  0.000000E+00 -1.072937E-01 -5.988131E-04
366  5.49220302E+00 -3.000000E+00  0.000000E+00 -1.390474E-01 -5.192991E-04
367  5.67749406E+00 -3.000000E+00  0.000000E+00 -1.682684E-01 -4.292276E-04
368  5.86804816E+00 -3.000000E+00  0.000000E+00 -1.941296E-01 -3.309394E-04
369  6.06397552E+00 -3.000000E+00  0.000000E+00 -2.158615E-01 -2.269784E-04
370  6.26538731E+00 -3.000000E+00  0.000000E+00 -2.327769E-01 -1.200186E-04
371  6.47239568E+00 -3.000000E+00  0.000000E+00 -2.442948E-01 -1.278562E-05
372  6.68511372E+00 -3.000000E+00  0.000000E+00 -2.499610E-01  9.202394E-05
373  6.90365544E+00 -3.000000E+00  0.000000E+00 -2.494654E-01  1.918236E-04
374  7.12813574E+00 -3.000000E+00  0.000000E+00 -2.426558E-01  2.842142E-04
375  7.35867039E+00 -3.000000E+00  0.000000E+00 -2.295457E-01  3.670558E-04
376  7.59537597E+00 -3.000000E+00  0.000000E+00 -2.103176E-01  4.385293E-04
377  7.83836989E+00 -3.000000E+00  0.000000E+00 -1.853201E-01  4.971884E-04
378  8.08777033E+00 -3.000000E+00  0.000000E+00 -1.550596E-01  5.419965E-04
379  8.34369620E+00 -3.000000E+00  0.000000E+00 -1.201863E-01  5.723498E-04
380  8.60626716E+00 -3.000000E+00  0.000000E+00 -8.147458E-02  5.880845E-04
381  8.87560352E+00 -3.000000E+00  0.000000E+00 -3.980010E-02  5.894676E-04
382  9.15182629E+00 -3.000000E+00  0.000000E+00  3.887999E-03  5.771736E-04
383  9.43505707E+00 -3.000000E+00  0.000000E+00  4.859669E-02  5.522459E-04
384  9.72541809E+00 -3.000000E+00  0.000000E+00  9.332021E-02  5.160467E-04
385  1.00230321E+01 -3.000000E+00  0.000000E+00  1.370714E-01  4.701968E-04
386  1.03280225E+01 -3.000000E+00  0.000000E+00  1.789119E-01  4.165087E-04
387  1.06405130E+01 -3.000000E+00  0.000000E+00  2.179799E-01  3.569149E-04
388  1.09606280E+01 -3.000000E+00  0.000000E+00  2.535150E-01  2.933960E-04
389  1.12884923E+01 -3.000000E+00  0.000000E+00  2.848780E-01  2.279101E-04
390  1.16242309E+01 -3.000000E+00  0.000000E+00  3.115662E-01  1.623283E-04
391  1.19679696E+01 -3.000000E+00  0.000000E+00  3.332231E-01  9.837633E-05
392  1.23198341E+01 -3.000000E+00  0.000000E+00  3.496425E-01  3.758687E-05
393  1.26799507E+01 -3.000000E+00  0.000000E+00  3.607667E-01 -1.873755E-05
394  1.30484461E+01 -3.000000E+00  0.000000E+00  3.666797E-01 -6.955131E-05
395  1.34254469E+01 -3.000000E+00  0.000000E+00  3.675955E-01 -1.140780E-04
396  1.38110803E+01 -3.000000E+00  0.000000E+00  3.638424E-01 -1.518113E-04
397  1.42054735E+01 -3.000000E+00  0.000000E+00  3.558444E-01 -1.825070E-04
398  1.46087540E+01 -3.000000E+00  0.000000E+00  3.441004E-01 -2.061641E-04
399  1.50210494E+01 -3.000000E+00  0.000000E+00  3.291621E-01 -2.229979E-04
400  1.54424874E+01 -3.000000E+00  0.000000E+00  3.116121E-01 -2.334083E-04
401  1.58731958E+01 -3.000000E+00  0.000000E+00  2.920427E-01 -2.379431E-04
402  1.63133026E+01 -3.000000E+00  0.000000E+00  2.710365E-01 -2.372606E-04
403  1.67629358E+01 -3.000000E+00  0.000000E+00  2.491489E-01 -2.320918E-04
404  1.72222232E+01 -3.000000E+00  0.000000E+00  2.268942E-01 -2.232041E-04
405  1.76912929E+01 -3.000000E+00  0.000000E+00  2.047341E-01 -2.113695E-04
406  1.81702728E+01 -3.000000E+00  0.000000E+00  1.830695E-01 -1.973353E-04
407  1.86592908E+01 -3.000000E+00  0.000000E+00  1.622362E-01 -1.818015E-04
408  1.91584746E+01 -3.000000E+00  0.000000E+00  1.425031E-01 -1.654027E-04
409  1.96679521E+01 -3.000000E+00  0.000000E+00  1.240726E-01 -1.486955E-04
410  2.01878507E+01 -3.000000E+00  0.000000E+00  1.070848E-01 -1.321513E-04
411  2.07182978E+01 -3.000000E+00  0.000000E+00  9.162192E-02 -1.161537E-04
412  2.12594208E+01 -3.000000E+00  0.000000E+00  7.771499E-02 -1.010004E-04
413  2.18113466E+01 -3.000000E+00  0.000000E+00  6.535135E-02 -8.690713E-05
414  2.23742021E+01 -3.000000E+00  0.000000E+00  5.448231E-02 -7.401607E-05
415  2.29481138E+01 -3.000000E+00  0.000000E+00  4.503097E-02 -6.240417E-05
416  2.35332082E+01 -3.000000E+00  0.000000E+00  3.689968E-02 -5.209350E-05
417  2.41296112E+01 -3.000000E+00  0.000000E+00  2.997698E-02 -4.306158E-05
418  2.47374486E+01 -3.000000E+00  0.000000E+00  2.414365E-02 -3.525149E-05
419  2.53568458E+01 -3.000000E+00  0.000000E+00  1.927800E-02 -2.858133E-05
420  2.59879279E+01 -3.000000E+00  0.000000E+00  1.526010E-02 -2.295274E-05
421  2.66308198E+01 -3.000000E+00  0.000000E+00  1.197512E-02 -1.825816E-05
422  2.72856456E+01 -3.000000E+00  0.000000E+00  9.315766E-03 -1.438695E-05
423  2.79525295E+01 -3.000000E+00  0.000000E+00  7.183924E-03 -1.123010E-05
424  2.86315949E+01 -3.000000E+00  0.000000E+00  5.491565E-03 -8.683825E-06
425  2.93229651E+01 -3.000000E+00  0.000000E+00  4.161095E-03 -6.652093E-06
426  3.00267628E+01 -3.000000E+00  0.000000E+00  3.125225E-03 -5.048110E-06
427  3.07431102E+01 -3.000000E+00  0.000000E+00  2.326489E-03 -3.795101E-06
428  3.14721291E+01 -3.000000E+00  0.000000E+00  1.716525E-03 -2.826445E-06
429  3.22139409E+01 -3.000000E+00  0.000000E+00  1.255196E-03 -2.085340E-06
430  3.29686664E+01 -3.000000E+00  0.000000E+00  9.096347E-04 -1.524147E-06
431  3.37364259E+01 -3.000000E+00  0.000000E+00  6.532780E-04 -1.103528E-06
432  3.45173392E+01 -3.000000E+00  0.000000E+00  4.649279E-04 -7.914768E-07
433  3.53115256E+01 -3.000000E+00  0.000000E+00  3.278765E-04 -5.623167E-07
434  3.61191039E+01 -3.000000E+00  0.000000E+00  2.291143E-04 -3.957316E-07
435  3.69401922E+01 -3.000000E+00  0.000000E+00  1.586320E-04 -2.758579E-07
436  3.77749081E+01 -3.000000E+00  0.000000E+00  1.088193E-04 -1.904678E-07
437  3.86233688E+01 -3.000000E+00  0.000000E+00  7.395646E-05 -1.302553E-07
438  3.94856906E+01 -3.000000E+00  0.000000E+00  4.979442E-05 -8.822507E-08
439  4.03619896E+01 -3.000000E+00  0.000000E+00  3.321223E-05 -5.918283E-08
440  4.12523808E+01 -3.000000E+00  0.000000E+00  2.194353E-05 -3.931791E-08
441  4.21569792E+01 -3.000000E+00  0.000000E+00  1.436099E-05 -2.586779E-08
442  4.30758986E+01 -3.000000E+00  0.000000E+00  9.309143E-06 -1.685330E-08
443  4.40092526E+01 -3.000000E+00  0.000000E+00  5.976684E-06 -1.087301E-08
444  4.49571540E+01 -3.000000E+00  0.000000E+00  3.800266E-06 -6.946010E-09
445  4.59197149E+01 -3.000000E+00  0.000000E+00  2.393031E-06 -4.393628E-09
446  4.68970470E+01 -3.000000E+00  0.000000E+00  1.492248E-06 -2.751657E-09
447  4.78892610E+01 -3.000000E+00  0.000000E+00  9.214448E-07 -1.706198E-09
448  4.88964673E+01 -3.000000E+00  0.000000E+00  5.633922E-07 -1.047391E-09
449  4.99187754E+01 -3.000000E+00  0.000000E+00  3.410696E-07 -6.365211E-10
450  5.09562943E+01 -3.000000E+00  0.000000E+00  2.044292E-07 -3.829316E-10
451  5.20091322E+01 -3.000000E+00  0.000000E+00  1.213076E-07 -2.280415E-10
452  5.30773967E+01 -3.000000E+00  0.000000E+00  7.126160E-08 -1.344220E-10
453  5.41611947E+01 -3.000000E+00  0.000000E+00  4.144030E-08 -7.842780E-11
454  5.52606326E+01 -3.000000E+00  0.000000E+00  2.385433E-08 -4.528892E-11
455  5.63758158E+01 -3.000000E+00  0.000000E+00  1.359145E-08 -2.588305E-11
456  5.75068492E+01 -3.000000E+00  0.000000E+00  7.664709E-09 -1.463926E-11
457  5.86538371E+01 -3.000000E+00  0.000000E+00  4.277939E-09 -8.193744E-12
458  5.98168830E+01 -3.000000E+00  0.000000E+00  2.362978E-09 -4.538200E-12
459  6.09960896E+01 -3.000000E+00  0.000000E+00  1.291660E-09 -2.487148E-12
460  6.21915592E+01 -3.000000E+00  0.000000E+00  6.986789E-10 -1.348699E-12
461  6.34033932E+01 -3.000000E+00  0.000000E+00  3.739603E-10 -7.236067E-13
462  6.46316923E+01 -3.000000E+00  0.000000E+00  1.980474E-10 -3.896222E-13
463  6.58765566E+01 -3.000000E+00  0.000000E+00  1.037734E-10 -1.885084E-13
