#      n =  9
#  kappa = -1
# energy = -1.05403952E+02
#     vc = -1.42134192E+09


0    4.00000000E-08 -1.739341E-02  0.000000E+00  0.000000E+00 -1.215190E+01
1    4.19498778E-08 -1.824129E-02  0.000000E+00 -8.566182E-05 -1.215190E+01
2    4.39948008E-08 -1.913049E-02  0.000000E+00 -1.754992E-04 -1.158706E+01
3    4.61394014E-08 -2.006304E-02  0.000000E+00 -2.697155E-04 -1.104848E+01
4    4.83885378E-08 -2.104104E-02  0.000000E+00 -3.685243E-04 -1.053494E+01
5    5.07473051E-08 -2.206672E-02  0.000000E+00 -4.721494E-04 -1.004527E+01
6    5.32210466E-08 -2.314239E-02  0.000000E+00 -5.808256E-04 -9.578361E+00
7    5.58153658E-08 -2.427049E-02  0.000000E+00 -6.947989E-04 -9.133155E+00
8    5.85361397E-08 -2.545357E-02  0.000000E+00 -8.143277E-04 -8.708644E+00
9    6.13895313E-08 -2.669433E-02  0.000000E+00 -9.396826E-04 -8.303865E+00
10   6.43820042E-08 -2.799556E-02  0.000000E+00 -1.071148E-03 -7.917902E+00
11   6.75203366E-08 -2.936022E-02  0.000000E+00 -1.209020E-03 -7.549879E+00
12   7.08116375E-08 -3.079139E-02  0.000000E+00 -1.353613E-03 -7.198963E+00
13   7.42633619E-08 -3.229232E-02  0.000000E+00 -1.505254E-03 -6.864359E+00
14   7.78833283E-08 -3.386641E-02  0.000000E+00 -1.664286E-03 -6.545308E+00
15   8.16797361E-08 -3.551722E-02  0.000000E+00 -1.831070E-03 -6.241087E+00
16   8.56611842E-08 -3.724849E-02  0.000000E+00 -2.005982E-03 -5.951007E+00
17   8.98366905E-08 -3.906415E-02  0.000000E+00 -2.189420E-03 -5.674411E+00
18   9.42157124E-08 -4.096830E-02  0.000000E+00 -2.381799E-03 -5.410672E+00
19   9.88081680E-08 -4.296526E-02  0.000000E+00 -2.583554E-03 -5.159192E+00
20   1.03624459E-07 -4.505955E-02  0.000000E+00 -2.795143E-03 -4.919401E+00
21   1.08675493E-07 -4.725591E-02  0.000000E+00 -3.017044E-03 -4.690756E+00
22   1.13972710E-07 -4.955933E-02  0.000000E+00 -3.249761E-03 -4.472739E+00
23   1.19528107E-07 -5.197500E-02  0.000000E+00 -3.493820E-03 -4.264856E+00
24   1.25354266E-07 -5.450842E-02  0.000000E+00 -3.749774E-03 -4.066636E+00
25   1.31464381E-07 -5.716531E-02  0.000000E+00 -4.018203E-03 -3.877630E+00
26   1.37872290E-07 -5.995168E-02  0.000000E+00 -4.299714E-03 -3.697408E+00
27   1.44592504E-07 -6.287386E-02  0.000000E+00 -4.594946E-03 -3.525564E+00
28   1.51640242E-07 -6.593846E-02  0.000000E+00 -4.904566E-03 -3.361707E+00
29   1.59031464E-07 -6.915241E-02  0.000000E+00 -5.229276E-03 -3.205467E+00
30   1.66782907E-07 -7.252300E-02  0.000000E+00 -5.569812E-03 -3.056488E+00
31   1.74912124E-07 -7.605786E-02  0.000000E+00 -5.926943E-03 -2.914435E+00
32   1.83437523E-07 -7.976499E-02  0.000000E+00 -6.301480E-03 -2.778984E+00
33   1.92378409E-07 -8.365278E-02  0.000000E+00 -6.694270E-03 -2.649829E+00
34   2.01755027E-07 -8.773004E-02  0.000000E+00 -7.106202E-03 -2.526677E+00
35   2.11588608E-07 -9.200601E-02  0.000000E+00 -7.538210E-03 -2.409249E+00
36   2.21901419E-07 -9.649035E-02  0.000000E+00 -7.991271E-03 -2.297280E+00
37   2.32716808E-07 -1.011932E-01  0.000000E+00 -8.466411E-03 -2.190515E+00
38   2.44059263E-07 -1.061253E-01  0.000000E+00 -8.964706E-03 -2.088712E+00
39   2.55954466E-07 -1.112977E-01  0.000000E+00 -9.487284E-03 -1.991641E+00
40   2.68429346E-07 -1.167222E-01  0.000000E+00 -1.003533E-02 -1.899082E+00
41   2.81512147E-07 -1.224110E-01  0.000000E+00 -1.061008E-02 -1.810824E+00
42   2.95232487E-07 -1.283770E-01  0.000000E+00 -1.121284E-02 -1.726669E+00
43   3.09621427E-07 -1.346337E-01  0.000000E+00 -1.184497E-02 -1.646426E+00
44   3.24711540E-07 -1.411954E-01  0.000000E+00 -1.250791E-02 -1.569912E+00
45   3.40536987E-07 -1.480767E-01  0.000000E+00 -1.320315E-02 -1.496954E+00
46   3.57133592E-07 -1.552934E-01  0.000000E+00 -1.393227E-02 -1.427387E+00
47   3.74538923E-07 -1.628617E-01  0.000000E+00 -1.469692E-02 -1.361054E+00
48   3.92792377E-07 -1.707988E-01  0.000000E+00 -1.549882E-02 -1.297803E+00
49   4.11935271E-07 -1.791226E-01  0.000000E+00 -1.633981E-02 -1.237493E+00
50   4.32010935E-07 -1.878520E-01  0.000000E+00 -1.722177E-02 -1.179985E+00
51   4.53064804E-07 -1.970067E-01  0.000000E+00 -1.814670E-02 -1.125150E+00
52   4.75144532E-07 -2.066075E-01  0.000000E+00 -1.911670E-02 -1.072863E+00
53   4.98300088E-07 -2.166760E-01  0.000000E+00 -2.013397E-02 -1.023007E+00
54   5.22583876E-07 -2.272351E-01  0.000000E+00 -2.120080E-02 -9.754673E-01
55   5.48050852E-07 -2.383086E-01  0.000000E+00 -2.231961E-02 -9.301372E-01
56   5.74758648E-07 -2.499216E-01  0.000000E+00 -2.349293E-02 -8.869138E-01
57   6.02767699E-07 -2.621004E-01  0.000000E+00 -2.472341E-02 -8.456990E-01
58   6.32141386E-07 -2.748725E-01  0.000000E+00 -2.601385E-02 -8.063995E-01
59   6.62946173E-07 -2.882667E-01  0.000000E+00 -2.736716E-02 -7.689263E-01
60   6.95251761E-07 -3.023134E-01  0.000000E+00 -2.878640E-02 -7.331945E-01
61   7.29131242E-07 -3.170444E-01  0.000000E+00 -3.027478E-02 -6.991230E-01
62   7.64661267E-07 -3.324930E-01  0.000000E+00 -3.183567E-02 -6.666347E-01
63   8.01922219E-07 -3.486940E-01  0.000000E+00 -3.347261E-02 -6.356559E-01
64   8.40998393E-07 -3.656842E-01  0.000000E+00 -3.518929E-02 -6.061165E-01
65   8.81978186E-07 -3.835019E-01  0.000000E+00 -3.698960E-02 -5.779495E-01
66   9.24954297E-07 -4.021873E-01  0.000000E+00 -3.887761E-02 -5.510911E-01
67   9.70023938E-07 -4.217828E-01  0.000000E+00 -4.085759E-02 -5.254805E-01
68   1.01728905E-06 -4.423326E-01  0.000000E+00 -4.293401E-02 -5.010594E-01
69   1.06685654E-06 -4.638832E-01  0.000000E+00 -4.511159E-02 -4.777727E-01
70   1.11883850E-06 -4.864832E-01  0.000000E+00 -4.739523E-02 -4.555675E-01
71   1.17335251E-06 -5.101836E-01  0.000000E+00 -4.979011E-02 -4.343935E-01
72   1.23052183E-06 -5.350380E-01  0.000000E+00 -5.230164E-02 -4.142027E-01
73   1.29047576E-06 -5.611025E-01  0.000000E+00 -5.493550E-02 -3.949493E-01
74   1.35334984E-06 -5.884359E-01  0.000000E+00 -5.769764E-02 -3.765896E-01
75   1.41928626E-06 -6.171000E-01  0.000000E+00 -6.059431E-02 -3.590820E-01
76   1.48843408E-06 -6.471594E-01  0.000000E+00 -6.363206E-02 -3.423868E-01
77   1.56094964E-06 -6.786818E-01  0.000000E+00 -6.681775E-02 -3.264661E-01
78   1.63699687E-06 -7.117385E-01  0.000000E+00 -7.015858E-02 -3.112838E-01
79   1.71674768E-06 -7.464038E-01  0.000000E+00 -7.366212E-02 -2.968054E-01
80   1.80038235E-06 -7.827560E-01  0.000000E+00 -7.733627E-02 -2.829979E-01
81   1.88808991E-06 -8.208769E-01  0.000000E+00 -8.118933E-02 -2.698302E-01
82   1.98006858E-06 -8.608524E-01  0.000000E+00 -8.523003E-02 -2.572721E-01
83   2.07652625E-06 -9.027724E-01  0.000000E+00 -8.946748E-02 -2.452953E-01
84   2.17768088E-06 -9.467312E-01  0.000000E+00 -9.391125E-02 -2.338723E-01
85   2.28376106E-06 -9.928277E-01  0.000000E+00 -9.857140E-02 -2.229772E-01
86   2.39500647E-06 -1.041166E+00  0.000000E+00 -1.034584E-01 -2.125853E-01
87   2.51166846E-06 -1.091853E+00  0.000000E+00 -1.085834E-01 -2.026727E-01
88   2.63401058E-06 -1.145005E+00  0.000000E+00 -1.139579E-01 -1.932168E-01
89   2.76230922E-06 -1.200739E+00  0.000000E+00 -1.195940E-01 -1.841961E-01
90   2.89685417E-06 -1.259181E+00  0.000000E+00 -1.255046E-01 -1.755899E-01
91   3.03794933E-06 -1.320461E+00  0.000000E+00 -1.317028E-01 -1.673784E-01
92   3.18591336E-06 -1.384717E+00  0.000000E+00 -1.382027E-01 -1.595429E-01
93   3.34108040E-06 -1.452093E+00  0.000000E+00 -1.450190E-01 -1.520652E-01
94   3.50380084E-06 -1.522738E+00  0.000000E+00 -1.521671E-01 -1.449281E-01
95   3.67444208E-06 -1.596810E+00  0.000000E+00 -1.596631E-01 -1.381151E-01
96   3.85338938E-06 -1.674475E+00  0.000000E+00 -1.675239E-01 -1.316104E-01
97   4.04104670E-06 -1.755904E+00  0.000000E+00 -1.757673E-01 -1.253988E-01
98   4.23783765E-06 -1.841278E+00  0.000000E+00 -1.844118E-01 -1.194658E-01
99   4.44420640E-06 -1.930787E+00  0.000000E+00 -1.934769E-01 -1.137975E-01
100  4.66061868E-06 -2.024628E+00  0.000000E+00 -2.029831E-01 -1.083804E-01
101  4.88756285E-06 -2.123009E+00  0.000000E+00 -2.129518E-01 -1.032017E-01
102  5.12555099E-06 -2.226146E+00  0.000000E+00 -2.234055E-01 -9.824900E-02
103  5.37512004E-06 -2.334265E+00  0.000000E+00 -2.343677E-01 -9.351030E-02
104  5.63683298E-06 -2.447603E+00  0.000000E+00 -2.458632E-01 -8.897405E-02
105  5.91128017E-06 -2.566408E+00  0.000000E+00 -2.579178E-01 -8.462910E-02
106  6.19908058E-06 -2.690936E+00  0.000000E+00 -2.705586E-01 -8.046462E-02
107  6.50088324E-06 -2.821459E+00  0.000000E+00 -2.838142E-01 -7.647009E-02
108  6.81736868E-06 -2.958257E+00  0.000000E+00 -2.977144E-01 -7.263528E-02
109  7.14925044E-06 -3.101625E+00  0.000000E+00 -3.122904E-01 -6.895020E-02
110  7.49727669E-06 -3.251867E+00  0.000000E+00 -3.275751E-01 -6.540506E-02
111  7.86223188E-06 -3.409304E+00  0.000000E+00 -3.436028E-01 -6.199026E-02
112  8.24493852E-06 -3.574267E+00  0.000000E+00 -3.604095E-01 -5.869634E-02
113  8.64625902E-06 -3.747101E+00  0.000000E+00 -3.780330E-01 -5.551393E-02
114  9.06709760E-06 -3.928166E+00  0.000000E+00 -3.965128E-01 -5.243374E-02
115  9.50840232E-06 -4.117835E+00  0.000000E+00 -4.158906E-01 -4.944652E-02
116  9.97116721E-06 -4.316494E+00  0.000000E+00 -4.362096E-01 -4.654297E-02
117  1.04564345E-05 -4.524545E+00  0.000000E+00 -4.575156E-01 -4.371378E-02
118  1.09652969E-05 -4.742403E+00  0.000000E+00 -4.798563E-01 -4.094951E-02
119  1.14989001E-05 -4.970496E+00  0.000000E+00 -5.032817E-01 -3.824060E-02
120  1.20584453E-05 -5.209266E+00  0.000000E+00 -5.278442E-01 -3.557727E-02
121  1.26451919E-05 -5.459169E+00  0.000000E+00 -5.535989E-01 -3.294953E-02
122  1.32604603E-05 -5.720673E+00  0.000000E+00 -5.806032E-01 -3.034707E-02
123  1.39056348E-05 -5.994257E+00  0.000000E+00 -6.089176E-01 -2.775922E-02
124  1.45821668E-05 -6.280410E+00  0.000000E+00 -6.386051E-01 -2.517492E-02
125  1.52915780E-05 -6.579631E+00  0.000000E+00 -6.697320E-01 -2.258261E-02
126  1.60354637E-05 -6.892426E+00  0.000000E+00 -7.023676E-01 -1.997018E-02
127  1.68154964E-05 -7.219305E+00  0.000000E+00 -7.365845E-01 -1.732493E-02
128  1.76334296E-05 -7.560781E+00  0.000000E+00 -7.724588E-01 -1.463342E-02
129  1.84911016E-05 -7.917364E+00  0.000000E+00 -8.100700E-01 -1.188147E-02
130  1.93904396E-05 -8.289560E+00  0.000000E+00 -8.495015E-01 -9.054025E-03
131  2.03334641E-05 -8.677866E+00  0.000000E+00 -8.908406E-01 -6.135074E-03
132  2.13222932E-05 -9.082759E+00  0.000000E+00 -9.341787E-01 -3.107571E-03
133  2.23591475E-05 -9.504697E+00  0.000000E+00 -9.796112E-01  4.667657E-05
134  2.34463549E-05 -9.944104E+00  0.000000E+00 -1.027238E+00  3.347100E-03
135  2.45863557E-05 -1.040137E+01  0.000000E+00 -1.077164E+00  6.814477E-03
136  2.57817083E-05 -1.087681E+01  0.000000E+00 -1.129499E+00  1.047103E-02
137  2.70350945E-05 -1.137071E+01  0.000000E+00 -1.184357E+00  1.434055E-02
138  2.83493258E-05 -1.188325E+01  0.000000E+00 -1.241857E+00  1.844845E-02
139  2.97273494E-05 -1.241451E+01  0.000000E+00 -1.302126E+00  2.282194E-02
140  3.11722545E-05 -1.296447E+01  0.000000E+00 -1.365292E+00  2.749004E-02
141  3.26872799E-05 -1.353293E+01  0.000000E+00 -1.431495E+00  3.248372E-02
142  3.42758203E-05 -1.411954E+01  0.000000E+00 -1.500875E+00  3.783590E-02
143  3.59414342E-05 -1.472375E+01  0.000000E+00 -1.573582E+00  4.358155E-02
144  3.76878519E-05 -1.534474E+01  0.000000E+00 -1.649772E+00  4.975766E-02
145  3.95189833E-05 -1.598141E+01  0.000000E+00 -1.729607E+00  5.640319E-02
146  4.14389270E-05 -1.663230E+01  0.000000E+00 -1.813258E+00  6.355901E-02
147  4.34519789E-05 -1.729556E+01  0.000000E+00 -1.900901E+00  7.126772E-02
148  4.55626421E-05 -1.796885E+01  0.000000E+00 -1.992721E+00  7.957337E-02
149  4.77756363E-05 -1.864928E+01  0.000000E+00 -2.088911E+00  8.852111E-02
150  5.00959085E-05 -1.933329E+01  0.000000E+00 -2.189672E+00  9.815669E-02
151  5.25286440E-05 -2.001656E+01  0.000000E+00 -2.295216E+00  1.085257E-01
152  5.50792775E-05 -2.069388E+01  0.000000E+00 -2.405761E+00  1.196727E-01
153  5.77535050E-05 -2.135899E+01  0.000000E+00 -2.521537E+00  1.316399E-01
154  6.05572966E-05 -2.200442E+01  0.000000E+00 -2.642783E+00  1.444658E-01
155  6.34969092E-05 -2.262130E+01  0.000000E+00 -2.769750E+00  1.581828E-01
156  6.65789006E-05 -2.319910E+01  0.000000E+00 -2.902702E+00  1.728091E-01
157  6.98101433E-05 -2.372542E+01  0.000000E+00 -3.041914E+00  1.884029E-01
158  7.31978402E-05 -2.418563E+01  0.000000E+00 -3.187676E+00  2.058177E-01
159  7.67495397E-05 -2.456256E+01  0.000000E+00 -3.340291E+00  2.190339E-01
160  8.04731525E-05 -2.483608E+01  0.000000E+00 -3.500178E+00  2.113558E-01
161  8.43769689E-05 -2.498263E+01  0.000000E+00 -3.667761E+00  3.028315E-01
162  8.84696764E-05 -2.500000E+01  0.000000E+00 -3.842072E+00  3.054317E-01
163  9.27603793E-05 -2.500000E+01  0.000000E+00 -4.025983E+00  2.586593E-01
164  9.72586177E-05 -2.500000E+01  0.000000E+00 -4.218187E+00  3.189522E-01
165  1.01974389E-04 -2.500000E+01  0.000000E+00 -4.419338E+00  3.435565E-01
166  1.06918168E-04 -2.500000E+01  0.000000E+00 -4.629974E+00  3.646515E-01
167  1.12100933E-04 -2.500000E+01  0.000000E+00 -4.850535E+00  3.877537E-01
168  1.17534186E-04 -2.500000E+01  0.000000E+00 -5.081486E+00  4.117157E-01
169  1.23229977E-04 -2.500000E+01  0.000000E+00 -5.323313E+00  4.365521E-01
170  1.29200936E-04 -2.500000E+01  0.000000E+00 -5.576524E+00  4.623242E-01
171  1.35460293E-04 -2.500000E+01  0.000000E+00 -5.841650E+00  4.890864E-01
172  1.42021909E-04 -2.500000E+01  0.000000E+00 -6.119247E+00  5.168955E-01
173  1.48900311E-04 -2.500000E+01  0.000000E+00 -6.409896E+00  5.458103E-01
174  1.56110712E-04 -2.500000E+01  0.000000E+00 -6.714204E+00  5.758917E-01
175  1.63669057E-04 -2.500000E+01  0.000000E+00 -7.032805E+00  6.072032E-01
176  1.71592045E-04 -2.500000E+01  0.000000E+00 -7.366363E+00  6.398107E-01
177  1.79897173E-04 -2.500000E+01  0.000000E+00 -7.715571E+00  6.737827E-01
178  1.88602770E-04 -2.500000E+01  0.000000E+00 -8.081152E+00  7.091905E-01
179  1.97728036E-04 -2.500000E+01  0.000000E+00 -8.463864E+00  7.461081E-01
180  2.07293086E-04 -2.500000E+01  0.000000E+00 -8.864496E+00  7.846129E-01
181  2.17318987E-04 -2.500000E+01  0.000000E+00 -9.283874E+00  8.247851E-01
182  2.27827808E-04 -2.500000E+01  0.000000E+00 -9.722860E+00  8.667084E-01
183  2.38842664E-04 -2.500000E+01  0.000000E+00 -1.018235E+01  9.104699E-01
184  2.50387768E-04 -2.500000E+01  0.000000E+00 -1.066330E+01  9.561606E-01
185  2.62488477E-04 -2.500000E+01  0.000000E+00 -1.116667E+01  1.003875E+00
186  2.75171351E-04 -2.500000E+01  0.000000E+00 -1.169349E+01  1.053712E+00
187  2.88464206E-04 -2.500000E+01  0.000000E+00 -1.224483E+01  1.105773E+00
188  3.02396173E-04 -2.500000E+01  0.000000E+00 -1.282182E+01  1.160167E+00
189  3.16997758E-04 -2.500000E+01  0.000000E+00 -1.342560E+01  1.217005E+00
190  3.32300910E-04 -2.500000E+01  0.000000E+00 -1.405740E+01  1.276402E+00
191  3.48339082E-04 -2.500000E+01  0.000000E+00 -1.471847E+01  1.338481E+00
192  3.65147305E-04 -2.500000E+01  0.000000E+00 -1.541015E+01  1.403368E+00
193  3.82762262E-04 -2.500000E+01  0.000000E+00 -1.613380E+01  1.471194E+00
194  4.01222358E-04 -2.500000E+01  0.000000E+00 -1.689086E+01  1.542097E+00
195  4.20567807E-04 -2.500000E+01  0.000000E+00 -1.768282E+01  1.616220E+00
196  4.40840712E-04 -2.500000E+01  0.000000E+00 -1.851124E+01  1.693712E+00
197  4.62085150E-04 -2.500000E+01  0.000000E+00 -1.937773E+01  1.774729E+00
198  4.84347268E-04 -2.500000E+01  0.000000E+00 -2.028399E+01  1.859432E+00
199  5.07675372E-04 -2.500000E+01  0.000000E+00 -2.123177E+01  1.947991E+00
200  5.32120032E-04 -2.500000E+01  0.000000E+00 -2.222290E+01  2.040581E+00
201  5.57734180E-04 -2.500000E+01  0.000000E+00 -2.325927E+01  2.137384E+00
202  5.84573222E-04 -2.500000E+01  0.000000E+00 -2.434287E+01  2.238593E+00
203  6.12695150E-04 -2.500000E+01  0.000000E+00 -2.547575E+01  2.344405E+00
204  6.42160660E-04 -2.500000E+01  0.000000E+00 -2.666004E+01  2.455027E+00
205  6.73033273E-04 -2.500000E+01  0.000000E+00 -2.789796E+01  2.570673E+00
206  7.05379467E-04 -2.500000E+01  0.000000E+00 -2.919182E+01  2.691568E+00
207  7.39268806E-04 -2.500000E+01  0.000000E+00 -3.054399E+01  2.817945E+00
208  7.74774085E-04 -2.500000E+01  0.000000E+00 -3.195697E+01  2.950045E+00
209  8.11971475E-04 -2.500000E+01  0.000000E+00 -3.343331E+01  3.088120E+00
210  8.50940672E-04 -2.500000E+01  0.000000E+00 -3.497568E+01  3.232431E+00
211  8.91765059E-04 -2.500000E+01  0.000000E+00 -3.658685E+01  3.383251E+00
212  9.34531869E-04 -2.500000E+01  0.000000E+00 -3.826965E+01  3.540860E+00
213  9.79332361E-04 -2.500000E+01  0.000000E+00 -4.002706E+01  3.705554E+00
214  1.02626200E-03 -2.500000E+01  0.000000E+00 -4.186212E+01  3.877634E+00
215  1.07542063E-03 -2.500000E+01  0.000000E+00 -4.377798E+01  4.057418E+00
216  1.12691272E-03 -2.500000E+01  0.000000E+00 -4.577791E+01  4.245231E+00
217  1.18084747E-03 -2.500000E+01  0.000000E+00 -4.786526E+01  4.441414E+00
218  1.23733915E-03 -2.500000E+01  0.000000E+00 -5.004350E+01  4.646317E+00
219  1.29650722E-03 -2.500000E+01  0.000000E+00 -5.231619E+01  4.860305E+00
220  1.35847659E-03 -2.500000E+01  0.000000E+00 -5.468701E+01  5.083753E+00
221  1.42337790E-03 -2.500000E+01  0.000000E+00 -5.715972E+01  5.317051E+00
222  1.49134771E-03 -2.500000E+01  0.000000E+00 -5.973820E+01  5.560601E+00
223  1.56252881E-03 -2.500000E+01  0.000000E+00 -6.242642E+01  5.814820E+00
224  1.63707045E-03 -2.500000E+01  0.000000E+00 -6.522845E+01  6.080136E+00
225  1.71512867E-03 -2.500000E+01  0.000000E+00 -6.814845E+01  6.356992E+00
226  1.79686654E-03 -2.500000E+01  0.000000E+00 -7.119067E+01  6.645845E+00
227  1.88245451E-03 -2.500000E+01  0.000000E+00 -7.435945E+01  6.947163E+00
228  1.97207072E-03 -2.500000E+01  0.000000E+00 -7.765920E+01  7.261432E+00
229  2.06590131E-03 -2.500000E+01  0.000000E+00 -8.109440E+01  7.589147E+00
230  2.16414080E-03 -2.500000E+01  0.000000E+00 -8.466960E+01  7.930819E+00
231  2.26699239E-03 -2.500000E+01  0.000000E+00 -8.838940E+01  8.286972E+00
232  2.37466842E-03 -2.500000E+01  0.000000E+00 -9.225845E+01  8.658141E+00
233  2.48739067E-03 -2.500000E+01  0.000000E+00 -9.628143E+01  9.044877E+00
234  2.60539082E-03 -2.500000E+01  0.000000E+00 -1.004630E+02  9.447739E+00
235  2.72891085E-03 -2.500000E+01  0.000000E+00 -1.048079E+02  9.867300E+00
236  2.85820347E-03 -2.500000E+01  0.000000E+00 -1.093208E+02  1.030414E+01
237  2.99353257E-03 -2.500000E+01  0.000000E+00 -1.140063E+02  1.075886E+01
238  3.13517372E-03 -2.500000E+01  0.000000E+00 -1.188691E+02  1.123206E+01
239  3.28341460E-03 -2.500000E+01  0.000000E+00 -1.239135E+02  1.172434E+01
240  3.43855556E-03 -2.500000E+01  0.000000E+00 -1.291440E+02  1.223632E+01
241  3.60091011E-03 -2.500000E+01  0.000000E+00 -1.345649E+02  1.276863E+01
242  3.77080547E-03 -2.500000E+01  0.000000E+00 -1.401802E+02  1.332189E+01
243  3.94858316E-03 -2.500000E+01  0.000000E+00 -1.459938E+02  1.389672E+01
244  4.13459955E-03 -2.500000E+01  0.000000E+00 -1.520092E+02  1.449376E+01
245  4.32922646E-03 -2.500000E+01  0.000000E+00 -1.582298E+02  1.511362E+01
246  4.53285185E-03 -2.500000E+01  0.000000E+00 -1.646586E+02  1.575693E+01
247  4.74588038E-03 -2.500000E+01  0.000000E+00 -1.712981E+02  1.642429E+01
248  4.96873418E-03 -2.500000E+01  0.000000E+00 -1.781505E+02  1.711630E+01
249  5.20185346E-03 -2.500000E+01  0.000000E+00 -1.852172E+02  1.783354E+01
250  5.44569729E-03 -2.500000E+01  0.000000E+00 -1.924994E+02  1.857658E+01
251  5.70074433E-03 -2.500000E+01  0.000000E+00 -1.999974E+02  1.934596E+01
252  5.96749360E-03 -2.500000E+01  0.000000E+00 -2.077108E+02  2.014219E+01
253  6.24646527E-03 -2.500000E+01  0.000000E+00 -2.156384E+02  2.096575E+01
254  6.53820151E-03 -2.500000E+01  0.000000E+00 -2.237781E+02  2.181708E+01
255  6.84326734E-03 -2.500000E+01  0.000000E+00 -2.321267E+02  2.269657E+01
256  7.16225148E-03 -2.500000E+01  0.000000E+00 -2.406800E+02  2.360457E+01
257  7.49576731E-03 -2.500000E+01  0.000000E+00 -2.494325E+02  2.454137E+01
258  7.84445377E-03 -2.500000E+01  0.000000E+00 -2.583775E+02  2.550718E+01
259  8.20897635E-03 -2.500000E+01  0.000000E+00 -2.675067E+02  2.650215E+01
260  8.59002810E-03 -2.500000E+01  0.000000E+00 -2.768102E+02  2.752634E+01
261  8.98833065E-03 -2.500000E+01  0.000000E+00 -2.862764E+02  2.857972E+01
262  9.40463527E-03 -2.500000E+01  0.000000E+00 -2.958918E+02  2.966216E+01
263  9.83972397E-03 -2.500000E+01  0.000000E+00 -3.056410E+02  3.077339E+01
264  1.02944107E-02 -2.500000E+01  0.000000E+00 -3.155062E+02  3.191306E+01
265  1.07695422E-02 -2.500000E+01  0.000000E+00 -3.254674E+02  3.308065E+01
266  1.12659999E-02 -2.500000E+01  0.000000E+00 -3.355021E+02  3.427550E+01
267  1.17847003E-02 -2.500000E+01  0.000000E+00 -3.455850E+02  3.549677E+01
268  1.23265968E-02 -2.500000E+01  0.000000E+00 -3.556880E+02  3.674348E+01
269  1.28926809E-02 -2.500000E+01  0.000000E+00 -3.657800E+02  3.801441E+01
270  1.34839832E-02 -2.500000E+01  0.000000E+00 -3.758265E+02  3.930817E+01
271  1.41015754E-02 -2.500000E+01  0.000000E+00 -3.857898E+02  4.062312E+01
272  1.47465712E-02 -2.500000E+01  0.000000E+00 -3.956286E+02  4.195740E+01
273  1.54201279E-02 -2.500000E+01  0.000000E+00 -4.052978E+02  4.330887E+01
274  1.61234479E-02 -2.500000E+01  0.000000E+00 -4.147483E+02  4.467512E+01
275  1.68577802E-02 -2.500000E+01  0.000000E+00 -4.239272E+02  4.605347E+01
276  1.76244221E-02 -2.500000E+01  0.000000E+00 -4.327773E+02  4.744090E+01
277  1.84247205E-02 -2.500000E+01  0.000000E+00 -4.412369E+02  4.883408E+01
278  1.92600738E-02 -2.500000E+01  0.000000E+00 -4.492402E+02  5.022932E+01
279  2.01319334E-02 -2.500000E+01  0.000000E+00 -4.567168E+02  5.162258E+01
280  2.10418055E-02 -2.500000E+01  0.000000E+00 -4.635917E+02  5.300943E+01
281  2.19912529E-02 -2.500000E+01  0.000000E+00 -4.697856E+02  5.438506E+01
282  2.29818967E-02 -2.500000E+01  0.000000E+00 -4.752145E+02  5.574423E+01
283  2.40154179E-02 -2.500000E+01  0.000000E+00 -4.797903E+02  5.708130E+01
284  2.50935596E-02 -2.500000E+01  0.000000E+00 -4.834205E+02  5.839018E+01
285  2.62181289E-02 -2.500000E+01  0.000000E+00 -4.860087E+02  5.966436E+01
286  2.73909984E-02 -2.500000E+01  0.000000E+00 -4.874550E+02  6.089685E+01
287  2.86141085E-02 -2.500000E+01  0.000000E+00 -4.876558E+02  6.208023E+01
288  2.98894695E-02 -2.500000E+01  0.000000E+00 -4.865050E+02  6.320665E+01
289  3.12191632E-02 -2.500000E+01  0.000000E+00 -4.838942E+02  6.426777E+01
290  3.26053452E-02 -2.500000E+01  0.000000E+00 -4.797134E+02  6.525487E+01
291  3.40502471E-02 -2.500000E+01  0.000000E+00 -4.738519E+02  6.615876E+01
292  3.55561784E-02 -2.500000E+01  0.000000E+00 -4.661991E+02  6.696991E+01
293  3.71255286E-02 -2.500000E+01  0.000000E+00 -4.566459E+02  6.767838E+01
294  3.87607695E-02 -2.500000E+01  0.000000E+00 -4.450856E+02  6.827392E+01
295  4.04644576E-02 -2.500000E+01  0.000000E+00 -4.314152E+02  6.874600E+01
296  4.22392357E-02 -2.500000E+01  0.000000E+00 -4.155375E+02  6.908386E+01
297  4.40878357E-02 -2.500000E+01  0.000000E+00 -3.973622E+02  6.927656E+01
298  4.60130806E-02 -2.500000E+01  0.000000E+00 -3.768081E+02  6.931308E+01
299  4.80178868E-02 -2.500000E+01  0.000000E+00 -3.538052E+02  6.918241E+01
300  5.01052665E-02 -2.500000E+01  0.000000E+00 -3.282965E+02  6.887360E+01
301  5.22783298E-02 -2.500000E+01  0.000000E+00 -3.002411E+02  6.837594E+01
302  5.45402871E-02 -2.500000E+01  0.000000E+00 -2.696160E+02  6.767901E+01
303  5.68944514E-02 -2.500000E+01  0.000000E+00 -2.364191E+02  6.677288E+01
304  5.93442408E-02 -2.500000E+01  0.000000E+00 -2.006719E+02  6.564821E+01
305  6.18931805E-02 -2.500000E+01  0.000000E+00 -1.624224E+02  6.429642E+01
306  6.45449054E-02 -2.500000E+01  0.000000E+00 -1.217480E+02  6.270990E+01
307  6.73031623E-02 -2.500000E+01  0.000000E+00 -7.875820E+01  6.088214E+01
308  7.01718123E-02 -2.500000E+01  0.000000E+00 -3.359763E+01  5.880797E+01
309  7.31548330E-02 -2.500000E+01  0.000000E+00  1.355120E+01  5.648374E+01
310  7.62563209E-02 -2.500000E+01  0.000000E+00  6.246540E+01  5.390753E+01
311  7.94804936E-02 -2.500000E+01  0.000000E+00  1.128794E+02  5.107937E+01
312  8.28316922E-02 -2.500000E+01  0.000000E+00  1.644827E+02  4.800148E+01
313  8.63143835E-02 -2.500000E+01  0.000000E+00  2.169189E+02  4.467847E+01
314  8.99331622E-02 -2.500000E+01  0.000000E+00  2.697839E+02  4.111753E+01
315  9.36927529E-02 -2.500000E+01  0.000000E+00  3.226263E+02  3.732870E+01
316  9.75980127E-02 -2.500000E+01  0.000000E+00  3.749472E+02  3.332498E+01
317  1.01653933E-01 -2.500000E+01  0.000000E+00  4.262017E+02  2.912256E+01
318  1.05865642E-01 -2.500000E+01  0.000000E+00  4.758014E+02  2.474095E+01
319  1.10238406E-01 -2.500000E+01  0.000000E+00  5.231176E+02  2.020308E+01
320  1.14777631E-01 -2.500000E+01  0.000000E+00  5.674860E+02  1.553540E+01
321  1.19488868E-01 -2.500000E+01  0.000000E+00  6.082129E+02  1.076787E+01
322  1.24377811E-01 -2.500000E+01  0.000000E+00  6.445826E+02  5.933973E+00
323  1.29450299E-01 -2.500000E+01  0.000000E+00  6.758666E+02  1.070624E+00
324  1.34712320E-01 -2.500000E+01  0.000000E+00  7.013343E+02 -3.782011E+00
325  1.40170014E-01 -2.500000E+01  0.000000E+00  7.202653E+02 -8.580719E+00
326  1.45829668E-01 -2.500000E+01  0.000000E+00  7.319630E+02 -1.327956E+01
327  1.51697726E-01 -2.500000E+01  0.000000E+00  7.357709E+02 -1.783028E+01
328  1.57780785E-01 -2.500000E+01  0.000000E+00  7.310886E+02 -2.218277E+01
329  1.64085596E-01 -2.500000E+01  0.000000E+00  7.173906E+02 -2.628569E+01
330  1.70619071E-01 -2.500000E+01  0.000000E+00  6.942451E+02 -3.008712E+01
331  1.77388278E-01 -2.500000E+01  0.000000E+00  6.613342E+02 -3.353536E+01
332  1.84400445E-01 -2.500000E+01  0.000000E+00  6.184739E+02 -3.657978E+01
333  1.91662961E-01 -2.500000E+01  0.000000E+00  5.656340E+02 -3.917180E+01
334  1.99183377E-01 -2.500000E+01  0.000000E+00  5.029578E+02 -4.126586E+01
335  2.06969406E-01 -2.500000E+01  0.000000E+00  4.307794E+02 -4.282057E+01
336  2.15028926E-01 -2.500000E+01  0.000000E+00  3.496400E+02 -4.379981E+01
337  2.23369978E-01 -2.500000E+01  0.000000E+00  2.603005E+02 -4.417386E+01
338  2.32000766E-01 -2.500000E+01  0.000000E+00  1.637510E+02 -4.392059E+01
339  2.40929663E-01 -2.500000E+01  0.000000E+00  6.121568E+01 -4.302652E+01
340  2.50165203E-01 -2.500000E+01  0.000000E+00 -4.584840E+01 -4.148793E+01
341  2.59716091E-01 -2.500000E+01  0.000000E+00 -1.557576E+02 -3.931173E+01
342  2.69591193E-01 -2.500000E+01  0.000000E+00 -2.666159E+02 -3.651633E+01
343  2.79799544E-01 -2.500000E+01  0.000000E+00 -3.763362E+02 -3.313223E+01
344  2.90350343E-01 -2.500000E+01  0.000000E+00 -4.826700E+02 -2.920244E+01
345  3.01252956E-01 -2.500000E+01  0.000000E+00 -5.832458E+02 -2.478261E+01
346  3.12516914E-01 -2.500000E+01  0.000000E+00 -6.756158E+02 -1.994088E+01
347  3.24151913E-01 -2.500000E+01  0.000000E+00 -7.573110E+02 -1.475739E+01
348  3.36167811E-01 -2.500000E+01  0.000000E+00 -8.259042E+02 -9.323455E+00
349  3.48574633E-01 -2.500000E+01  0.000000E+00 -8.790804E+02 -3.740329E+00
350  3.61382564E-01 -2.500000E+01  0.000000E+00 -9.147121E+02  1.882412E+00
351  3.74601954E-01 -2.500000E+01  0.000000E+00 -9.309391E+02  7.428862E+00
352  3.88243310E-01 -2.500000E+01  0.000000E+00 -9.262497E+02  1.277916E+01
353  4.02317301E-01 -2.500000E+01  0.000000E+00 -8.995613E+02  1.781221E+01
354  4.16834754E-01 -2.500000E+01  0.000000E+00 -8.502968E+02  2.240870E+01
355  4.31806653E-01 -2.500000E+01  0.000000E+00 -7.784541E+02  2.645434E+01
356  4.47244137E-01 -2.500000E+01  0.000000E+00 -6.846653E+02  2.984327E+01
357  4.63158498E-01 -2.500000E+01  0.000000E+00 -5.702402E+02  3.248158E+01
358  4.79561183E-01 -2.500000E+01  0.000000E+00 -4.371938E+02  3.429066E+01
359  4.96463786E-01 -2.500000E+01  0.000000E+00 -2.882504E+02  3.521053E+01
360  5.13878050E-01 -2.500000E+01  0.000000E+00 -1.268243E+02  3.520274E+01
361  5.31815867E-01 -2.500000E+01  0.000000E+00  4.302659E+01  3.425293E+01
362  5.50289268E-01 -2.500000E+01  0.000000E+00  2.166770E+02  3.237276E+01
363  5.69310431E-01 -2.500000E+01  0.000000E+00  3.890389E+02  2.960119E+01
364  5.88891669E-01 -2.500000E+01  0.000000E+00  5.546961E+02  2.600487E+01
365  6.09045436E-01 -2.500000E+01  0.000000E+00  7.080657E+02  2.167772E+01
366  6.29784316E-01 -2.500000E+01  0.000000E+00  8.435842E+02  1.673940E+01
367  6.51121029E-01 -2.500000E+01  0.000000E+00  9.559125E+02  1.133287E+01
368  6.73068421E-01 -2.500000E+01  0.000000E+00  1.040154E+03  5.620848E+00
369  6.95639466E-01 -2.500000E+01  0.000000E+00  1.092077E+03 -2.186755E-01
370  7.18847261E-01 -2.500000E+01  0.000000E+00  1.108335E+03 -5.997832E+00
371  7.42705023E-01 -2.500000E+01  0.000000E+00  1.086671E+03 -1.152502E+01
372  7.67226085E-01 -2.500000E+01  0.000000E+00  1.026098E+03 -1.661160E+01
373  7.92423898E-01 -2.500000E+01  0.000000E+00  9.270423E+02 -2.107897E+01
374  8.18312022E-01 -2.500000E+01  0.000000E+00  7.914391E+02 -2.476565E+01
375  8.44904123E-01 -2.500000E+01  0.000000E+00  6.227767E+02 -2.753419E+01
376  8.72213976E-01 -2.500000E+01  0.000000E+00  4.260709E+02 -2.927749E+01
377  9.00255454E-01 -2.500000E+01  0.000000E+00  2.077716E+02 -2.992433E+01
378  9.29042528E-01 -2.500000E+01  0.000000E+00 -2.440404E+01 -2.944362E+01
379  9.58589267E-01 -2.500000E+01  0.000000E+00 -2.617111E+02 -2.784729E+01
380  9.88909827E-01 -2.500000E+01  0.000000E+00 -4.946850E+02 -2.519149E+01
381  1.02001845E+00 -2.500000E+01  0.000000E+00 -7.135094E+02 -2.157587E+01
382  1.05192948E+00 -2.500000E+01  0.000000E+00 -9.084318E+02 -1.714100E+01
383  1.08465731E+00 -2.500000E+01  0.000000E+00 -1.070211E+03 -1.206380E+01
384  1.11821644E+00 -2.500000E+01  0.000000E+00 -1.190574E+03 -6.551101E+00
385  1.15262143E+00 -2.500000E+01  0.000000E+00 -1.262667E+03 -8.315702E-01
386  1.18788690E+00 -2.500000E+01  0.000000E+00 -1.281465E+03  4.853728E+00
387  1.22402756E+00 -2.500000E+01  0.000000E+00 -1.244129E+03  1.026177E+01
388  1.26105817E+00 -2.500000E+01  0.000000E+00 -1.150273E+03  1.515850E+01
389  1.29899355E+00 -2.500000E+01  0.000000E+00 -1.002135E+03  1.932979E+01
390  1.33784857E+00 -2.500000E+01  0.000000E+00 -8.046184E+02  2.259180E+01
391  1.37763817E+00 -2.500000E+01  0.000000E+00 -5.652057E+02  2.480030E+01
392  1.41837731E+00 -2.500000E+01  0.000000E+00 -2.937310E+02  2.585822E+01
393  1.46008102E+00 -2.500000E+01  0.000000E+00 -2.015552E+00  2.572127E+01
394  1.50276437E+00 -2.500000E+01  0.000000E+00  2.966231E+02  2.440094E+01
395  1.54644245E+00 -2.500000E+01  0.000000E+00  5.879706E+02  2.196485E+01
396  1.59113041E+00 -2.500000E+01  0.000000E+00  8.575983E+02  1.853420E+01
397  1.63684340E+00 -2.500000E+01  0.000000E+00  1.091595E+03  1.427844E+01
398  1.68359663E+00 -2.500000E+01  0.000000E+00  1.277313E+03  9.411463E+00
399  1.73140531E+00 -2.500000E+01  0.000000E+00  4.974081E+03  1.470867E+01
