#      n =  7
#  kappa = -1
# energy = -4.44650103E+00
#     vc = -4.12842471E+05


0    2.50000000E-07 -3.179953E-02  0.000000E+00  0.000000E+00 -1.999574E-01
1    2.62190703E-07 -3.335014E-02  0.000000E+00 -3.073612E-06 -1.999574E-01
2    2.74975831E-07 -3.497634E-02  0.000000E+00 -6.297093E-06 -1.906602E-01
3    2.88384368E-07 -3.668184E-02  0.000000E+00 -9.677749E-06 -1.817954E-01
4    3.02446708E-07 -3.847049E-02  0.000000E+00 -1.322324E-05 -1.733428E-01
5    3.17194729E-07 -4.034635E-02  0.000000E+00 -1.694161E-05 -1.652832E-01
6    3.32661863E-07 -4.231366E-02  0.000000E+00 -2.084129E-05 -1.575983E-01
7    3.48883169E-07 -4.437690E-02  0.000000E+00 -2.493111E-05 -1.502708E-01
8    3.65895419E-07 -4.654072E-02  0.000000E+00 -2.922034E-05 -1.432840E-01
9    3.83737176E-07 -4.881003E-02  0.000000E+00 -3.371871E-05 -1.366220E-01
10   4.02448883E-07 -5.118998E-02  0.000000E+00 -3.843641E-05 -1.302698E-01
11   4.22072953E-07 -5.368596E-02  0.000000E+00 -4.338413E-05 -1.242130E-01
12   4.42653870E-07 -5.630362E-02  0.000000E+00 -4.857309E-05 -1.184378E-01
13   4.64238283E-07 -5.904889E-02  0.000000E+00 -5.401506E-05 -1.129311E-01
14   4.86875118E-07 -6.192799E-02  0.000000E+00 -5.972235E-05 -1.076805E-01
15   5.10615683E-07 -6.494743E-02  0.000000E+00 -6.570792E-05 -1.026740E-01
16   5.35513791E-07 -6.811407E-02  0.000000E+00 -7.198532E-05 -9.790025E-02
17   5.61625874E-07 -7.143506E-02  0.000000E+00 -7.856878E-05 -9.334850E-02
18   5.89011117E-07 -7.491792E-02  0.000000E+00 -8.547323E-05 -8.900839E-02
19   6.17731590E-07 -7.857055E-02  0.000000E+00 -9.271431E-05 -8.487008E-02
20   6.47852389E-07 -8.240121E-02  0.000000E+00 -1.003084E-04 -8.092418E-02
21   6.79441782E-07 -8.641856E-02  0.000000E+00 -1.082728E-04 -7.716176E-02
22   7.12571364E-07 -9.063170E-02  0.000000E+00 -1.166255E-04 -7.357427E-02
23   7.47316223E-07 -9.505017E-02  0.000000E+00 -1.253854E-04 -7.015359E-02
24   7.83755104E-07 -9.968395E-02  0.000000E+00 -1.345723E-04 -6.689195E-02
25   8.21970590E-07 -1.045435E-01  0.000000E+00 -1.442072E-04 -6.378197E-02
26   8.62049292E-07 -1.096399E-01  0.000000E+00 -1.543118E-04 -6.081659E-02
27   9.04082039E-07 -1.149845E-01  0.000000E+00 -1.649090E-04 -5.798909E-02
28   9.48164090E-07 -1.205896E-01  0.000000E+00 -1.760229E-04 -5.529305E-02
29   9.94395346E-07 -1.264677E-01  0.000000E+00 -1.876786E-04 -5.272236E-02
30   1.04288058E-06 -1.326321E-01  0.000000E+00 -1.999025E-04 -5.027121E-02
31   1.09372966E-06 -1.390967E-01  0.000000E+00 -2.127223E-04 -4.793401E-02
32   1.14705782E-06 -1.458762E-01  0.000000E+00 -2.261672E-04 -4.570549E-02
33   1.20298591E-06 -1.529858E-01  0.000000E+00 -2.402674E-04 -4.358058E-02
34   1.26164066E-06 -1.604416E-01  0.000000E+00 -2.550551E-04 -4.155446E-02
35   1.32315500E-06 -1.682603E-01  0.000000E+00 -2.705636E-04 -3.962255E-02
36   1.38766830E-06 -1.764596E-01  0.000000E+00 -2.868281E-04 -3.778047E-02
37   1.45532676E-06 -1.850578E-01  0.000000E+00 -3.038855E-04 -3.602402E-02
38   1.52628368E-06 -1.940745E-01  0.000000E+00 -3.217744E-04 -3.434925E-02
39   1.60069984E-06 -2.035298E-01  0.000000E+00 -3.405353E-04 -3.275233E-02
40   1.67874385E-06 -2.134449E-01  0.000000E+00 -3.602108E-04 -3.122967E-02
41   1.76059255E-06 -2.238422E-01  0.000000E+00 -3.808453E-04 -2.977779E-02
42   1.84643138E-06 -2.347449E-01  0.000000E+00 -4.024857E-04 -2.839342E-02
43   1.93645483E-06 -2.461774E-01  0.000000E+00 -4.251809E-04 -2.707341E-02
44   2.03086686E-06 -2.581653E-01  0.000000E+00 -4.489824E-04 -2.581477E-02
45   2.12988136E-06 -2.707354E-01  0.000000E+00 -4.739440E-04 -2.461464E-02
46   2.23372266E-06 -2.839156E-01  0.000000E+00 -5.001222E-04 -2.347031E-02
47   2.34262602E-06 -2.977355E-01  0.000000E+00 -5.275765E-04 -2.237917E-02
48   2.45683814E-06 -3.122256E-01  0.000000E+00 -5.563689E-04 -2.133876E-02
49   2.57661775E-06 -3.274181E-01  0.000000E+00 -5.865646E-04 -2.034672E-02
50   2.70223621E-06 -3.433466E-01  0.000000E+00 -6.182320E-04 -1.940080E-02
51   2.83397807E-06 -3.600464E-01  0.000000E+00 -6.514428E-04 -1.849884E-02
52   2.97214176E-06 -3.775541E-01  0.000000E+00 -6.862722E-04 -1.763882E-02
53   3.11704024E-06 -3.959083E-01  0.000000E+00 -7.227990E-04 -1.681877E-02
54   3.26900171E-06 -4.151491E-01  0.000000E+00 -7.611060E-04 -1.603683E-02
55   3.42837039E-06 -4.353185E-01  0.000000E+00 -8.012798E-04 -1.529124E-02
56   3.59550723E-06 -4.564604E-01  0.000000E+00 -8.434115E-04 -1.458030E-02
57   3.77079079E-06 -4.786203E-01  0.000000E+00 -8.875962E-04 -1.390240E-02
58   3.95461806E-06 -5.018462E-01  0.000000E+00 -9.339341E-04 -1.325601E-02
59   4.14740536E-06 -5.261877E-01  0.000000E+00 -9.825301E-04 -1.263965E-02
60   4.34958931E-06 -5.516967E-01  0.000000E+00 -1.033494E-03 -1.205193E-02
61   4.56162778E-06 -5.784272E-01  0.000000E+00 -1.086941E-03 -1.149151E-02
62   4.78400094E-06 -6.064353E-01  0.000000E+00 -1.142993E-03 -1.095713E-02
63   5.01721237E-06 -6.357794E-01  0.000000E+00 -1.201775E-03 -1.044757E-02
64   5.26179014E-06 -6.665201E-01  0.000000E+00 -1.263422E-03 -9.961674E-03
65   5.51828807E-06 -6.987204E-01  0.000000E+00 -1.328072E-03 -9.498339E-03
66   5.78728693E-06 -7.324454E-01  0.000000E+00 -1.395872E-03 -9.056514E-03
67   6.06939579E-06 -7.677625E-01  0.000000E+00 -1.466974E-03 -8.635196E-03
68   6.36525337E-06 -8.047415E-01  0.000000E+00 -1.541541E-03 -8.233429E-03
69   6.67552950E-06 -8.434541E-01  0.000000E+00 -1.619740E-03 -7.850298E-03
70   7.00092662E-06 -8.839744E-01  0.000000E+00 -1.701748E-03 -7.484934E-03
71   7.34218137E-06 -9.263782E-01  0.000000E+00 -1.787752E-03 -7.136507E-03
72   7.70006627E-06 -9.707434E-01  0.000000E+00 -1.877944E-03 -6.804223E-03
73   8.07539144E-06 -1.017149E+00  0.000000E+00 -1.972529E-03 -6.487328E-03
74   8.46900646E-06 -1.065677E+00  0.000000E+00 -2.071720E-03 -6.185099E-03
75   8.88180225E-06 -1.116408E+00  0.000000E+00 -2.175743E-03 -5.896849E-03
76   9.31471313E-06 -1.169425E+00  0.000000E+00 -2.284831E-03 -5.621920E-03
77   9.76871886E-06 -1.224810E+00  0.000000E+00 -2.399231E-03 -5.359685E-03
78   1.02448470E-05 -1.282647E+00  0.000000E+00 -2.519202E-03 -5.109546E-03
79   1.07441749E-05 -1.343017E+00  0.000000E+00 -2.645015E-03 -4.870932E-03
80   1.12678326E-05 -1.405999E+00  0.000000E+00 -2.776953E-03 -4.643295E-03
81   1.18170050E-05 -1.471670E+00  0.000000E+00 -2.915315E-03 -4.426115E-03
82   1.23929348E-05 -1.540103E+00  0.000000E+00 -3.060412E-03 -4.218894E-03
83   1.29969250E-05 -1.611364E+00  0.000000E+00 -3.212572E-03 -4.021156E-03
84   1.36303422E-05 -1.685514E+00  0.000000E+00 -3.372139E-03 -3.832445E-03
85   1.42946193E-05 -1.762605E+00  0.000000E+00 -3.539471E-03 -3.652326E-03
86   1.49912590E-05 -1.842677E+00  0.000000E+00 -3.714948E-03 -3.480383E-03
87   1.57218372E-05 -1.925754E+00  0.000000E+00 -3.898963E-03 -3.316217E-03
88   1.64880065E-05 -2.011848E+00  0.000000E+00 -4.091933E-03 -3.159447E-03
89   1.72914998E-05 -2.100946E+00  0.000000E+00 -4.294291E-03 -3.009708E-03
90   1.81341342E-05 -2.193012E+00  0.000000E+00 -4.506493E-03 -2.866649E-03
91   1.90178154E-05 -2.287981E+00  0.000000E+00 -4.729018E-03 -2.729935E-03
92   1.99445419E-05 -2.385749E+00  0.000000E+00 -4.962367E-03 -2.599245E-03
93   2.09164090E-05 -2.486175E+00  0.000000E+00 -5.207064E-03 -2.474269E-03
94   2.19356142E-05 -2.589064E+00  0.000000E+00 -5.463659E-03 -2.354711E-03
95   2.30044619E-05 -2.694163E+00  0.000000E+00 -5.732731E-03 -2.240286E-03
96   2.41253685E-05 -2.801151E+00  0.000000E+00 -6.014884E-03 -2.130723E-03
97   2.53008679E-05 -2.909624E+00  0.000000E+00 -6.310752E-03 -2.025758E-03
98   2.65336171E-05 -3.019083E+00  0.000000E+00 -6.620999E-03 -1.925140E-03
99   2.78264025E-05 -3.128916E+00  0.000000E+00 -6.946322E-03 -1.828628E-03
100  2.91821459E-05 -3.238381E+00  0.000000E+00 -7.287453E-03 -1.735992E-03
101  3.06039110E-05 -3.346585E+00  0.000000E+00 -7.645154E-03 -1.647010E-03
102  3.20949107E-05 -3.452453E+00  0.000000E+00 -8.020231E-03 -1.561475E-03
103  3.36585138E-05 -3.554707E+00  0.000000E+00 -8.413521E-03 -1.479188E-03
104  3.52982529E-05 -3.651825E+00  0.000000E+00 -8.825909E-03 -1.399962E-03
105  3.70178325E-05 -3.742006E+00  0.000000E+00 -9.258316E-03 -1.323853E-03
106  3.88211369E-05 -3.823124E+00  0.000000E+00 -9.711712E-03 -1.248145E-03
107  4.07122391E-05 -3.892674E+00  0.000000E+00 -1.018711E-02 -1.152847E-03
108  4.26954103E-05 -3.947714E+00  0.000000E+00 -1.068558E-02 -1.318025E-03
109  4.47751288E-05 -3.984795E+00  0.000000E+00 -1.120884E-02 -1.139204E-03
110  4.69560907E-05 -3.999877E+00  0.000000E+00 -1.175641E-02 -3.767528E-04
111  4.92432202E-05 -4.000000E+00  0.000000E+00 -1.232963E-02 -9.264978E-04
112  5.16416807E-05 -4.000000E+00  0.000000E+00 -1.293331E-02 -1.262430E-03
113  5.41568862E-05 -4.000000E+00  0.000000E+00 -1.356500E-02 -7.488805E-04
114  5.67945137E-05 -4.000000E+00  0.000000E+00 -1.422731E-02 -7.381942E-04
115  5.95605159E-05 -4.000000E+00  0.000000E+00 -1.492178E-02 -6.884803E-04
116  6.24611344E-05 -4.000000E+00  0.000000E+00 -1.564996E-02 -6.353717E-04
117  6.55029138E-05 -4.000000E+00  0.000000E+00 -1.641348E-02 -5.841526E-04
118  6.86927164E-05 -4.000000E+00  0.000000E+00 -1.721406E-02 -5.342578E-04
119  7.20377376E-05 -4.000000E+00  0.000000E+00 -1.805351E-02 -4.855701E-04
120  7.55455220E-05 -4.000000E+00  0.000000E+00 -1.893372E-02 -4.379796E-04
121  7.92239802E-05 -4.000000E+00  0.000000E+00 -1.985665E-02 -3.913787E-04
122  8.30814065E-05 -4.000000E+00  0.000000E+00 -2.082440E-02 -3.456620E-04
123  8.71264977E-05 -4.000000E+00  0.000000E+00 -2.183913E-02 -3.007263E-04
124  9.13683726E-05 -4.000000E+00  0.000000E+00 -2.290313E-02 -2.564701E-04
125  9.58165918E-05 -4.000000E+00  0.000000E+00 -2.401878E-02 -2.127933E-04
126  1.00481180E-04 -4.000000E+00  0.000000E+00 -2.518859E-02 -1.695973E-04
127  1.05372647E-04 -4.000000E+00  0.000000E+00 -2.641520E-02 -1.267847E-04
128  1.10502014E-04 -4.000000E+00  0.000000E+00 -2.770135E-02 -8.425881E-05
129  1.15880835E-04 -4.000000E+00  0.000000E+00 -2.904993E-02 -4.192367E-05
130  1.21521223E-04 -4.000000E+00  0.000000E+00 -3.046397E-02  3.161927E-07
131  1.27435880E-04 -4.000000E+00  0.000000E+00 -3.194665E-02  4.255602E-05
132  1.33638123E-04 -4.000000E+00  0.000000E+00 -3.350127E-02  8.489101E-05
133  1.40141913E-04 -4.000000E+00  0.000000E+00 -3.513134E-02  1.274166E-04
134  1.46961887E-04 -4.000000E+00  0.000000E+00 -3.684050E-02  1.702285E-04
135  1.54113394E-04 -4.000000E+00  0.000000E+00 -3.863259E-02  2.134231E-04
136  1.61612521E-04 -4.000000E+00  0.000000E+00 -4.051162E-02  2.570976E-04
137  1.69476139E-04 -4.000000E+00  0.000000E+00 -4.248179E-02  3.013504E-04
138  1.77721932E-04 -4.000000E+00  0.000000E+00 -4.454751E-02  3.462808E-04
139  1.86368441E-04 -4.000000E+00  0.000000E+00 -4.671342E-02  3.919899E-04
140  1.95435103E-04 -4.000000E+00  0.000000E+00 -4.898434E-02  4.385803E-04
141  2.04942298E-04 -4.000000E+00  0.000000E+00 -5.136535E-02  4.861567E-04
142  2.14911390E-04 -4.000000E+00  0.000000E+00 -5.386179E-02  5.348259E-04
143  2.25364774E-04 -4.000000E+00  0.000000E+00 -5.647921E-02  5.846969E-04
144  2.36325931E-04 -4.000000E+00  0.000000E+00 -5.922347E-02  6.358817E-04
145  2.47819476E-04 -4.000000E+00  0.000000E+00 -6.210069E-02  6.884949E-04
146  2.59871212E-04 -4.000000E+00  0.000000E+00 -6.511728E-02  7.426543E-04
147  2.72508190E-04 -4.000000E+00  0.000000E+00 -6.827997E-02  7.984813E-04
148  2.85758769E-04 -4.000000E+00  0.000000E+00 -7.159580E-02  8.561005E-04
149  2.99652674E-04 -4.000000E+00  0.000000E+00 -7.507216E-02  9.156410E-04
150  3.14221068E-04 -4.000000E+00  0.000000E+00 -7.871678E-02  9.772357E-04
151  3.29496617E-04 -4.000000E+00  0.000000E+00 -8.253776E-02  1.041022E-03
152  3.45513565E-04 -4.000000E+00  0.000000E+00 -8.654360E-02  1.107143E-03
153  3.62307805E-04 -4.000000E+00  0.000000E+00 -9.074319E-02  1.175745E-03
154  3.79916964E-04 -4.000000E+00  0.000000E+00 -9.514586E-02  1.246982E-03
155  3.98380482E-04 -4.000000E+00  0.000000E+00 -9.976137E-02  1.321012E-03
156  4.17739701E-04 -4.000000E+00  0.000000E+00 -1.045999E-01  1.398000E-03
157  4.38037955E-04 -4.000000E+00  0.000000E+00 -1.096723E-01  1.478117E-03
158  4.59320666E-04 -4.000000E+00  0.000000E+00 -1.149897E-01  1.561542E-03
159  4.81635444E-04 -4.000000E+00  0.000000E+00 -1.205638E-01  1.648459E-03
160  5.05032192E-04 -4.000000E+00  0.000000E+00 -1.264070E-01  1.739062E-03
161  5.29563212E-04 -4.000000E+00  0.000000E+00 -1.325321E-01  1.833551E-03
162  5.55283328E-04 -4.000000E+00  0.000000E+00 -1.389528E-01  1.932137E-03
163  5.82249997E-04 -4.000000E+00  0.000000E+00 -1.456830E-01  2.035036E-03
164  6.10523441E-04 -4.000000E+00  0.000000E+00 -1.527377E-01  2.142478E-03
165  6.40166778E-04 -4.000000E+00  0.000000E+00 -1.601323E-01  2.254699E-03
166  6.71246158E-04 -4.000000E+00  0.000000E+00 -1.678831E-01  2.371947E-03
167  7.03830909E-04 -4.000000E+00  0.000000E+00 -1.760071E-01  2.494481E-03
168  7.37993689E-04 -4.000000E+00  0.000000E+00 -1.845221E-01  2.622571E-03
169  7.73810643E-04 -4.000000E+00  0.000000E+00 -1.934466E-01  2.756499E-03
170  8.11361571E-04 -4.000000E+00  0.000000E+00 -2.028003E-01  2.896560E-03
171  8.50730102E-04 -4.000000E+00  0.000000E+00 -2.126034E-01  3.043062E-03
172  8.92003873E-04 -4.000000E+00  0.000000E+00 -2.228775E-01  3.196325E-03
173  9.35274722E-04 -4.000000E+00  0.000000E+00 -2.336448E-01  3.356687E-03
174  9.80638888E-04 -4.000000E+00  0.000000E+00 -2.449288E-01  3.524499E-03
175  1.02819722E-03 -4.000000E+00  0.000000E+00 -2.567538E-01  3.700126E-03
176  1.07805539E-03 -4.000000E+00  0.000000E+00 -2.691456E-01  3.883954E-03
177  1.13032413E-03 -4.000000E+00  0.000000E+00 -2.821310E-01  4.076384E-03
178  1.18511948E-03 -4.000000E+00  0.000000E+00 -2.957379E-01  4.277833E-03
179  1.24256299E-03 -4.000000E+00  0.000000E+00 -3.099957E-01  4.488742E-03
180  1.30278207E-03 -4.000000E+00  0.000000E+00 -3.249350E-01  4.709567E-03
181  1.36591017E-03 -4.000000E+00  0.000000E+00 -3.405878E-01  4.940789E-03
182  1.43208713E-03 -4.000000E+00  0.000000E+00 -3.569878E-01  5.182907E-03
183  1.50145946E-03 -4.000000E+00  0.000000E+00 -3.741700E-01  5.436445E-03
184  1.57418067E-03 -4.000000E+00  0.000000E+00 -3.921709E-01  5.701950E-03
185  1.65041156E-03 -4.000000E+00  0.000000E+00 -4.110289E-01  5.979995E-03
186  1.73032060E-03 -4.000000E+00  0.000000E+00 -4.307840E-01  6.271177E-03
187  1.81408429E-03 -4.000000E+00  0.000000E+00 -4.514780E-01  6.576122E-03
188  1.90188752E-03 -4.000000E+00  0.000000E+00 -4.731545E-01  6.895482E-03
189  1.99392397E-03 -4.000000E+00  0.000000E+00 -4.958591E-01  7.229939E-03
190  2.09039653E-03 -4.000000E+00  0.000000E+00 -5.196395E-01  7.580208E-03
191  2.19151772E-03 -4.000000E+00  0.000000E+00 -5.445454E-01  7.947033E-03
192  2.29751015E-03 -4.000000E+00  0.000000E+00 -5.706288E-01  8.331194E-03
193  2.40860699E-03 -4.000000E+00  0.000000E+00 -5.979438E-01  8.733503E-03
194  2.52505247E-03 -4.000000E+00  0.000000E+00 -6.265469E-01  9.154811E-03
195  2.64710236E-03 -4.000000E+00  0.000000E+00 -6.564972E-01  9.596004E-03
196  2.77502457E-03 -4.000000E+00  0.000000E+00 -6.878561E-01  1.005801E-02
197  2.90909968E-03 -4.000000E+00  0.000000E+00 -7.206879E-01  1.054179E-02
198  3.04962151E-03 -4.000000E+00  0.000000E+00 -7.550594E-01  1.104837E-02
199  3.19689777E-03 -4.000000E+00  0.000000E+00 -7.910404E-01  1.157879E-02
200  3.35125071E-03 -4.000000E+00  0.000000E+00 -8.287034E-01  1.213415E-02
201  3.51301775E-03 -4.000000E+00  0.000000E+00 -8.681241E-01  1.271560E-02
202  3.68255223E-03 -4.000000E+00  0.000000E+00 -9.093813E-01  1.332435E-02
203  3.86022412E-03 -4.000000E+00  0.000000E+00 -9.525569E-01  1.396163E-02
204  4.04642079E-03 -4.000000E+00  0.000000E+00 -9.977364E-01  1.462875E-02
205  4.24154783E-03 -4.000000E+00  0.000000E+00 -1.045008E+00  1.532707E-02
206  4.44602986E-03 -4.000000E+00  0.000000E+00 -1.094465E+00  1.605800E-02
207  4.66031145E-03 -4.000000E+00  0.000000E+00 -1.146203E+00  1.682301E-02
208  4.88485798E-03 -4.000000E+00  0.000000E+00 -1.200321E+00  1.762365E-02
209  5.12015666E-03 -4.000000E+00  0.000000E+00 -1.256923E+00  1.846151E-02
210  5.36671747E-03 -4.000000E+00  0.000000E+00 -1.316116E+00  1.933825E-02
211  5.62507424E-03 -4.000000E+00  0.000000E+00 -1.378012E+00  2.025561E-02
212  5.89578572E-03 -4.000000E+00  0.000000E+00 -1.442727E+00  2.121538E-02
213  6.17943673E-03 -4.000000E+00  0.000000E+00 -1.510379E+00  2.221945E-02
214  6.47663935E-03 -4.000000E+00  0.000000E+00 -1.581093E+00  2.326976E-02
215  6.78803413E-03 -4.000000E+00  0.000000E+00 -1.654998E+00  2.436834E-02
216  7.11429143E-03 -4.000000E+00  0.000000E+00 -1.732225E+00  2.551728E-02
217  7.45611273E-03 -4.000000E+00  0.000000E+00 -1.812913E+00  2.671877E-02
218  7.81423205E-03 -4.000000E+00  0.000000E+00 -1.897202E+00  2.797508E-02
219  8.18941743E-03 -4.000000E+00  0.000000E+00 -1.985239E+00  2.928855E-02
220  8.58247246E-03 -4.000000E+00  0.000000E+00 -2.077175E+00  3.066162E-02
221  8.99423784E-03 -4.000000E+00  0.000000E+00 -2.173164E+00  3.209682E-02
222  9.42559314E-03 -4.000000E+00  0.000000E+00 -2.273367E+00  3.359676E-02
223  9.87745842E-03 -4.000000E+00  0.000000E+00 -2.377947E+00  3.516414E-02
224  1.03507961E-02 -4.000000E+00  0.000000E+00 -2.487073E+00  3.680176E-02
225  1.08466130E-02 -4.000000E+00  0.000000E+00 -2.600918E+00  3.851251E-02
226  1.13659620E-02 -4.000000E+00  0.000000E+00 -2.719658E+00  4.029938E-02
227  1.19099442E-02 -4.000000E+00  0.000000E+00 -2.843474E+00  4.216544E-02
228  1.24797113E-02 -4.000000E+00  0.000000E+00 -2.972550E+00  4.411386E-02
229  1.30764676E-02 -4.000000E+00  0.000000E+00 -3.107075E+00  4.614793E-02
230  1.37014724E-02 -4.000000E+00  0.000000E+00 -3.247240E+00  4.827100E-02
231  1.43560422E-02 -4.000000E+00  0.000000E+00 -3.393238E+00  5.048652E-02
232  1.50415536E-02 -4.000000E+00  0.000000E+00 -3.545267E+00  5.279806E-02
233  1.57594456E-02 -4.000000E+00  0.000000E+00 -3.703524E+00  5.520926E-02
234  1.65112227E-02 -4.000000E+00  0.000000E+00 -3.868210E+00  5.772383E-02
235  1.72984573E-02 -4.000000E+00  0.000000E+00 -4.039525E+00  6.034561E-02
236  1.81227929E-02 -4.000000E+00  0.000000E+00 -4.217670E+00  6.307848E-02
237  1.89859471E-02 -4.000000E+00  0.000000E+00 -4.402846E+00  6.592641E-02
238  1.98897150E-02 -4.000000E+00  0.000000E+00 -4.595250E+00  6.889345E-02
239  2.08359724E-02 -4.000000E+00  0.000000E+00 -4.795080E+00  7.198370E-02
240  2.18266789E-02 -4.000000E+00  0.000000E+00 -5.002527E+00  7.520133E-02
241  2.28638823E-02 -4.000000E+00  0.000000E+00 -5.217779E+00  7.855054E-02
242  2.39497216E-02 -4.000000E+00  0.000000E+00 -5.441018E+00  8.203559E-02
243  2.50864314E-02 -4.000000E+00  0.000000E+00 -5.672416E+00  8.566074E-02
244  2.62763455E-02 -4.000000E+00  0.000000E+00 -5.912140E+00  8.943027E-02
245  2.75219016E-02 -4.000000E+00  0.000000E+00 -6.160340E+00  9.334847E-02
246  2.88256451E-02 -4.000000E+00  0.000000E+00 -6.417158E+00  9.741959E-02
247  3.01902342E-02 -4.000000E+00  0.000000E+00 -6.682718E+00  1.016479E-01
248  3.16184442E-02 -4.000000E+00  0.000000E+00 -6.957125E+00  1.060374E-01
249  3.31131726E-02 -4.000000E+00  0.000000E+00 -7.240467E+00  1.105924E-01
250  3.46774441E-02 -4.000000E+00  0.000000E+00 -7.532807E+00  1.153167E-01
251  3.63144156E-02 -4.000000E+00  0.000000E+00 -7.834179E+00  1.202142E-01
252  3.80273823E-02 -4.000000E+00  0.000000E+00 -8.144592E+00  1.252886E-01
253  3.98197828E-02 -4.000000E+00  0.000000E+00 -8.464019E+00  1.305432E-01
254  4.16952049E-02 -4.000000E+00  0.000000E+00 -8.792395E+00  1.359814E-01
255  4.36573923E-02 -4.000000E+00  0.000000E+00 -9.129616E+00  1.416060E-01
256  4.57102501E-02 -4.000000E+00  0.000000E+00 -9.475530E+00  1.474197E-01
257  4.78578520E-02 -4.000000E+00  0.000000E+00 -9.829936E+00  1.534247E-01
258  5.01044466E-02 -4.000000E+00  0.000000E+00 -1.019258E+01  1.596228E-01
259  5.24544647E-02 -4.000000E+00  0.000000E+00 -1.056313E+01  1.660154E-01
260  5.49125263E-02 -4.000000E+00  0.000000E+00 -1.094122E+01  1.726032E-01
261  5.74834480E-02 -4.000000E+00  0.000000E+00 -1.132637E+01  1.793863E-01
262  6.01722512E-02 -4.000000E+00  0.000000E+00 -1.171806E+01  1.863643E-01
263  6.29841697E-02 -4.000000E+00  0.000000E+00 -1.211566E+01  1.935359E-01
264  6.59246581E-02 -4.000000E+00  0.000000E+00 -1.251844E+01  2.008989E-01
265  6.89994001E-02 -4.000000E+00  0.000000E+00 -1.292560E+01  2.084504E-01
266  7.22143180E-02 -4.000000E+00  0.000000E+00 -1.333620E+01  2.161862E-01
267  7.55755808E-02 -4.000000E+00  0.000000E+00 -1.374921E+01  2.241013E-01
268  7.90896148E-02 -4.000000E+00  0.000000E+00 -1.416346E+01  2.321892E-01
269  8.27631122E-02 -4.000000E+00  0.000000E+00 -1.457764E+01  2.404422E-01
270  8.66030417E-02 -4.000000E+00  0.000000E+00 -1.499033E+01  2.488512E-01
271  9.06166588E-02 -4.000000E+00  0.000000E+00 -1.539992E+01  2.574055E-01
272  9.48115163E-02 -4.000000E+00  0.000000E+00 -1.580469E+01  2.660928E-01
273  9.91954754E-02 -4.000000E+00  0.000000E+00 -1.620272E+01  2.748990E-01
274  1.03776717E-01 -4.000000E+00  0.000000E+00 -1.659193E+01  2.838079E-01
275  1.08563752E-01 -4.000000E+00  0.000000E+00 -1.697006E+01  2.928016E-01
276  1.13565436E-01 -4.000000E+00  0.000000E+00 -1.733467E+01  3.018598E-01
277  1.18790980E-01 -4.000000E+00  0.000000E+00 -1.768312E+01  3.109599E-01
278  1.24249962E-01 -4.000000E+00  0.000000E+00 -1.801257E+01  3.200768E-01
279  1.29952342E-01 -4.000000E+00  0.000000E+00 -1.831999E+01  3.291830E-01
280  1.35908473E-01 -4.000000E+00  0.000000E+00 -1.860215E+01  3.382483E-01
281  1.42129119E-01 -4.000000E+00  0.000000E+00 -1.885560E+01  3.472397E-01
282  1.48625462E-01 -4.000000E+00  0.000000E+00 -1.907670E+01  3.561210E-01
283  1.55409124E-01 -4.000000E+00  0.000000E+00 -1.926162E+01  3.648534E-01
284  1.62492176E-01 -4.000000E+00  0.000000E+00 -1.940633E+01  3.733948E-01
285  1.69887158E-01 -4.000000E+00  0.000000E+00 -1.950662E+01  3.817000E-01
286  1.77607089E-01 -4.000000E+00  0.000000E+00 -1.955811E+01  3.897205E-01
287  1.85665488E-01 -4.000000E+00  0.000000E+00 -1.955627E+01  3.974046E-01
288  1.94076386E-01 -4.000000E+00  0.000000E+00 -1.949646E+01  4.046975E-01
289  2.02854346E-01 -4.000000E+00  0.000000E+00 -1.937392E+01  4.115411E-01
290  2.12014479E-01 -4.000000E+00  0.000000E+00 -1.918382E+01  4.178742E-01
291  2.21572459E-01 -4.000000E+00  0.000000E+00 -1.892130E+01  4.236325E-01
292  2.31544543E-01 -4.000000E+00  0.000000E+00 -1.858153E+01  4.287492E-01
293  2.41947589E-01 -4.000000E+00  0.000000E+00 -1.815972E+01  4.331545E-01
294  2.52799074E-01 -4.000000E+00  0.000000E+00 -1.765122E+01  4.367765E-01
295  2.64117110E-01 -4.000000E+00  0.000000E+00 -1.705155E+01  4.395413E-01
296  2.75920470E-01 -4.000000E+00  0.000000E+00 -1.635651E+01  4.413734E-01
297  2.88228597E-01 -4.000000E+00  0.000000E+00 -1.556223E+01  4.421963E-01
298  3.01061635E-01 -4.000000E+00  0.000000E+00 -1.466529E+01  4.419328E-01
299  3.14440439E-01 -4.000000E+00  0.000000E+00 -1.366279E+01  4.405061E-01
300  3.28386602E-01 -4.000000E+00  0.000000E+00 -1.255247E+01  4.378403E-01
301  3.42922472E-01 -4.000000E+00  0.000000E+00 -1.133284E+01  4.338610E-01
302  3.58071175E-01 -4.000000E+00  0.000000E+00 -1.000327E+01  4.284970E-01
303  3.73856634E-01 -4.000000E+00  0.000000E+00 -8.564132E+00  4.216805E-01
304  3.90303591E-01 -4.000000E+00  0.000000E+00 -7.016955E+00  4.133487E-01
305  4.07437632E-01 -4.000000E+00  0.000000E+00 -5.364529E+00  4.034452E-01
306  4.25285201E-01 -4.000000E+00  0.000000E+00 -3.611058E+00  3.919209E-01
307  4.43873630E-01 -4.000000E+00  0.000000E+00 -1.762301E+00  3.787357E-01
308  4.63231156E-01 -4.000000E+00  0.000000E+00  1.742979E-01  3.638603E-01
309  4.83386945E-01 -4.000000E+00  0.000000E+00  2.189480E+00  3.472770E-01
310  5.04371117E-01 -4.000000E+00  0.000000E+00  4.272055E+00  3.289822E-01
311  5.26214763E-01 -4.000000E+00  0.000000E+00  6.408794E+00  3.089874E-01
312  5.48949971E-01 -4.000000E+00  0.000000E+00  8.584349E+00  2.873213E-01
313  5.72609850E-01 -4.000000E+00  0.000000E+00  1.078119E+01  2.640312E-01
314  5.97228549E-01 -4.000000E+00  0.000000E+00  1.297959E+01  2.391847E-01
315  6.22841284E-01 -4.000000E+00  0.000000E+00  1.515760E+01  2.128711E-01
316  6.49484356E-01 -4.000000E+00  0.000000E+00  1.729113E+01  1.852027E-01
317  6.77195179E-01 -4.000000E+00  0.000000E+00  1.935403E+01  1.563162E-01
318  7.06012298E-01 -4.000000E+00  0.000000E+00  2.131825E+01  1.263732E-01
319  7.35975414E-01 -4.000000E+00  0.000000E+00  2.315407E+01  9.556119E-02
320  7.67125405E-01 -4.000000E+00  0.000000E+00  2.483037E+01  6.409354E-02
321  7.99504352E-01 -4.000000E+00  0.000000E+00  2.631497E+01  3.220942E-02
322  8.33155554E-01 -4.000000E+00  0.000000E+00  2.757511E+01  1.730550E-04
323  8.68123557E-01 -4.000000E+00  0.000000E+00  2.857797E+01 -3.172742E-02
324  9.04454171E-01 -4.000000E+00  0.000000E+00  2.929121E+01 -6.318185E-02
325  9.42194494E-01 -4.000000E+00  0.000000E+00  2.968372E+01 -9.386055E-02
326  9.81392931E-01 -4.000000E+00  0.000000E+00  2.972638E+01 -1.234175E-01
327  1.02209922E+00 -4.000000E+00  0.000000E+00  2.939286E+01 -1.514942E-01
328  1.06436443E+00 -4.000000E+00  0.000000E+00  2.866053E+01 -1.777248E-01
329  1.10824102E+00 -4.000000E+00  0.000000E+00  2.751146E+01 -2.017408E-01
330  1.15378283E+00 -4.000000E+00  0.000000E+00  2.593332E+01 -2.231781E-01
331  1.20104510E+00 -4.000000E+00  0.000000E+00  2.392046E+01 -2.416836E-01
332  1.25008450E+00 -4.000000E+00  0.000000E+00  2.147483E+01 -2.569228E-01
333  1.30095913E+00 -4.000000E+00  0.000000E+00  1.860691E+01 -2.685878E-01
334  1.35372857E+00 -4.000000E+00  0.000000E+00  1.533662E+01 -2.764064E-01
335  1.40845387E+00 -4.000000E+00  0.000000E+00  1.169396E+01 -2.801503E-01
336  1.46519755E+00 -4.000000E+00  0.000000E+00  7.719608E+00 -2.796445E-01
337  1.52402366E+00 -4.000000E+00  0.000000E+00  3.465294E+00 -2.747756E-01
338  1.58499775E+00 -4.000000E+00  0.000000E+00 -1.006161E+00 -2.655005E-01
339  1.64818693E+00 -4.000000E+00  0.000000E+00 -5.621030E+00 -2.518534E-01
340  1.71365983E+00 -4.000000E+00  0.000000E+00 -1.029525E+01 -2.339526E-01
341  1.78148665E+00 -4.000000E+00  0.000000E+00 -1.493537E+01 -2.120055E-01
342  1.85173916E+00 -4.000000E+00  0.000000E+00 -1.943990E+01 -1.863120E-01
343  1.92449069E+00 -4.000000E+00  0.000000E+00 -2.370116E+01 -1.572653E-01
344  1.99981619E+00 -4.000000E+00  0.000000E+00 -2.760746E+01 -1.253512E-01
345  2.07779218E+00 -4.000000E+00  0.000000E+00 -3.104587E+01 -9.114406E-02
346  2.15849678E+00 -4.000000E+00  0.000000E+00 -3.390525E+01 -5.529990E-02
347  2.24200974E+00 -4.000000E+00  0.000000E+00 -3.607979E+01 -1.854674E-02
348  2.32841239E+00 -4.000000E+00  0.000000E+00 -3.747272E+01  1.832848E-02
349  2.41778771E+00 -4.000000E+00  0.000000E+00 -3.800030E+01  5.449603E-02
350  2.51022029E+00 -4.000000E+00  0.000000E+00 -3.759590E+01  8.910241E-02
351  2.60579632E+00 -4.000000E+00  0.000000E+00 -3.621392E+01  1.212921E-01
352  2.70460364E+00 -4.000000E+00  0.000000E+00 -3.383361E+01  1.502314E-01
353  2.80673169E+00 -4.000000E+00  0.000000E+00 -3.046239E+01  1.751343E-01
354  2.91227154E+00 -4.000000E+00  0.000000E+00 -2.613862E+01  1.952886E-01
355  3.02131587E+00 -4.000000E+00  0.000000E+00 -2.093354E+01  2.100825E-01
356  3.13395898E+00 -4.000000E+00  0.000000E+00 -1.495218E+01  2.190302E-01
357  3.25029677E+00 -4.000000E+00  0.000000E+00 -8.333198E+00  2.217957E-01
358  3.37042674E+00 -4.000000E+00  0.000000E+00 -1.247267E+00  2.182126E-01
359  3.49444798E+00 -4.000000E+00  0.000000E+00  6.105922E+00  2.083006E-01
360  3.62246118E+00 -4.000000E+00  0.000000E+00  1.350218E+01  1.922759E-01
361  3.75456858E+00 -4.000000E+00  0.000000E+00  2.069887E+01  1.705560E-01
362  3.89087401E+00 -4.000000E+00  0.000000E+00  2.744237E+01  1.437565E-01
363  4.03148282E+00 -4.000000E+00  0.000000E+00  3.347688E+01  1.126806E-01
364  4.17650192E+00 -4.000000E+00  0.000000E+00  3.855421E+01  7.830058E-02
365  4.32603974E+00 -4.000000E+00  0.000000E+00  4.244439E+01  4.173140E-02
366  4.48020621E+00 -4.000000E+00  0.000000E+00  4.494651E+01  4.196326E-03
367  4.63911274E+00 -4.000000E+00  0.000000E+00  4.589948E+01 -3.301376E-02
368  4.80287225E+00 -4.000000E+00  0.000000E+00  4.519205E+01 -6.858660E-02
369  4.97159907E+00 -4.000000E+00  0.000000E+00  4.277166E+01 -1.012387E-01
370  5.14540899E+00 -4.000000E+00  0.000000E+00  3.865135E+01 -1.297671E-01
371  5.32441921E+00 -4.000000E+00  0.000000E+00  3.291441E+01 -1.531010E-01
372  5.50874831E+00 -4.000000E+00  0.000000E+00  2.571618E+01 -1.703502E-01
373  5.69851626E+00 -4.000000E+00  0.000000E+00  1.728252E+01 -1.808484E-01
374  5.89384434E+00 -4.000000E+00  0.000000E+00  7.904930E+00 -1.841885E-01
375  6.09485518E+00 -4.000000E+00  0.000000E+00 -2.067977E+00 -1.802476E-01
376  6.30167269E+00 -4.000000E+00  0.000000E+00 -1.224244E+01 -1.692010E-01
377  6.51442206E+00 -4.000000E+00  0.000000E+00 -2.219467E+01 -1.515217E-01
378  6.73322970E+00 -4.000000E+00  0.000000E+00 -3.148858E+01 -1.279671E-01
379  6.95822325E+00 -4.000000E+00  0.000000E+00 -3.969548E+01 -9.955053E-02
380  7.18953153E+00 -4.000000E+00  0.000000E+00 -4.641474E+01 -6.750076E-02
381  7.42728452E+00 -4.000000E+00  0.000000E+00 -5.129442E+01 -3.320881E-02
382  7.67161330E+00 -4.000000E+00  0.000000E+00 -5.405083E+01  1.833996E-03
383  7.92265008E+00 -4.000000E+00  0.000000E+00 -5.448572E+01  3.610468E-02
384  8.18052811E+00 -4.000000E+00  0.000000E+00 -5.250010E+01  6.812014E-02
385  8.44538166E+00 -4.000000E+00  0.000000E+00 -4.810368E+01  9.650789E-02
386  8.71734604E+00 -4.000000E+00  0.000000E+00 -4.141916E+01  1.200721E-01
387  8.99655748E+00 -4.000000E+00  0.000000E+00 -3.268079E+01  1.378513E-01
388  9.28315317E+00 -4.000000E+00  0.000000E+00 -2.222706E+01  1.491641E-01
389  9.57727120E+00 -4.000000E+00  0.000000E+00 -1.048759E+01  1.536405E-01
390  9.87905051E+00 -4.000000E+00  0.000000E+00  2.035280E+00  1.512370E-01
391  1.01886309E+01 -4.000000E+00  0.000000E+00  1.478928E+01  1.422337E-01
392  1.05061529E+01 -4.000000E+00  0.000000E+00  2.719837E+01  1.272151E-01
393  1.08317579E+01 -4.000000E+00  0.000000E+00  3.869071E+01  1.070335E-01
394  1.11655880E+01 -4.000000E+00  0.000000E+00  4.872701E+01  8.275989E-02
395  1.15077858E+01 -4.000000E+00  0.000000E+00  5.682752E+01  5.562294E-02
396  1.18584949E+01 -4.000000E+00  0.000000E+00  6.259616E+01  2.694135E-02
397  1.22178593E+01 -4.000000E+00  0.000000E+00  6.574028E+01 -1.946870E-03
398  1.25860236E+01 -4.000000E+00  0.000000E+00  6.608493E+01 -2.975293E-02
399  1.29631330E+01 -4.000000E+00  0.000000E+00  1.326117E+02 -1.153673E-01
