#      n =  5
#  kappa = -1
# energy = -2.67071106E+01
#     vc = -9.58394770E+06


0    1.42857143E-07 -2.744492E-02  0.000000E+00  0.000000E+00  8.654473E-01
1    1.49821013E-07 -2.878277E-02  0.000000E+00  1.059336E-05  8.654473E-01
2    1.57124331E-07 -3.018584E-02  0.000000E+00  2.170308E-05  8.252200E-01
3    1.64783643E-07 -3.165730E-02  0.000000E+00  3.335434E-05  7.868629E-01
4    1.72816300E-07 -3.320047E-02  0.000000E+00  4.557352E-05  7.502888E-01
5    1.81240498E-07 -3.481887E-02  0.000000E+00  5.838831E-05  7.154148E-01
6    1.90075320E-07 -3.651615E-02  0.000000E+00  7.182772E-05  6.821618E-01
7    1.99340780E-07 -3.829616E-02  0.000000E+00  8.592222E-05  6.504546E-01
8    2.09057867E-07 -4.016293E-02  0.000000E+00  1.007037E-04  6.202212E-01
9    2.19248592E-07 -4.212069E-02  0.000000E+00  1.162057E-04  5.913932E-01
10   2.29936039E-07 -4.417388E-02  0.000000E+00  1.324633E-04  5.639052E-01
11   2.41144417E-07 -4.632713E-02  0.000000E+00  1.495133E-04  5.376949E-01
12   2.52899115E-07 -4.858534E-02  0.000000E+00  1.673944E-04  5.127029E-01
13   2.65226758E-07 -5.095361E-02  0.000000E+00  1.861470E-04  4.888727E-01
14   2.78155269E-07 -5.343731E-02  0.000000E+00  2.058136E-04  4.661501E-01
15   2.91713933E-07 -5.604206E-02  0.000000E+00  2.264389E-04  4.444838E-01
16   3.05933461E-07 -5.877376E-02  0.000000E+00  2.480694E-04  4.238245E-01
17   3.20846059E-07 -6.163860E-02  0.000000E+00  2.707541E-04  4.041256E-01
18   3.36485504E-07 -6.464306E-02  0.000000E+00  2.945446E-04  3.853423E-01
19   3.52887219E-07 -6.779395E-02  0.000000E+00  3.194945E-04  3.674321E-01
20   3.70088351E-07 -7.109840E-02  0.000000E+00  3.456605E-04  3.503544E-01
21   3.88127860E-07 -7.456389E-02  0.000000E+00  3.731019E-04  3.340705E-01
22   4.07046601E-07 -7.819827E-02  0.000000E+00  4.018807E-04  3.185436E-01
23   4.26887422E-07 -8.200976E-02  0.000000E+00  4.320621E-04  3.037383E-01
24   4.47695257E-07 -8.600700E-02  0.000000E+00  4.637145E-04  2.896212E-01
25   4.69517231E-07 -9.019903E-02  0.000000E+00  4.969095E-04  2.761604E-01
26   4.92402763E-07 -9.459534E-02  0.000000E+00  5.317224E-04  2.633252E-01
27   5.16403682E-07 -9.920588E-02  0.000000E+00  5.682320E-04  2.510866E-01
28   5.41574339E-07 -1.040411E-01  0.000000E+00  6.065209E-04  2.394168E-01
29   5.67971735E-07 -1.091119E-01  0.000000E+00  6.466759E-04  2.282895E-01
30   5.95655648E-07 -1.144298E-01  0.000000E+00  6.887879E-04  2.176794E-01
31   6.24688768E-07 -1.200068E-01  0.000000E+00  7.329522E-04  2.075625E-01
32   6.55136838E-07 -1.258555E-01  0.000000E+00  7.792688E-04  1.979158E-01
33   6.87068804E-07 -1.319892E-01  0.000000E+00  8.278427E-04  1.887175E-01
34   7.20556972E-07 -1.384217E-01  0.000000E+00  8.787837E-04  1.799467E-01
35   7.55677168E-07 -1.451676E-01  0.000000E+00  9.322073E-04  1.715836E-01
36   7.92508914E-07 -1.522421E-01  0.000000E+00  9.882344E-04  1.636092E-01
37   8.31135604E-07 -1.596612E-01  0.000000E+00  1.046992E-03  1.560055E-01
38   8.71644694E-07 -1.674417E-01  0.000000E+00  1.108613E-03  1.487552E-01
39   9.14127900E-07 -1.756012E-01  0.000000E+00  1.173236E-03  1.418419E-01
40   9.58681408E-07 -1.841581E-01  0.000000E+00  1.241009E-03  1.352499E-01
41   1.00540608E-06 -1.931317E-01  0.000000E+00  1.312084E-03  1.289642E-01
42   1.05440771E-06 -2.025423E-01  0.000000E+00  1.386623E-03  1.229708E-01
43   1.10579722E-06 -2.124111E-01  0.000000E+00  1.464794E-03  1.172559E-01
44   1.15969095E-06 -2.227605E-01  0.000000E+00  1.546775E-03  1.118066E-01
45   1.21621091E-06 -2.336137E-01  0.000000E+00  1.632750E-03  1.066106E-01
46   1.27548503E-06 -2.449952E-01  0.000000E+00  1.722914E-03  1.016560E-01
47   1.33764749E-06 -2.569307E-01  0.000000E+00  1.817472E-03  9.693176E-02
48   1.40283900E-06 -2.694471E-01  0.000000E+00  1.916637E-03  9.242706E-02
49   1.47120712E-06 -2.825725E-01  0.000000E+00  2.020634E-03  8.813171E-02
50   1.54290660E-06 -2.963366E-01  0.000000E+00  2.129698E-03  8.403598E-02
51   1.61809971E-06 -3.107702E-01  0.000000E+00  2.244077E-03  8.013060E-02
52   1.69695666E-06 -3.259059E-01  0.000000E+00  2.364028E-03  7.640670E-02
53   1.77965589E-06 -3.417776E-01  0.000000E+00  2.489823E-03  7.285586E-02
54   1.86638458E-06 -3.584209E-01  0.000000E+00  2.621748E-03  6.947002E-02
55   1.95733899E-06 -3.758732E-01  0.000000E+00  2.760099E-03  6.624152E-02
56   2.05272496E-06 -3.941736E-01  0.000000E+00  2.905192E-03  6.316303E-02
57   2.15275833E-06 -4.133630E-01  0.000000E+00  3.057353E-03  6.022759E-02
58   2.25766546E-06 -4.334845E-01  0.000000E+00  3.216927E-03  5.742853E-02
59   2.36768374E-06 -4.545827E-01  0.000000E+00  3.384275E-03  5.475952E-02
60   2.48306209E-06 -4.767050E-01  0.000000E+00  3.559775E-03  5.221450E-02
61   2.60406157E-06 -4.999004E-01  0.000000E+00  3.743825E-03  4.978770E-02
62   2.73095593E-06 -5.242206E-01  0.000000E+00  3.936841E-03  4.747363E-02
63   2.86403225E-06 -5.497196E-01  0.000000E+00  4.139259E-03  4.526704E-02
64   3.00359161E-06 -5.764538E-01  0.000000E+00  4.351538E-03  4.316293E-02
65   3.14994970E-06 -6.044822E-01  0.000000E+00  4.574156E-03  4.115652E-02
66   3.30343760E-06 -6.338667E-01  0.000000E+00  4.807619E-03  3.924327E-02
67   3.46440250E-06 -6.646719E-01  0.000000E+00  5.052452E-03  3.741884E-02
68   3.63320849E-06 -6.969653E-01  0.000000E+00  5.309211E-03  3.567908E-02
69   3.81023736E-06 -7.308174E-01  0.000000E+00  5.578476E-03  3.402006E-02
70   3.99588951E-06 -7.663021E-01  0.000000E+00  5.860855E-03  3.243800E-02
71   4.19058479E-06 -8.034961E-01  0.000000E+00  6.156987E-03  3.092932E-02
72   4.39476349E-06 -8.424798E-01  0.000000E+00  6.467540E-03  2.949059E-02
73   4.60888734E-06 -8.833371E-01  0.000000E+00  6.793218E-03  2.811854E-02
74   4.83344051E-06 -9.261551E-01  0.000000E+00  7.134756E-03  2.681006E-02
75   5.06893074E-06 -9.710249E-01  0.000000E+00  7.492925E-03  2.556217E-02
76   5.31589045E-06 -1.018041E+00  0.000000E+00  7.868536E-03  2.437203E-02
77   5.57487800E-06 -1.067303E+00  0.000000E+00  8.262436E-03  2.323694E-02
78   5.84647886E-06 -1.118911E+00  0.000000E+00  8.675516E-03  2.215431E-02
79   6.13130701E-06 -1.172974E+00  0.000000E+00  9.108709E-03  2.112167E-02
80   6.43000630E-06 -1.229601E+00  0.000000E+00  9.562992E-03  2.013668E-02
81   6.74325185E-06 -1.288906E+00  0.000000E+00  1.003939E-02  1.919707E-02
82   7.07175166E-06 -1.351007E+00  0.000000E+00  1.053899E-02  1.830071E-02
83   7.41624812E-06 -1.416027E+00  0.000000E+00  1.106290E-02  1.744554E-02
84   7.77751976E-06 -1.484092E+00  0.000000E+00  1.161232E-02  1.662960E-02
85   8.15638292E-06 -1.555330E+00  0.000000E+00  1.218848E-02  1.585101E-02
86   8.55369366E-06 -1.629875E+00  0.000000E+00  1.279268E-02  1.510800E-02
87   8.97034965E-06 -1.707863E+00  0.000000E+00  1.342630E-02  1.439883E-02
88   9.40729221E-06 -1.789433E+00  0.000000E+00  1.409074E-02  1.372188E-02
89   9.86550838E-06 -1.874726E+00  0.000000E+00  1.478753E-02  1.307557E-02
90   1.03460332E-05 -1.963886E+00  0.000000E+00  1.551822E-02  1.245841E-02
91   1.08499521E-05 -2.057055E+00  0.000000E+00  1.628446E-02  1.186894E-02
92   1.13784031E-05 -2.154380E+00  0.000000E+00  1.708799E-02  1.130578E-02
93   1.19325795E-05 -2.256002E+00  0.000000E+00  1.793061E-02  1.076762E-02
94   1.25137329E-05 -2.362065E+00  0.000000E+00  1.881422E-02  1.025316E-02
95   1.31231754E-05 -2.472707E+00  0.000000E+00  1.974081E-02  9.761199E-03
96   1.37622829E-05 -2.588060E+00  0.000000E+00  2.071248E-02  9.290539E-03
97   1.44324983E-05 -2.708250E+00  0.000000E+00  2.173139E-02  8.840045E-03
98   1.51353343E-05 -2.833394E+00  0.000000E+00  2.279986E-02  8.408620E-03
99   1.58723774E-05 -2.963595E+00  0.000000E+00  2.392028E-02  7.995199E-03
100  1.66452909E-05 -3.098940E+00  0.000000E+00  2.509518E-02  7.598756E-03
101  1.74558191E-05 -3.239497E+00  0.000000E+00  2.632719E-02  7.218292E-03
102  1.83057908E-05 -3.385308E+00  0.000000E+00  2.761909E-02  6.852840E-03
103  1.91971236E-05 -3.536386E+00  0.000000E+00  2.897378E-02  6.501456E-03
104  2.01318284E-05 -3.692707E+00  0.000000E+00  3.039429E-02  6.163223E-03
105  2.11120135E-05 -3.854201E+00  0.000000E+00  3.188383E-02  5.837244E-03
106  2.21398896E-05 -4.020749E+00  0.000000E+00  3.344573E-02  5.522642E-03
107  2.32177747E-05 -4.192165E+00  0.000000E+00  3.508350E-02  5.218557E-03
108  2.43480994E-05 -4.368191E+00  0.000000E+00  3.680081E-02  4.924149E-03
109  2.55334121E-05 -4.548479E+00  0.000000E+00  3.860151E-02  4.638591E-03
110  2.67763848E-05 -4.732577E+00  0.000000E+00  4.048962E-02  4.361071E-03
111  2.80798192E-05 -4.919909E+00  0.000000E+00  4.246939E-02  4.090792E-03
112  2.94466531E-05 -5.109758E+00  0.000000E+00  4.454523E-02  3.826975E-03
113  3.08799663E-05 -5.301233E+00  0.000000E+00  4.672179E-02  3.568856E-03
114  3.23829884E-05 -5.493250E+00  0.000000E+00  4.900393E-02  3.315691E-03
115  3.39591055E-05 -5.684489E+00  0.000000E+00  5.139675E-02  3.066760E-03
116  3.56118676E-05 -5.873365E+00  0.000000E+00  5.390560E-02  2.821375E-03
117  3.73449971E-05 -6.057974E+00  0.000000E+00  5.653606E-02  2.578883E-03
118  3.91623966E-05 -6.236050E+00  0.000000E+00  5.929402E-02  2.338681E-03
119  4.10681581E-05 -6.404899E+00  0.000000E+00  6.218562E-02  2.100230E-03
120  4.30665716E-05 -6.561334E+00  0.000000E+00  6.521730E-02  1.864377E-03
121  4.51621350E-05 -6.701594E+00  0.000000E+00  6.839583E-02  1.615347E-03
122  4.73595642E-05 -6.821250E+00  0.000000E+00  7.172824E-02  1.244134E-03
123  4.96638033E-05 -6.915105E+00  0.000000E+00  7.522214E-02  2.425667E-03
124  5.20800361E-05 -6.977063E+00  0.000000E+00  7.889073E-02  9.090650E-04
125  5.46136971E-05 -6.999994E+00  0.000000E+00  8.272472E-02 -2.252841E-03
126  5.72704840E-05 -7.000000E+00  0.000000E+00  8.674337E-02  9.541691E-04
127  6.00563704E-05 -7.000000E+00  0.000000E+00  9.097312E-02  1.984320E-03
128  6.29776187E-05 -7.000000E+00  0.000000E+00  9.539851E-02 -2.651552E-04
129  6.60407945E-05 -7.000000E+00  0.000000E+00  1.000381E-01 -2.688180E-04
130  6.92527809E-05 -7.000000E+00  0.000000E+00  1.049023E-01 -4.818006E-04
131  7.26207941E-05 -7.000000E+00  0.000000E+00  1.100020E-01 -7.160817E-04
132  7.61523991E-05 -7.000000E+00  0.000000E+00  1.153486E-01 -9.497172E-04
133  7.98555265E-05 -7.000000E+00  0.000000E+00  1.209540E-01 -1.185475E-03
134  8.37384906E-05 -7.000000E+00  0.000000E+00  1.268307E-01 -1.423884E-03
135  8.78100071E-05 -7.000000E+00  0.000000E+00  1.329919E-01 -1.665480E-03
136  9.20792133E-05 -7.000000E+00  0.000000E+00  1.394512E-01 -1.910803E-03
137  9.65556874E-05 -7.000000E+00  0.000000E+00  1.462231E-01 -2.160404E-03
138  1.01249471E-04 -7.000000E+00  0.000000E+00  1.533226E-01 -2.414841E-03
139  1.06171089E-04 -7.000000E+00  0.000000E+00  1.607656E-01 -2.674683E-03
140  1.11331575E-04 -7.000000E+00  0.000000E+00  1.685686E-01 -2.940512E-03
141  1.16742498E-04 -7.000000E+00  0.000000E+00  1.767491E-01 -3.212922E-03
142  1.22415980E-04 -7.000000E+00  0.000000E+00  1.853251E-01 -3.492522E-03
143  1.28364732E-04 -7.000000E+00  0.000000E+00  1.943158E-01 -3.779936E-03
144  1.34602075E-04 -7.000000E+00  0.000000E+00  2.037412E-01 -4.075805E-03
145  1.41141975E-04 -7.000000E+00  0.000000E+00  2.136221E-01 -4.380789E-03
146  1.47999070E-04 -7.000000E+00  0.000000E+00  2.239805E-01 -4.695568E-03
147  1.55188703E-04 -7.000000E+00  0.000000E+00  2.348394E-01 -5.020844E-03
148  1.62726956E-04 -7.000000E+00  0.000000E+00  2.462228E-01 -5.357340E-03
149  1.70630686E-04 -7.000000E+00  0.000000E+00  2.581560E-01 -5.705806E-03
150  1.78917563E-04 -7.000000E+00  0.000000E+00  2.706654E-01 -6.067015E-03
151  1.87606104E-04 -7.000000E+00  0.000000E+00  2.837786E-01 -6.441771E-03
152  1.96715719E-04 -7.000000E+00  0.000000E+00  2.975246E-01 -6.830906E-03
153  2.06266754E-04 -7.000000E+00  0.000000E+00  3.119339E-01 -7.235282E-03
154  2.16280530E-04 -7.000000E+00  0.000000E+00  3.270382E-01 -7.655798E-03
155  2.26779393E-04 -7.000000E+00  0.000000E+00  3.428709E-01 -8.093384E-03
156  2.37786765E-04 -7.000000E+00  0.000000E+00  3.594667E-01 -8.549008E-03
157  2.49327192E-04 -7.000000E+00  0.000000E+00  3.768624E-01 -9.023680E-03
158  2.61426399E-04 -7.000000E+00  0.000000E+00  3.950961E-01 -9.518449E-03
159  2.74111345E-04 -7.000000E+00  0.000000E+00  4.142080E-01 -1.003441E-02
160  2.87410283E-04 -7.000000E+00  0.000000E+00  4.342400E-01 -1.057269E-02
161  3.01352823E-04 -7.000000E+00  0.000000E+00  4.552360E-01 -1.113449E-02
162  3.15969993E-04 -7.000000E+00  0.000000E+00  4.772421E-01 -1.172105E-02
163  3.31294308E-04 -7.000000E+00  0.000000E+00  5.003065E-01 -1.233364E-02
164  3.47359842E-04 -7.000000E+00  0.000000E+00  5.244797E-01 -1.297363E-02
165  3.64202299E-04 -7.000000E+00  0.000000E+00  5.498143E-01 -1.364241E-02
166  3.81859095E-04 -7.000000E+00  0.000000E+00  5.763658E-01 -1.434146E-02
167  4.00369434E-04 -7.000000E+00  0.000000E+00  6.041919E-01 -1.507230E-02
168  4.19774395E-04 -7.000000E+00  0.000000E+00  6.333533E-01 -1.583654E-02
169  4.40117024E-04 -7.000000E+00  0.000000E+00  6.639133E-01 -1.663585E-02
170  4.61442419E-04 -7.000000E+00  0.000000E+00  6.959383E-01 -1.747198E-02
171  4.83797835E-04 -7.000000E+00  0.000000E+00  7.294977E-01 -1.834675E-02
172  5.07232784E-04 -7.000000E+00  0.000000E+00  7.646641E-01 -1.926206E-02
173  5.31799137E-04 -7.000000E+00  0.000000E+00  8.015135E-01 -2.021992E-02
174  5.57551240E-04 -7.000000E+00  0.000000E+00  8.401254E-01 -2.122239E-02
175  5.84546031E-04 -7.000000E+00  0.000000E+00  8.805831E-01 -2.227167E-02
176  6.12843158E-04 -7.000000E+00  0.000000E+00  9.229734E-01 -2.337002E-02
177  6.42505111E-04 -7.000000E+00  0.000000E+00  9.673874E-01 -2.451983E-02
178  6.73597352E-04 -7.000000E+00  0.000000E+00  1.013920E+00 -2.572358E-02
179  7.06188457E-04 -7.000000E+00  0.000000E+00  1.062671E+00 -2.698386E-02
180  7.40350261E-04 -7.000000E+00  0.000000E+00  1.113745E+00 -2.830339E-02
181  7.76158010E-04 -7.000000E+00  0.000000E+00  1.167249E+00 -2.968502E-02
182  8.13690525E-04 -7.000000E+00  0.000000E+00  1.223298E+00 -3.113171E-02
183  8.53030364E-04 -7.000000E+00  0.000000E+00  1.282011E+00 -3.264656E-02
184  8.94263999E-04 -7.000000E+00  0.000000E+00  1.343511E+00 -3.423282E-02
185  9.37482000E-04 -7.000000E+00  0.000000E+00  1.407929E+00 -3.589386E-02
186  9.82779223E-04 -7.000000E+00  0.000000E+00  1.475399E+00 -3.763324E-02
187  1.03025502E-03 -7.000000E+00  0.000000E+00  1.546064E+00 -3.945464E-02
188  1.08001342E-03 -7.000000E+00  0.000000E+00  1.620071E+00 -4.136195E-02
189  1.13216339E-03 -7.000000E+00  0.000000E+00  1.697574E+00 -4.335918E-02
190  1.18681903E-03 -7.000000E+00  0.000000E+00  1.778735E+00 -4.545057E-02
191  1.24409982E-03 -7.000000E+00  0.000000E+00  1.863722E+00 -4.764053E-02
192  1.30413089E-03 -7.000000E+00  0.000000E+00  1.952709E+00 -4.993364E-02
193  1.36704323E-03 -7.000000E+00  0.000000E+00  2.045881E+00 -5.233472E-02
194  1.43297402E-03 -7.000000E+00  0.000000E+00  2.143428E+00 -5.484880E-02
195  1.50206688E-03 -7.000000E+00  0.000000E+00  2.245550E+00 -5.748110E-02
196  1.57447219E-03 -7.000000E+00  0.000000E+00  2.352453E+00 -6.023710E-02
197  1.65034737E-03 -7.000000E+00  0.000000E+00  2.464356E+00 -6.312251E-02
198  1.72985723E-03 -7.000000E+00  0.000000E+00  2.581482E+00 -6.614329E-02
199  1.81317431E-03 -7.000000E+00  0.000000E+00  2.704067E+00 -6.930565E-02
200  1.90047921E-03 -7.000000E+00  0.000000E+00  2.832357E+00 -7.261607E-02
201  1.99196099E-03 -7.000000E+00  0.000000E+00  2.966605E+00 -7.608132E-02
202  2.08781753E-03 -7.000000E+00  0.000000E+00  3.107077E+00 -7.970845E-02
203  2.18825596E-03 -7.000000E+00  0.000000E+00  3.254050E+00 -8.350481E-02
204  2.29349304E-03 -7.000000E+00  0.000000E+00  3.407809E+00 -8.747806E-02
205  2.40375565E-03 -7.000000E+00  0.000000E+00  3.568654E+00 -9.163618E-02
206  2.51928122E-03 -7.000000E+00  0.000000E+00  3.736895E+00 -9.598749E-02
207  2.64031820E-03 -7.000000E+00  0.000000E+00  3.912854E+00 -1.005407E-01
208  2.76712659E-03 -7.000000E+00  0.000000E+00  4.096866E+00 -1.053047E-01
209  2.89997843E-03 -7.000000E+00  0.000000E+00  4.289279E+00 -1.102890E-01
210  3.03915835E-03 -7.000000E+00  0.000000E+00  4.490452E+00 -1.155033E-01
211  3.18496417E-03 -7.000000E+00  0.000000E+00  4.700760E+00 -1.209577E-01
212  3.33770745E-03 -7.000000E+00  0.000000E+00  4.920589E+00 -1.266629E-01
213  3.49771411E-03 -7.000000E+00  0.000000E+00  5.150342E+00 -1.326298E-01
214  3.66532512E-03 -7.000000E+00  0.000000E+00  5.390433E+00 -1.388698E-01
215  3.84089710E-03 -7.000000E+00  0.000000E+00  5.641293E+00 -1.453948E-01
216  4.02480309E-03 -7.000000E+00  0.000000E+00  5.903364E+00 -1.522170E-01
217  4.21743323E-03 -7.000000E+00  0.000000E+00  6.177106E+00 -1.593492E-01
218  4.41919552E-03 -7.000000E+00  0.000000E+00  6.462993E+00 -1.668047E-01
219  4.63051666E-03 -7.000000E+00  0.000000E+00  6.761512E+00 -1.745971E-01
220  4.85184282E-03 -7.000000E+00  0.000000E+00  7.073167E+00 -1.827406E-01
221  5.08364052E-03 -7.000000E+00  0.000000E+00  7.398476E+00 -1.912501E-01
222  5.32639753E-03 -7.000000E+00  0.000000E+00  7.737972E+00 -2.001406E-01
223  5.58062381E-03 -7.000000E+00  0.000000E+00  8.092201E+00 -2.094280E-01
224  5.84685245E-03 -7.000000E+00  0.000000E+00  8.461726E+00 -2.191284E-01
225  6.12564070E-03 -7.000000E+00  0.000000E+00  8.847121E+00 -2.292588E-01
226  6.41757103E-03 -7.000000E+00  0.000000E+00  9.248975E+00 -2.398364E-01
227  6.72325221E-03 -7.000000E+00  0.000000E+00  9.667891E+00 -2.508792E-01
228  7.04332043E-03 -7.000000E+00  0.000000E+00  1.010448E+01 -2.624055E-01
229  7.37844054E-03 -7.000000E+00  0.000000E+00  1.055937E+01 -2.744343E-01
230  7.72930723E-03 -7.000000E+00  0.000000E+00  1.103320E+01 -2.869850E-01
231  8.09664633E-03 -7.000000E+00  0.000000E+00  1.152661E+01 -3.000778E-01
232  8.48121613E-03 -7.000000E+00  0.000000E+00  1.204025E+01 -3.137331E-01
233  8.88380880E-03 -7.000000E+00  0.000000E+00  1.257478E+01 -3.279720E-01
234  9.30525177E-03 -7.000000E+00  0.000000E+00  1.313088E+01 -3.428160E-01
235  9.74640928E-03 -7.000000E+00  0.000000E+00  1.370919E+01 -3.582872E-01
236  1.02081839E-02 -7.000000E+00  0.000000E+00  1.431039E+01 -3.744079E-01
237  1.06915182E-02 -7.000000E+00  0.000000E+00  1.493515E+01 -3.912011E-01
238  1.11973962E-02 -7.000000E+00  0.000000E+00  1.558412E+01 -4.086900E-01
239  1.17268456E-02 -7.000000E+00  0.000000E+00  1.625795E+01 -4.268983E-01
240  1.22809390E-02 -7.000000E+00  0.000000E+00  1.695729E+01 -4.458498E-01
241  1.28607961E-02 -7.000000E+00  0.000000E+00  1.768275E+01 -4.655688E-01
242  1.34675857E-02 -7.000000E+00  0.000000E+00  1.843495E+01 -4.860796E-01
243  1.41025274E-02 -7.000000E+00  0.000000E+00  1.921445E+01 -5.074067E-01
244  1.47668941E-02 -7.000000E+00  0.000000E+00  2.002181E+01 -5.295745E-01
245  1.54620138E-02 -7.000000E+00  0.000000E+00  2.085753E+01 -5.526077E-01
246  1.61892720E-02 -7.000000E+00  0.000000E+00  2.172209E+01 -5.765306E-01
247  1.69501142E-02 -7.000000E+00  0.000000E+00  2.261591E+01 -6.013672E-01
248  1.77460477E-02 -7.000000E+00  0.000000E+00  2.353935E+01 -6.271413E-01
249  1.85786451E-02 -7.000000E+00  0.000000E+00  2.449271E+01 -6.538763E-01
250  1.94495458E-02 -7.000000E+00  0.000000E+00  2.547621E+01 -6.815947E-01
251  2.03604594E-02 -7.000000E+00  0.000000E+00  2.648998E+01 -7.103184E-01
252  2.13131682E-02 -7.000000E+00  0.000000E+00  2.753408E+01 -7.400683E-01
253  2.23095300E-02 -7.000000E+00  0.000000E+00  2.860844E+01 -7.708641E-01
254  2.33514812E-02 -7.000000E+00  0.000000E+00  2.971289E+01 -8.027241E-01
255  2.44410399E-02 -7.000000E+00  0.000000E+00  3.084710E+01 -8.356651E-01
256  2.55803085E-02 -7.000000E+00  0.000000E+00  3.201063E+01 -8.697019E-01
257  2.67714780E-02 -7.000000E+00  0.000000E+00  3.320285E+01 -9.048475E-01
258  2.80168302E-02 -7.000000E+00  0.000000E+00  3.442298E+01 -9.411122E-01
259  2.93187421E-02 -7.000000E+00  0.000000E+00  3.567003E+01 -9.785037E-01
260  3.06796889E-02 -7.000000E+00  0.000000E+00  3.694281E+01 -1.017027E+00
261  3.21022479E-02 -7.000000E+00  0.000000E+00  3.823989E+01 -1.056682E+00
262  3.35891024E-02 -7.000000E+00  0.000000E+00  3.955960E+01 -1.097468E+00
263  3.51430454E-02 -7.000000E+00  0.000000E+00  4.089999E+01 -1.139378E+00
264  3.67669837E-02 -7.000000E+00  0.000000E+00  4.225882E+01 -1.182400E+00
265  3.84639423E-02 -7.000000E+00  0.000000E+00  4.363356E+01 -1.226517E+00
266  4.02370682E-02 -7.000000E+00  0.000000E+00  4.502131E+01 -1.271709E+00
267  4.20896353E-02 -7.000000E+00  0.000000E+00  4.641884E+01 -1.317946E+00
268  4.40250487E-02 -7.000000E+00  0.000000E+00  4.782249E+01 -1.365195E+00
269  4.60468493E-02 -7.000000E+00  0.000000E+00  4.922824E+01 -1.413412E+00
270  4.81587186E-02 -7.000000E+00  0.000000E+00  5.063161E+01 -1.462550E+00
271  5.03644837E-02 -7.000000E+00  0.000000E+00  5.202766E+01 -1.512550E+00
272  5.26681224E-02 -7.000000E+00  0.000000E+00  5.341097E+01 -1.563344E+00
273  5.50737679E-02 -7.000000E+00  0.000000E+00  5.477561E+01 -1.614856E+00
274  5.75857150E-02 -7.000000E+00  0.000000E+00  5.611512E+01 -1.667000E+00
275  6.02084244E-02 -7.000000E+00  0.000000E+00  5.742248E+01 -1.719678E+00
276  6.29465293E-02 -7.000000E+00  0.000000E+00  5.869011E+01 -1.772779E+00
277  6.58048405E-02 -7.000000E+00  0.000000E+00  5.990981E+01 -1.826182E+00
278  6.87883523E-02 -7.000000E+00  0.000000E+00  6.107280E+01 -1.879753E+00
279  7.19022487E-02 -7.000000E+00  0.000000E+00  6.216968E+01 -1.933342E+00
280  7.51519091E-02 -7.000000E+00  0.000000E+00  6.319040E+01 -1.986787E+00
281  7.85429150E-02 -7.000000E+00  0.000000E+00  6.412430E+01 -2.039911E+00
282  8.20810560E-02 -7.000000E+00  0.000000E+00  6.496009E+01 -2.092521E+00
283  8.57723363E-02 -7.000000E+00  0.000000E+00  6.568587E+01 -2.144407E+00
284  8.96229816E-02 -7.000000E+00  0.000000E+00  6.628912E+01 -2.195344E+00
285  9.36394455E-02 -7.000000E+00  0.000000E+00  6.675676E+01 -2.245091E+00
286  9.78284166E-02 -7.000000E+00  0.000000E+00  6.707518E+01 -2.293388E+00
287  1.02196825E-01 -7.000000E+00  0.000000E+00  6.723026E+01 -2.339961E+00
288  1.06751851E-01 -7.000000E+00  0.000000E+00  6.720748E+01 -2.384515E+00
289  1.11500929E-01 -7.000000E+00  0.000000E+00  6.699192E+01 -2.426742E+00
290  1.16451758E-01 -7.000000E+00  0.000000E+00  6.656841E+01 -2.466315E+00
291  1.21612309E-01 -7.000000E+00  0.000000E+00  6.592162E+01 -2.502893E+00
292  1.26990829E-01 -7.000000E+00  0.000000E+00  6.503614E+01 -2.536119E+00
293  1.32595855E-01 -7.000000E+00  0.000000E+00  6.389668E+01 -2.565621E+00
294  1.38436212E-01 -7.000000E+00  0.000000E+00  6.248819E+01 -2.591016E+00
295  1.44521033E-01 -7.000000E+00  0.000000E+00  6.079603E+01 -2.611910E+00
296  1.50859756E-01 -7.000000E+00  0.000000E+00  5.880621E+01 -2.627898E+00
297  1.57462138E-01 -7.000000E+00  0.000000E+00  5.650557E+01 -2.638572E+00
298  1.64338261E-01 -7.000000E+00  0.000000E+00  5.388207E+01 -2.643516E+00
299  1.71498543E-01 -7.000000E+00  0.000000E+00  5.092501E+01 -2.642316E+00
300  1.78953740E-01 -7.000000E+00  0.000000E+00  4.762535E+01 -2.634559E+00
301  1.86714961E-01 -7.000000E+00  0.000000E+00  4.397603E+01 -2.619841E+00
302  1.94793671E-01 -7.000000E+00  0.000000E+00  3.997225E+01 -2.597767E+00
303  2.03201705E-01 -7.000000E+00  0.000000E+00  3.561190E+01 -2.567960E+00
304  2.11951268E-01 -7.000000E+00  0.000000E+00  3.089585E+01 -2.530064E+00
305  2.21054953E-01 -7.000000E+00  0.000000E+00  2.582838E+01 -2.483749E+00
306  2.30525740E-01 -7.000000E+00  0.000000E+00  2.041752E+01 -2.428720E+00
307  2.40377012E-01 -7.000000E+00  0.000000E+00  1.467549E+01 -2.364723E+00
308  2.50622560E-01 -7.000000E+00  0.000000E+00  8.619023E+00 -2.291550E+00
309  2.61276588E-01 -7.000000E+00  0.000000E+00  2.269800E+00 -2.209048E+00
310  2.72353728E-01 -7.000000E+00  0.000000E+00 -4.345244E+00 -2.117127E+00
311  2.83869043E-01 -7.000000E+00  0.000000E+00 -1.119358E+01 -2.015765E+00
312  2.95838038E-01 -7.000000E+00  0.000000E+00 -1.823679E+01 -1.905022E+00
313  3.08276666E-01 -7.000000E+00  0.000000E+00 -2.543037E+01 -1.785038E+00
314  3.21201337E-01 -7.000000E+00  0.000000E+00 -3.272354E+01 -1.656049E+00
315  3.34628926E-01 -7.000000E+00  0.000000E+00 -4.005913E+01 -1.518391E+00
316  3.48576779E-01 -7.000000E+00  0.000000E+00 -4.737366E+01 -1.372507E+00
317  3.63062724E-01 -7.000000E+00  0.000000E+00 -5.459738E+01 -1.218951E+00
318  3.78105075E-01 -7.000000E+00  0.000000E+00 -6.165458E+01 -1.058396E+00
319  3.93722641E-01 -7.000000E+00  0.000000E+00 -6.846389E+01 -8.916355E-01
320  4.09934735E-01 -7.000000E+00  0.000000E+00 -7.493889E+01 -7.195870E-01
321  4.26761175E-01 -7.000000E+00  0.000000E+00 -8.098877E+01 -5.432924E-01
322  4.44222299E-01 -7.000000E+00  0.000000E+00 -8.651922E+01 -3.639174E-01
323  4.62338964E-01 -7.000000E+00  0.000000E+00 -9.143350E+01 -1.827474E-01
324  4.81132558E-01 -7.000000E+00  0.000000E+00 -9.563371E+01 -1.182612E-03
325  5.00625003E-01 -7.000000E+00  0.000000E+00 -9.902227E+01  1.792701E-01
326  5.20838761E-01 -7.000000E+00  0.000000E+00 -1.015036E+02  3.570083E-01
327  5.41796842E-01 -7.000000E+00  0.000000E+00 -1.029858E+02  5.303476E-01
328  5.63522806E-01 -7.000000E+00  0.000000E+00 -1.033832E+02  6.975384E-01
329  5.86040771E-01 -7.000000E+00  0.000000E+00 -1.026177E+02  8.567857E-01
330  6.09375417E-01 -7.000000E+00  0.000000E+00 -1.006219E+02  1.006272E+00
331  6.33551989E-01 -7.000000E+00  0.000000E+00 -9.734131E+01  1.144183E+00
332  6.58596303E-01 -7.000000E+00  0.000000E+00 -9.273641E+01  1.268737E+00
333  6.84534750E-01 -7.000000E+00  0.000000E+00 -8.678560E+01  1.378213E+00
334  7.11394298E-01 -7.000000E+00  0.000000E+00 -7.948742E+01  1.470988E+00
335  7.39202495E-01 -7.000000E+00  0.000000E+00 -7.086279E+01  1.545570E+00
336  7.67987473E-01 -7.000000E+00  0.000000E+00 -6.095713E+01  1.600632E+00
337  7.97777952E-01 -7.000000E+00  0.000000E+00 -4.984209E+01  1.635052E+00
338  8.28603239E-01 -7.000000E+00  0.000000E+00 -3.761691E+01  1.647946E+00
339  8.60493229E-01 -7.000000E+00  0.000000E+00 -2.440936E+01  1.638703E+00
340  8.93478411E-01 -7.000000E+00  0.000000E+00 -1.037602E+01  1.607017E+00
341  9.27589865E-01 -7.000000E+00  0.000000E+00  4.297999E+00  1.552915E+00
342  9.62859263E-01 -7.000000E+00  0.000000E+00  1.940013E+01  1.476782E+00
343  9.99318870E-01 -7.000000E+00  0.000000E+00  3.469221E+01  1.379381E+00
344  1.03700154E+00 -7.000000E+00  0.000000E+00  4.991321E+01  1.261859E+00
345  1.07594073E+00 -7.000000E+00  0.000000E+00  6.478287E+01  1.125758E+00
346  1.11617048E+00 -7.000000E+00  0.000000E+00  7.900617E+01  9.730039E-01
347  1.15772540E+00 -7.000000E+00  0.000000E+00  9.227883E+01  8.058977E-01
348  1.20064073E+00 -7.000000E+00  0.000000E+00  1.042935E+02  6.270873E-01
349  1.24495224E+00 -7.000000E+00  0.000000E+00  1.147469E+02  4.395348E-01
350  1.29069634E+00 -7.000000E+00  0.000000E+00  1.233472E+02  2.464716E-01
351  1.33790996E+00 -7.000000E+00  0.000000E+00  1.298227E+02  5.134320E-02
352  1.38663066E+00 -7.000000E+00  0.000000E+00  1.339297E+02 -1.422552E-01
353  1.43689652E+00 -7.000000E+00  0.000000E+00  1.354616E+02 -3.306510E-01
354  1.48874622E+00 -7.000000E+00  0.000000E+00  1.342566E+02 -5.101746E-01
355  1.54221898E+00 -7.000000E+00  0.000000E+00  1.302060E+02 -6.772438E-01
356  1.59735459E+00 -7.000000E+00  0.000000E+00  1.232611E+02 -8.284522E-01
357  1.65419338E+00 -7.000000E+00  0.000000E+00  1.134394E+02 -9.606580E-01
358  1.71277623E+00 -7.000000E+00  0.000000E+00  1.008287E+02 -1.071071E+00
359  1.77314455E+00 -7.000000E+00  0.000000E+00  8.559026E+01 -1.157335E+00
360  1.83534028E+00 -7.000000E+00  0.000000E+00  6.795989E+01 -1.217600E+00
361  1.89940588E+00 -7.000000E+00  0.000000E+00  4.824645E+01 -1.250591E+00
362  1.96538434E+00 -7.000000E+00  0.000000E+00  2.682839E+01 -1.255652E+00
363  2.03331914E+00 -7.000000E+00  0.000000E+00  4.147875E+00 -1.232787E+00
364  2.10325426E+00 -7.000000E+00  0.000000E+00 -1.929765E+01 -1.182673E+00
365  2.17523418E+00 -7.000000E+00  0.000000E+00 -4.296607E+01 -1.106656E+00
366  2.24930384E+00 -7.000000E+00  0.000000E+00 -6.628337E+01 -1.006735E+00
367  2.32550867E+00 -7.000000E+00  0.000000E+00 -8.865821E+01 -8.855108E-01
368  2.40389455E+00 -7.000000E+00  0.000000E+00 -1.094980E+02 -7.461291E-01
369  2.48450781E+00 -7.000000E+00  0.000000E+00 -1.282259E+02 -5.921944E-01
370  2.56739524E+00 -7.000000E+00  0.000000E+00 -1.442982E+02 -4.276736E-01
371  2.65260403E+00 -7.000000E+00  0.000000E+00 -1.572216E+02 -2.567836E-01
372  2.74018181E+00 -7.000000E+00  0.000000E+00 -1.665695E+02 -8.386942E-02
373  2.83017661E+00 -7.000000E+00  0.000000E+00 -1.719972E+02  8.672343E-02
374  2.92263687E+00 -7.000000E+00  0.000000E+00 -1.732544E+02  2.507782E-01
375  3.01761139E+00 -7.000000E+00  0.000000E+00 -1.701955E+02  4.043328E-01
376  3.11514936E+00 -7.000000E+00  0.000000E+00 -1.627868E+02  5.437973E-01
377  3.21530034E+00 -7.000000E+00  0.000000E+00 -1.511094E+02  6.660589E-01
378  3.31811423E+00 -7.000000E+00  0.000000E+00 -1.353595E+02  7.685709E-01
379  3.42364126E+00 -7.000000E+00  0.000000E+00 -1.158435E+02  8.494201E-01
380  3.53193200E+00 -7.000000E+00  0.000000E+00 -9.297038E+01  9.073732E-01
381  3.64303733E+00 -7.000000E+00  0.000000E+00 -6.723942E+01  9.418967E-01
382  3.75700842E+00 -7.000000E+00  0.000000E+00 -3.922565E+01  9.531536E-01
383  3.87389675E+00 -7.000000E+00  0.000000E+00 -9.561933E+00  9.419739E-01
384  3.99375405E+00 -7.000000E+00  0.000000E+00  2.108067E+01  9.098028E-01
385  4.11663234E+00 -7.000000E+00  0.000000E+00  5.201390E+01  8.586278E-01
386  4.24258386E+00 -7.000000E+00  0.000000E+00  8.255370E+01  7.908889E-01
387  4.37166112E+00 -7.000000E+00  0.000000E+00  1.120412E+02  7.093754E-01
388  4.50391682E+00 -7.000000E+00  0.000000E+00  1.398625E+02  6.171148E-01
389  4.63940390E+00 -7.000000E+00  0.000000E+00  1.654663E+02  5.172576E-01
390  4.77817549E+00 -7.000000E+00  0.000000E+00  1.883790E+02  4.129639E-01
391  4.92028491E+00 -7.000000E+00  0.000000E+00  2.082166E+02  3.072961E-01
392  5.06578563E+00 -7.000000E+00  0.000000E+00  2.246925E+02  2.031216E-01
393  5.21473132E+00 -7.000000E+00  0.000000E+00  2.376225E+02  1.030298E-01
394  5.36717577E+00 -7.000000E+00  0.000000E+00  2.469247E+02  9.264821E-03
395  5.52317291E+00 -7.000000E+00  0.000000E+00  2.526164E+02 -7.632217E-02
396  5.68277680E+00 -7.000000E+00  0.000000E+00  2.548079E+02 -1.523028E-01
397  5.84604162E+00 -7.000000E+00  0.000000E+00  2.536924E+02 -2.176814E-01
398  6.01302162E+00 -7.000000E+00  0.000000E+00  2.495345E+02 -2.719141E-01
399  6.18377117E+00 -7.000000E+00  0.000000E+00  5.988794E+02 -7.766895E-01
