#      n =  2
#  kappa = -1
# energy = -1.36972642E+03
#     vc = -2.75797570E+03


0    5.00000000E-08 -1.934130E-02  0.000000E+00 -0.000000E+00  2.115476E-02
1    5.24374860E-08 -2.028418E-02  0.000000E+00  1.674536E-07  2.115476E-02
2    5.49937918E-08 -2.127302E-02  0.000000E+00  3.430700E-07  2.017140E-02
3    5.76747092E-08 -2.231007E-02  0.000000E+00  5.272471E-07  1.923377E-02
4    6.04863120E-08 -2.339767E-02  0.000000E+00  7.204022E-07  1.833972E-02
5    6.34349700E-08 -2.453829E-02  0.000000E+00  9.229730E-07  1.748723E-02
6    6.65273636E-08 -2.573451E-02  0.000000E+00  1.135418E-06  1.667437E-02
7    6.97704986E-08 -2.698904E-02  0.000000E+00  1.358219E-06  1.589930E-02
8    7.31717224E-08 -2.830472E-02  0.000000E+00  1.591881E-06  1.516025E-02
9    7.67387402E-08 -2.968453E-02  0.000000E+00  1.836933E-06  1.445556E-02
10   8.04796331E-08 -3.113160E-02  0.000000E+00  2.093929E-06  1.378363E-02
11   8.44028756E-08 -3.264921E-02  0.000000E+00  2.363453E-06  1.314294E-02
12   8.85173553E-08 -3.424080E-02  0.000000E+00  2.646115E-06  1.253202E-02
13   9.28323932E-08 -3.590997E-02  0.000000E+00  2.942555E-06  1.194951E-02
14   9.73577641E-08 -3.766049E-02  0.000000E+00  3.253445E-06  1.139407E-02
15   1.02103719E-07 -3.949635E-02  0.000000E+00  3.579488E-06  1.086446E-02
16   1.07081010E-07 -4.142169E-02  0.000000E+00  3.921425E-06  1.035946E-02
17   1.12300911E-07 -4.344088E-02  0.000000E+00  4.280028E-06  9.877939E-03
18   1.17775245E-07 -4.555849E-02  0.000000E+00  4.656111E-06  9.418801E-03
19   1.23516415E-07 -4.777932E-02  0.000000E+00  5.050525E-06  8.981005E-03
20   1.29537423E-07 -5.010840E-02  0.000000E+00  5.464164E-06  8.563560E-03
21   1.35851909E-07 -5.255100E-02  0.000000E+00  5.897964E-06  8.165520E-03
22   1.42474174E-07 -5.511265E-02  0.000000E+00  6.352909E-06  7.785982E-03
23   1.49419220E-07 -5.779917E-02  0.000000E+00  6.830029E-06  7.424087E-03
24   1.56702776E-07 -6.061663E-02  0.000000E+00  7.330404E-06  7.079015E-03
25   1.64341339E-07 -6.357141E-02  0.000000E+00  7.855167E-06  6.749983E-03
26   1.72352210E-07 -6.667021E-02  0.000000E+00  8.405508E-06  6.436246E-03
27   1.80753533E-07 -6.992004E-02  0.000000E+00  8.982673E-06  6.137092E-03
28   1.89564335E-07 -7.332827E-02  0.000000E+00  9.587968E-06  5.851845E-03
29   1.98804571E-07 -7.690261E-02  0.000000E+00  1.022277E-05  5.579856E-03
30   2.08495169E-07 -8.065116E-02  0.000000E+00  1.088850E-05  5.320511E-03
31   2.18658074E-07 -8.458240E-02  0.000000E+00  1.158669E-05  5.073221E-03
32   2.29316303E-07 -8.870525E-02  0.000000E+00  1.231890E-05  4.837426E-03
33   2.40493991E-07 -9.302903E-02  0.000000E+00  1.308680E-05  4.612591E-03
34   2.52216453E-07 -9.756354E-02  0.000000E+00  1.389212E-05  4.398208E-03
35   2.64510234E-07 -1.023190E-01  0.000000E+00  1.473669E-05  4.193789E-03
36   2.77403172E-07 -1.073063E-01  0.000000E+00  1.562243E-05  3.998873E-03
37   2.90924464E-07 -1.125366E-01  0.000000E+00  1.655133E-05  3.813016E-03
38   3.05104727E-07 -1.180218E-01  0.000000E+00  1.752550E-05  3.635799E-03
39   3.19976070E-07 -1.237744E-01  0.000000E+00  1.854715E-05  3.466819E-03
40   3.35572164E-07 -1.298072E-01  0.000000E+00  1.961859E-05  3.305694E-03
41   3.51928325E-07 -1.361341E-01  0.000000E+00  2.074225E-05  3.152058E-03
42   3.69081584E-07 -1.427693E-01  0.000000E+00  2.192066E-05  3.005563E-03
43   3.87070778E-07 -1.497278E-01  0.000000E+00  2.315650E-05  2.865878E-03
44   4.05936637E-07 -1.570254E-01  0.000000E+00  2.445257E-05  2.732685E-03
45   4.25721872E-07 -1.646786E-01  0.000000E+00  2.581180E-05  2.605683E-03
46   4.46471275E-07 -1.727048E-01  0.000000E+00  2.723726E-05  2.484584E-03
47   4.68231821E-07 -1.811220E-01  0.000000E+00  2.873219E-05  2.369114E-03
48   4.91052771E-07 -1.899494E-01  0.000000E+00  3.029997E-05  2.259011E-03
49   5.14985786E-07 -1.992070E-01  0.000000E+00  3.194415E-05  2.154026E-03
50   5.40085042E-07 -2.089156E-01  0.000000E+00  3.366844E-05  2.053920E-03
51   5.66407354E-07 -2.190972E-01  0.000000E+00  3.547676E-05  1.958466E-03
52   5.94012303E-07 -2.297749E-01  0.000000E+00  3.737320E-05  1.867449E-03
53   6.22962372E-07 -2.409729E-01  0.000000E+00  3.936204E-05  1.780663E-03
54   6.53323086E-07 -2.527164E-01  0.000000E+00  4.144779E-05  1.697910E-03
55   6.85163160E-07 -2.650320E-01  0.000000E+00  4.363517E-05  1.619003E-03
56   7.18554656E-07 -2.779477E-01  0.000000E+00  4.592913E-05  1.543763E-03
57   7.53573143E-07 -2.914925E-01  0.000000E+00  4.833486E-05  1.472019E-03
58   7.90297871E-07 -3.056972E-01  0.000000E+00  5.085781E-05  1.403610E-03
59   8.28811947E-07 -3.205938E-01  0.000000E+00  5.350368E-05  1.338380E-03
60   8.69202524E-07 -3.362161E-01  0.000000E+00  5.627847E-05  1.276181E-03
61   9.11560998E-07 -3.525993E-01  0.000000E+00  5.918844E-05  1.216873E-03
62   9.55983215E-07 -3.697804E-01  0.000000E+00  6.224019E-05  1.160320E-03
63   1.00256968E-06 -3.877984E-01  0.000000E+00  6.544062E-05  1.106395E-03
64   1.05142581E-06 -4.066939E-01  0.000000E+00  6.879697E-05  1.054975E-03
65   1.10266213E-06 -4.265096E-01  0.000000E+00  7.231684E-05  1.005945E-03
66   1.15639455E-06 -4.472903E-01  0.000000E+00  7.600818E-05  9.591918E-04
67   1.21274463E-06 -4.690829E-01  0.000000E+00  7.987935E-05  9.146108E-04
68   1.27183984E-06 -4.919366E-01  0.000000E+00  8.393910E-05  8.721005E-04
69   1.33381385E-06 -5.159030E-01  0.000000E+00  8.819661E-05  8.315645E-04
70   1.39880685E-06 -5.410362E-01  0.000000E+00  9.266152E-05  7.929110E-04
71   1.46696583E-06 -5.673928E-01  0.000000E+00  9.734392E-05  7.560523E-04
72   1.53844496E-06 -5.950325E-01  0.000000E+00  1.022544E-04  7.209048E-04
73   1.61340588E-06 -6.240173E-01  0.000000E+00  1.074041E-04  6.873888E-04
74   1.69201811E-06 -6.544128E-01  0.000000E+00  1.128046E-04  6.554283E-04
75   1.77445943E-06 -6.862873E-01  0.000000E+00  1.184681E-04  6.249506E-04
76   1.86091625E-06 -7.197126E-01  0.000000E+00  1.244075E-04  5.958868E-04
77   1.95158405E-06 -7.547641E-01  0.000000E+00  1.306362E-04  5.681707E-04
78   2.04666783E-06 -7.915205E-01  0.000000E+00  1.371682E-04  5.417394E-04
79   2.14638255E-06 -8.300646E-01  0.000000E+00  1.440183E-04  5.165329E-04
80   2.25095364E-06 -8.704829E-01  0.000000E+00  1.512021E-04  4.924940E-04
81   2.36061749E-06 -9.128662E-01  0.000000E+00  1.587356E-04  4.695679E-04
82   2.47562197E-06 -9.573097E-01  0.000000E+00  1.666361E-04  4.477024E-04
83   2.59622702E-06 -1.003913E+00  0.000000E+00  1.749212E-04  4.268479E-04
84   2.72270521E-06 -1.052780E+00  0.000000E+00  1.836098E-04  4.069568E-04
85   2.85534239E-06 -1.104022E+00  0.000000E+00  1.927215E-04  3.879838E-04
86   2.99443828E-06 -1.157751E+00  0.000000E+00  2.022768E-04  3.698855E-04
87   3.14030717E-06 -1.214089E+00  0.000000E+00  2.122973E-04  3.526206E-04
88   3.29327866E-06 -1.273160E+00  0.000000E+00  2.228057E-04  3.361497E-04
89   3.45369834E-06 -1.335097E+00  0.000000E+00  2.338257E-04  3.204349E-04
90   3.62192861E-06 -1.400038E+00  0.000000E+00  2.453822E-04  3.054401E-04
91   3.79834950E-06 -1.468126E+00  0.000000E+00  2.575013E-04  2.911311E-04
92   3.98335949E-06 -1.539512E+00  0.000000E+00  2.702103E-04  2.774746E-04
93   4.17737643E-06 -1.614355E+00  0.000000E+00  2.835379E-04  2.644392E-04
94   4.38083848E-06 -1.692820E+00  0.000000E+00  2.975142E-04  2.519947E-04
95   4.59420509E-06 -1.775079E+00  0.000000E+00  3.121707E-04  2.401121E-04
96   4.81795802E-06 -1.861314E+00  0.000000E+00  3.275406E-04  2.287637E-04
97   5.05260246E-06 -1.951713E+00  0.000000E+00  3.436584E-04  2.179228E-04
98   5.29866811E-06 -2.046473E+00  0.000000E+00  3.605606E-04  2.075639E-04
99   5.55671043E-06 -2.145802E+00  0.000000E+00  3.782852E-04  1.976625E-04
100  5.82731185E-06 -2.249914E+00  0.000000E+00  3.968722E-04  1.881948E-04
101  6.11108306E-06 -2.359033E+00  0.000000E+00  4.163635E-04  1.791382E-04
102  6.40866444E-06 -2.473395E+00  0.000000E+00  4.368031E-04  1.704706E-04
103  6.72072745E-06 -2.593244E+00  0.000000E+00  4.582369E-04  1.621708E-04
104  7.04797615E-06 -2.718835E+00  0.000000E+00  4.807133E-04  1.542182E-04
105  7.39114877E-06 -2.850432E+00  0.000000E+00  5.042829E-04  1.465930E-04
106  7.75101940E-06 -2.988313E+00  0.000000E+00  5.289987E-04  1.392756E-04
107  8.12839967E-06 -3.132763E+00  0.000000E+00  5.549164E-04  1.322472E-04
108  8.52414063E-06 -3.284081E+00  0.000000E+00  5.820943E-04  1.254894E-04
109  8.93913461E-06 -3.442576E+00  0.000000E+00  6.105935E-04  1.189839E-04
110  9.37431722E-06 -3.608569E+00  0.000000E+00  6.404781E-04  1.127130E-04
111  9.83066951E-06 -3.782391E+00  0.000000E+00  6.718153E-04  1.066591E-04
112  1.03092201E-05 -3.964386E+00  0.000000E+00  7.046754E-04  1.008047E-04
113  1.08110474E-05 -4.154906E+00  0.000000E+00  7.391322E-04  9.513261E-05
114  1.13372823E-05 -4.354316E+00  0.000000E+00  7.752631E-04  8.962545E-05
115  1.18891103E-05 -4.562990E+00  0.000000E+00  8.131492E-04  8.426587E-05
116  1.24677747E-05 -4.781311E+00  0.000000E+00  8.528753E-04  7.903641E-05
117  1.30745788E-05 -5.009673E+00  0.000000E+00  8.945305E-04  7.391937E-05
118  1.37108892E-05 -5.248472E+00  0.000000E+00  9.382080E-04  6.889678E-05
119  1.43781386E-05 -5.498116E+00  0.000000E+00  9.840056E-04  6.395026E-05
120  1.50778292E-05 -5.759011E+00  0.000000E+00  1.032026E-03  5.906099E-05
121  1.58115361E-05 -6.031570E+00  0.000000E+00  1.082376E-03  5.420956E-05
122  1.65809106E-05 -6.316202E+00  0.000000E+00  1.135168E-03  4.937590E-05
123  1.73876839E-05 -6.613312E+00  0.000000E+00  1.190520E-03  4.453916E-05
124  1.82336710E-05 -6.923299E+00  0.000000E+00  1.248555E-03  3.967760E-05
125  1.91207752E-05 -7.246548E+00  0.000000E+00  1.309402E-03  3.476848E-05
126  2.00509914E-05 -7.583426E+00  0.000000E+00  1.373198E-03  2.978796E-05
127  2.10264113E-05 -7.934276E+00  0.000000E+00  1.440082E-03  2.471095E-05
128  2.20492279E-05 -8.299408E+00  0.000000E+00  1.510204E-03  1.951098E-05
129  2.31217403E-05 -8.679091E+00  0.000000E+00  1.583719E-03  1.416012E-05
130  2.42463586E-05 -9.073543E+00  0.000000E+00  1.660789E-03  8.628807E-06
131  2.54256098E-05 -9.482918E+00  0.000000E+00  1.741584E-03  2.885742E-06
132  2.66621428E-05 -9.907290E+00  0.000000E+00  1.826283E-03 -3.102231E-06
133  2.79587347E-05 -1.034664E+01  0.000000E+00  1.915071E-03 -9.370237E-06
134  2.93182970E-05 -1.080082E+01  0.000000E+00  2.008144E-03 -1.595547E-05
135  3.07438816E-05 -1.126957E+01  0.000000E+00  2.105705E-03 -2.289726E-05
136  3.22386882E-05 -1.175245E+01  0.000000E+00  2.207968E-03 -3.023714E-05
137  3.38060707E-05 -1.224881E+01  0.000000E+00  2.315155E-03 -3.801885E-05
138  3.54495454E-05 -1.275778E+01  0.000000E+00  2.427500E-03 -4.628831E-05
139  3.71727981E-05 -1.327822E+01  0.000000E+00  2.545246E-03 -5.509354E-05
140  3.89796927E-05 -1.380867E+01  0.000000E+00  2.668648E-03 -6.448446E-05
141  4.08742794E-05 -1.434726E+01  0.000000E+00  2.797973E-03 -7.451262E-05
142  4.28608040E-05 -1.489171E+01  0.000000E+00  2.933498E-03 -8.523082E-05
143  4.49437172E-05 -1.543919E+01  0.000000E+00  3.075516E-03 -9.669249E-05
144  4.71276841E-05 -1.598627E+01  0.000000E+00  3.224331E-03 -1.089510E-04
145  4.94175950E-05 -1.652882E+01  0.000000E+00  3.380260E-03 -1.220584E-04
146  5.18185757E-05 -1.706187E+01  0.000000E+00  3.543637E-03 -1.360646E-04
147  5.43359991E-05 -1.757947E+01  0.000000E+00  3.714810E-03 -1.510147E-04
148  5.69754971E-05 -1.807456E+01  0.000000E+00  3.894144E-03 -1.669478E-04
149  5.97429726E-05 -1.853879E+01  0.000000E+00  4.082021E-03 -1.838843E-04
150  6.26446130E-05 -1.896228E+01  0.000000E+00  4.278842E-03 -2.018987E-04
151  6.56869032E-05 -1.933338E+01  0.000000E+00  4.485027E-03 -2.223511E-04
152  6.88766405E-05 -1.963842E+01  0.000000E+00  4.701016E-03 -2.371174E-04
153  7.22209489E-05 -1.986138E+01  0.000000E+00  4.927391E-03 -2.099888E-04
154  7.57272952E-05 -1.998348E+01  0.000000E+00  5.164834E-03 -3.548069E-04
155  7.94035050E-05 -2.000000E+01  0.000000E+00  5.411909E-03 -3.555342E-04
156  8.32577801E-05 -2.000000E+01  0.000000E+00  5.672635E-03 -2.608088E-04
157  8.72987163E-05 -2.000000E+01  0.000000E+00  5.945323E-03 -3.486729E-04
158  9.15353220E-05 -2.000000E+01  0.000000E+00  6.230813E-03 -3.811500E-04
159  9.59770384E-05 -2.000000E+01  0.000000E+00  6.529900E-03 -4.043261E-04
160  1.00633760E-04 -2.000000E+01  0.000000E+00  6.843225E-03 -4.307051E-04
161  1.05515854E-04 -2.000000E+01  0.000000E+00  7.171461E-03 -4.580968E-04
162  1.10634188E-04 -2.000000E+01  0.000000E+00  7.515313E-03 -4.864696E-04
163  1.16000148E-04 -2.000000E+01  0.000000E+00  7.875519E-03 -5.159017E-04
164  1.21625667E-04 -2.000000E+01  0.000000E+00  8.252854E-03 -5.464569E-04
165  1.27523248E-04 -2.000000E+01  0.000000E+00  8.648124E-03 -5.782009E-04
166  1.33705994E-04 -2.000000E+01  0.000000E+00  9.062177E-03 -6.112022E-04
167  1.40187634E-04 -2.000000E+01  0.000000E+00  9.495898E-03 -6.455317E-04
168  1.46982554E-04 -2.000000E+01  0.000000E+00  9.950211E-03 -6.812633E-04
169  1.54105829E-04 -2.000000E+01  0.000000E+00  1.042609E-02 -7.184737E-04
170  1.61573251E-04 -2.000000E+01  0.000000E+00  1.092454E-02 -7.572426E-04
171  1.69401371E-04 -2.000000E+01  0.000000E+00  1.144663E-02 -7.976530E-04
172  1.77607525E-04 -2.000000E+01  0.000000E+00  1.199346E-02 -8.397914E-04
173  1.86209881E-04 -2.000000E+01  0.000000E+00  1.256619E-02 -8.837476E-04
174  1.95227471E-04 -2.000000E+01  0.000000E+00  1.316603E-02 -9.296154E-04
175  2.04680233E-04 -2.000000E+01  0.000000E+00  1.379426E-02 -9.774924E-04
176  2.14589058E-04 -2.000000E+01  0.000000E+00  1.445220E-02 -1.027480E-03
177  2.24975829E-04 -2.000000E+01  0.000000E+00  1.514122E-02 -1.079686E-03
178  2.35863472E-04 -2.000000E+01  0.000000E+00  1.586278E-02 -1.134218E-03
179  2.47276002E-04 -2.000000E+01  0.000000E+00  1.661840E-02 -1.191194E-03
180  2.59238577E-04 -2.000000E+01  0.000000E+00  1.740964E-02 -1.250733E-03
181  2.71777548E-04 -2.000000E+01  0.000000E+00  1.823817E-02 -1.312961E-03
182  2.84920520E-04 -2.000000E+01  0.000000E+00  1.910571E-02 -1.378008E-03
183  2.98696404E-04 -2.000000E+01  0.000000E+00  2.001406E-02 -1.446011E-03
184  3.13135484E-04 -2.000000E+01  0.000000E+00  2.096510E-02 -1.517113E-03
185  3.28269479E-04 -2.000000E+01  0.000000E+00  2.196081E-02 -1.591462E-03
186  3.44131609E-04 -2.000000E+01  0.000000E+00  2.300323E-02 -1.669213E-03
187  3.60756665E-04 -2.000000E+01  0.000000E+00  2.409450E-02 -1.750528E-03
188  3.78181086E-04 -2.000000E+01  0.000000E+00  2.523687E-02 -1.835576E-03
189  3.96443029E-04 -2.000000E+01  0.000000E+00  2.643267E-02 -1.924533E-03
190  4.15582454E-04 -2.000000E+01  0.000000E+00  2.768433E-02 -2.017582E-03
191  4.35641206E-04 -2.000000E+01  0.000000E+00  2.899439E-02 -2.114916E-03
192  4.56663103E-04 -2.000000E+01  0.000000E+00  3.036552E-02 -2.216733E-03
193  4.78694026E-04 -2.000000E+01  0.000000E+00  3.180046E-02 -2.323243E-03
194  5.01782016E-04 -2.000000E+01  0.000000E+00  3.330211E-02 -2.434663E-03
195  5.25977371E-04 -2.000000E+01  0.000000E+00  3.487346E-02 -2.551220E-03
196  5.51332755E-04 -2.000000E+01  0.000000E+00  3.651766E-02 -2.673149E-03
197  5.77903303E-04 -2.000000E+01  0.000000E+00  3.823795E-02 -2.800698E-03
198  6.05746733E-04 -2.000000E+01  0.000000E+00  4.003773E-02 -2.934124E-03
199  6.34923470E-04 -2.000000E+01  0.000000E+00  4.192055E-02 -3.073693E-03
200  6.65496768E-04 -2.000000E+01  0.000000E+00  4.389008E-02 -3.219686E-03
201  6.97532836E-04 -2.000000E+01  0.000000E+00  4.595016E-02 -3.372392E-03
202  7.31100980E-04 -2.000000E+01  0.000000E+00  4.810477E-02 -3.532114E-03
203  7.66273737E-04 -2.000000E+01  0.000000E+00  5.035805E-02 -3.699168E-03
204  8.03127028E-04 -2.000000E+01  0.000000E+00  5.271432E-02 -3.873881E-03
205  8.41740308E-04 -2.000000E+01  0.000000E+00  5.517805E-02 -4.056595E-03
206  8.82196731E-04 -2.000000E+01  0.000000E+00  5.775389E-02 -4.247664E-03
207  9.24583311E-04 -2.000000E+01  0.000000E+00  6.044667E-02 -4.447460E-03
208  9.68991106E-04 -2.000000E+01  0.000000E+00  6.326140E-02 -4.656365E-03
209  1.01551539E-03 -2.000000E+01  0.000000E+00  6.620329E-02 -4.874780E-03
210  1.06425586E-03 -2.000000E+01  0.000000E+00  6.927772E-02 -5.103119E-03
211  1.11531680E-03 -2.000000E+01  0.000000E+00  7.249028E-02 -5.341813E-03
212  1.16880735E-03 -2.000000E+01  0.000000E+00  7.584675E-02 -5.591311E-03
213  1.22484164E-03 -2.000000E+01  0.000000E+00  7.935312E-02 -5.852077E-03
214  1.28353910E-03 -2.000000E+01  0.000000E+00  8.301559E-02 -6.124594E-03
215  1.34502462E-03 -2.000000E+01  0.000000E+00  8.684056E-02 -6.409360E-03
216  1.40942885E-03 -2.000000E+01  0.000000E+00  9.083465E-02 -6.706895E-03
217  1.47688843E-03 -2.000000E+01  0.000000E+00  9.500469E-02 -7.017736E-03
218  1.54754626E-03 -2.000000E+01  0.000000E+00  9.935772E-02 -7.342439E-03
219  1.62155179E-03 -2.000000E+01  0.000000E+00  1.039010E-01 -7.681578E-03
220  1.69906127E-03 -2.000000E+01  0.000000E+00  1.086420E-01 -8.035750E-03
221  1.78023809E-03 -2.000000E+01  0.000000E+00  1.135884E-01 -8.405569E-03
222  1.86525310E-03 -2.000000E+01  0.000000E+00  1.187482E-01 -8.791670E-03
223  1.95428489E-03 -2.000000E+01  0.000000E+00  1.241293E-01 -9.194710E-03
224  2.04752017E-03 -2.000000E+01  0.000000E+00  1.297402E-01 -9.615365E-03
225  2.14515412E-03 -2.000000E+01  0.000000E+00  1.355894E-01 -1.005433E-02
226  2.24739072E-03 -2.000000E+01  0.000000E+00  1.416855E-01 -1.051233E-02
227  2.35444321E-03 -2.000000E+01  0.000000E+00  1.480375E-01 -1.099009E-02
228  2.46653438E-03 -2.000000E+01  0.000000E+00  1.546544E-01 -1.148837E-02
229  2.58389711E-03 -2.000000E+01  0.000000E+00  1.615455E-01 -1.200797E-02
230  2.70677469E-03 -2.000000E+01  0.000000E+00  1.687201E-01 -1.254966E-02
231  2.83542134E-03 -2.000000E+01  0.000000E+00  1.761876E-01 -1.311427E-02
232  2.97010264E-03 -2.000000E+01  0.000000E+00  1.839578E-01 -1.370264E-02
233  3.11109604E-03 -2.000000E+01  0.000000E+00  1.920402E-01 -1.431562E-02
234  3.25869134E-03 -2.000000E+01  0.000000E+00  2.004447E-01 -1.495409E-02
235  3.41319123E-03 -2.000000E+01  0.000000E+00  2.091809E-01 -1.561892E-02
236  3.57491182E-03 -2.000000E+01  0.000000E+00  2.182587E-01 -1.631102E-02
237  3.74418324E-03 -2.000000E+01  0.000000E+00  2.276878E-01 -1.703130E-02
238  3.92135016E-03 -2.000000E+01  0.000000E+00  2.374778E-01 -1.778069E-02
239  4.10677246E-03 -2.000000E+01  0.000000E+00  2.476381E-01 -1.856013E-02
240  4.30082586E-03 -2.000000E+01  0.000000E+00  2.581782E-01 -1.937055E-02
241  4.50390252E-03 -2.000000E+01  0.000000E+00  2.691070E-01 -2.021291E-02
242  4.71641177E-03 -2.000000E+01  0.000000E+00  2.804333E-01 -2.108814E-02
243  4.93878081E-03 -2.000000E+01  0.000000E+00  2.921656E-01 -2.199720E-02
244  5.17145542E-03 -2.000000E+01  0.000000E+00  3.043116E-01 -2.294101E-02
245  5.41490075E-03 -2.000000E+01  0.000000E+00  3.168789E-01 -2.392052E-02
246  5.66960206E-03 -2.000000E+01  0.000000E+00  3.298741E-01 -2.493664E-02
247  5.93606558E-03 -2.000000E+01  0.000000E+00  3.433033E-01 -2.599027E-02
248  6.21481933E-03 -2.000000E+01  0.000000E+00  3.571716E-01 -2.708227E-02
249  6.50641400E-03 -2.000000E+01  0.000000E+00  3.714832E-01 -2.821349E-02
250  6.81142383E-03 -2.000000E+01  0.000000E+00  3.862413E-01 -2.938473E-02
251  7.13044759E-03 -2.000000E+01  0.000000E+00  4.014478E-01 -3.059676E-02
252  7.46410950E-03 -2.000000E+01  0.000000E+00  4.171031E-01 -3.185027E-02
253  7.81306027E-03 -2.000000E+01  0.000000E+00  4.332062E-01 -3.314592E-02
254  8.17797809E-03 -2.000000E+01  0.000000E+00  4.497544E-01 -3.448429E-02
255  8.55956975E-03 -2.000000E+01  0.000000E+00  4.667430E-01 -3.586587E-02
256  8.95857171E-03 -2.000000E+01  0.000000E+00  4.841653E-01 -3.729108E-02
257  9.37575124E-03 -2.000000E+01  0.000000E+00  5.020124E-01 -3.876021E-02
258  9.81190760E-03 -2.000000E+01  0.000000E+00  5.202725E-01 -4.027347E-02
259  1.02678733E-02 -2.000000E+01  0.000000E+00  5.389315E-01 -4.183092E-02
260  1.07445152E-02 -2.000000E+01  0.000000E+00  5.579720E-01 -4.343248E-02
261  1.12427361E-02 -2.000000E+01  0.000000E+00  5.773734E-01 -4.507794E-02
262  1.17634756E-02 -2.000000E+01  0.000000E+00  5.971117E-01 -4.676688E-02
263  1.23077122E-02 -2.000000E+01  0.000000E+00  6.171590E-01 -4.849873E-02
264  1.28764638E-02 -2.000000E+01  0.000000E+00  6.374833E-01 -5.027270E-02
265  1.34707899E-02 -2.000000E+01  0.000000E+00  6.580481E-01 -5.208777E-02
266  1.40917928E-02 -2.000000E+01  0.000000E+00  6.788124E-01 -5.394271E-02
267  1.47406191E-02 -2.000000E+01  0.000000E+00  6.997300E-01 -5.583599E-02
268  1.54184614E-02 -2.000000E+01  0.000000E+00  7.207495E-01 -5.776582E-02
269  1.61265599E-02 -2.000000E+01  0.000000E+00  7.418135E-01 -5.973012E-02
270  1.68662040E-02 -2.000000E+01  0.000000E+00  7.628591E-01 -6.172648E-02
271  1.76387341E-02 -2.000000E+01  0.000000E+00  7.838167E-01 -6.375214E-02
272  1.84455433E-02 -2.000000E+01  0.000000E+00  8.046101E-01 -6.580398E-02
273  1.92880794E-02 -2.000000E+01  0.000000E+00  8.251564E-01 -6.787849E-02
274  2.01678465E-02 -2.000000E+01  0.000000E+00  8.453652E-01 -6.997178E-02
275  2.10864069E-02 -2.000000E+01  0.000000E+00  8.651388E-01 -7.207950E-02
276  2.20453834E-02 -2.000000E+01  0.000000E+00  8.843717E-01 -7.419686E-02
277  2.30464609E-02 -2.000000E+01  0.000000E+00  9.029505E-01 -7.631861E-02
278  2.40913885E-02 -2.000000E+01  0.000000E+00  9.207535E-01 -7.843902E-02
279  2.51819819E-02 -2.000000E+01  0.000000E+00  9.376512E-01 -8.055183E-02
280  2.63201252E-02 -2.000000E+01  0.000000E+00  9.535054E-01 -8.265031E-02
281  2.75077732E-02 -2.000000E+01  0.000000E+00  9.681698E-01 -8.472717E-02
282  2.87469537E-02 -2.000000E+01  0.000000E+00  9.814902E-01 -8.677459E-02
283  3.00397695E-02 -2.000000E+01  0.000000E+00  9.933038E-01 -8.878422E-02
284  3.13884010E-02 -2.000000E+01  0.000000E+00  1.003441E+00 -9.074716E-02
285  3.27951087E-02 -2.000000E+01  0.000000E+00  1.011723E+00 -9.265399E-02
286  3.42622349E-02 -2.000000E+01  0.000000E+00  1.017966E+00 -9.449474E-02
287  3.57922069E-02 -2.000000E+01  0.000000E+00  1.021980E+00 -9.625894E-02
288  3.73875393E-02 -2.000000E+01  0.000000E+00  1.023568E+00 -9.793564E-02
289  3.90508361E-02 -2.000000E+01  0.000000E+00  1.022530E+00 -9.951341E-02
290  4.07847937E-02 -2.000000E+01  0.000000E+00  1.018661E+00 -1.009804E-01
291  4.25922036E-02 -2.000000E+01  0.000000E+00  1.011756E+00 -1.023244E-01
292  4.44759545E-02 -2.000000E+01  0.000000E+00  1.001608E+00 -1.035329E-01
293  4.64390355E-02 -2.000000E+01  0.000000E+00  9.880095E-01 -1.045930E-01
294  4.84845385E-02 -2.000000E+01  0.000000E+00  9.707592E-01 -1.054919E-01
295  5.06156609E-02 -2.000000E+01  0.000000E+00  9.496586E-01 -1.062163E-01
296  5.28357089E-02 -2.000000E+01  0.000000E+00  9.245171E-01 -1.067532E-01
297  5.51480995E-02 -2.000000E+01  0.000000E+00  8.951535E-01 -1.070897E-01
298  5.75563637E-02 -2.000000E+01  0.000000E+00  8.613994E-01 -1.072131E-01
299  6.00641497E-02 -2.000000E+01  0.000000E+00  8.231016E-01 -1.071108E-01
300  6.26752250E-02 -2.000000E+01  0.000000E+00  7.801252E-01 -1.067711E-01
301  6.53934798E-02 -2.000000E+01  0.000000E+00  7.323571E-01 -1.061828E-01
302  6.82229298E-02 -2.000000E+01  0.000000E+00  6.797090E-01 -1.053354E-01
303  7.11677191E-02 -2.000000E+01  0.000000E+00  6.221213E-01 -1.042195E-01
304  7.42321229E-02 -2.000000E+01  0.000000E+00  5.595659E-01 -1.028269E-01
305  7.74205507E-02 -2.000000E+01  0.000000E+00  4.920505E-01 -1.011506E-01
306  8.07375489E-02 -2.000000E+01  0.000000E+00  4.196215E-01 -9.918526E-02
307  8.41878041E-02 -2.000000E+01  0.000000E+00  3.423674E-01 -9.692727E-02
308  8.77761457E-02 -2.000000E+01  0.000000E+00  2.604223E-01 -9.437482E-02
309  9.15075488E-02 -2.000000E+01  0.000000E+00  1.739686E-01 -9.152825E-02
310  9.53871373E-02 -2.000000E+01  0.000000E+00  8.323943E-02 -8.839011E-02
311  9.94201864E-02 -2.000000E+01  0.000000E+00 -1.147895E-02 -8.496538E-02
312  1.03612126E-01 -2.000000E+01  0.000000E+00 -1.098456E-01 -8.126154E-02
313  1.07968543E-01 -2.000000E+01  0.000000E+00 -2.114640E-01 -7.728877E-02
314  1.12495184E-01 -2.000000E+01  0.000000E+00 -3.158814E-01 -7.305996E-02
315  1.17197958E-01 -2.000000E+01  0.000000E+00 -4.225897E-01 -6.859083E-02
316  1.22082941E-01 -2.000000E+01  0.000000E+00 -5.310264E-01 -6.389993E-02
317  1.27156375E-01 -2.000000E+01  0.000000E+00 -6.405774E-01 -5.900861E-02
318  1.32424675E-01 -2.000000E+01  0.000000E+00 -7.505799E-01 -5.394099E-02
319  1.37894427E-01 -2.000000E+01  0.000000E+00 -8.603267E-01 -4.872384E-02
320  1.43572393E-01 -2.000000E+01  0.000000E+00 -9.690723E-01 -4.338644E-02
321  1.49465515E-01 -2.000000E+01  0.000000E+00 -1.076039E+00 -3.796036E-02
322  1.55580915E-01 -2.000000E+01  0.000000E+00 -1.180425E+00 -3.247921E-02
323  1.61925895E-01 -2.000000E+01  0.000000E+00 -1.281413E+00 -2.697832E-02
324  1.68507947E-01 -2.000000E+01  0.000000E+00 -1.378181E+00 -2.149440E-02
325  1.75334747E-01 -2.000000E+01  0.000000E+00 -1.469910E+00 -1.606512E-02
326  1.82414160E-01 -2.000000E+01  0.000000E+00 -1.555800E+00 -1.072865E-02
327  1.89754244E-01 -2.000000E+01  0.000000E+00 -1.635078E+00 -5.523166E-03
328  1.97363249E-01 -2.000000E+01  0.000000E+00 -1.707012E+00 -4.863488E-04
329  2.05249622E-01 -2.000000E+01  0.000000E+00 -1.770927E+00  4.345180E-03
330  2.13422004E-01 -2.000000E+01  0.000000E+00 -1.826209E+00  8.936409E-03
331  2.21889235E-01 -2.000000E+01  0.000000E+00 -1.872327E+00  1.325450E-02
332  2.30660356E-01 -2.000000E+01  0.000000E+00 -1.908835E+00  1.726931E-02
333  2.39744608E-01 -2.000000E+01  0.000000E+00 -1.935389E+00  2.095395E-02
334  2.49151433E-01 -2.000000E+01  0.000000E+00 -1.951755E+00  2.428524E-02
335  2.58890479E-01 -2.000000E+01  0.000000E+00 -1.957812E+00  2.724419E-02
336  2.68971597E-01 -2.000000E+01  0.000000E+00 -1.953562E+00  2.981625E-02
337  2.79404841E-01 -2.000000E+01  0.000000E+00 -1.939129E+00  3.199172E-02
338  2.90200476E-01 -2.000000E+01  0.000000E+00 -1.914764E+00  3.376588E-02
339  3.01368969E-01 -2.000000E+01  0.000000E+00 -1.880841E+00  3.513913E-02
340  3.12920995E-01 -2.000000E+01  0.000000E+00 -1.837851E+00  3.611696E-02
341  3.24867438E-01 -2.000000E+01  0.000000E+00 -1.786398E+00  3.670988E-02
342  3.37219387E-01 -2.000000E+01  0.000000E+00 -1.727189E+00  3.693316E-02
343  3.49988140E-01 -2.000000E+01  0.000000E+00 -1.661019E+00  3.680655E-02
344  3.63185202E-01 -2.000000E+01  0.000000E+00 -1.588761E+00  3.635387E-02
345  3.76822285E-01 -2.000000E+01  0.000000E+00 -1.511348E+00  3.560244E-02
346  3.90911307E-01 -2.000000E+01  0.000000E+00 -1.429756E+00  3.458258E-02
347  4.05464393E-01 -2.000000E+01  0.000000E+00 -1.344985E+00  3.332692E-02
348  4.20493873E-01 -2.000000E+01  0.000000E+00 -1.258044E+00  3.186971E-02
349  4.36012281E-01 -2.000000E+01  0.000000E+00 -1.169926E+00  3.024613E-02
350  4.52032355E-01 -2.000000E+01  0.000000E+00 -1.081596E+00  2.849156E-02
351  4.68567036E-01 -2.000000E+01  0.000000E+00 -9.939692E-01  2.664089E-02
352  4.85629463E-01 -2.000000E+01  0.000000E+00 -9.078995E-01  2.472786E-02
353  5.03232979E-01 -2.000000E+01  0.000000E+00 -8.241632E-01  2.278442E-02
354  5.21391122E-01 -2.000000E+01  0.000000E+00 -7.434489E-01  2.084027E-02
355  5.40117625E-01 -2.000000E+01  0.000000E+00 -6.663489E-01  1.892232E-02
356  5.59426420E-01 -2.000000E+01  0.000000E+00 -5.933537E-01  1.705442E-02
357  5.79331626E-01 -2.000000E+01  0.000000E+00 -5.248487E-01  1.525705E-02
358  5.99847554E-01 -2.000000E+01  0.000000E+00 -4.611146E-01  1.354722E-02
359  6.20988705E-01 -2.000000E+01  0.000000E+00 -4.023298E-01  1.193837E-02
360  6.42769763E-01 -2.000000E+01  0.000000E+00 -3.485759E-01  1.044052E-02
361  6.65205594E-01 -2.000000E+01  0.000000E+00 -2.998443E-01  9.060308E-03
362  6.88311245E-01 -2.000000E+01  0.000000E+00 -2.560462E-01  7.801300E-03
363  7.12101942E-01 -2.000000E+01  0.000000E+00 -2.170224E-01  6.664234E-03
364  7.36593081E-01 -2.000000E+01  0.000000E+00 -1.825544E-01  5.647367E-03
365  7.61800234E-01 -2.000000E+01  0.000000E+00 -1.523770E-01  4.746847E-03
366  7.87739137E-01 -2.000000E+01  0.000000E+00 -1.261890E-01  3.957095E-03
367  8.14425693E-01 -2.000000E+01  0.000000E+00 -1.036655E-01  3.271193E-03
368  8.41875965E-01 -2.000000E+01  0.000000E+00 -8.446792E-02  2.681259E-03
369  8.70106174E-01 -2.000000E+01  0.000000E+00 -6.825390E-02  2.178800E-03
370  8.99132695E-01 -2.000000E+01  0.000000E+00 -5.468569E-02  1.755022E-03
371  9.28972055E-01 -2.000000E+01  0.000000E+00 -4.343723E-02  1.401116E-03
372  9.59640926E-01 -2.000000E+01  0.000000E+00 -3.419979E-02  1.108485E-03
373  9.91156123E-01 -2.000000E+01  0.000000E+00 -2.668626E-02  8.689334E-04
374  1.02353460E+00 -2.000000E+01  0.000000E+00 -2.063404E-02  6.748067E-04
375  1.05679345E+00 -2.000000E+01  0.000000E+00 -1.580670E-02  5.190900E-04
376  1.09094988E+00 -2.000000E+01  0.000000E+00 -1.199463E-02  3.954661E-04
377  1.12602125E+00 -2.000000E+01  0.000000E+00 -9.014627E-03  2.983397E-04
378  1.16202503E+00 -2.000000E+01  0.000000E+00 -6.708891E-03  2.228328E-04
379  1.19897880E+00 -2.000000E+01  0.000000E+00 -4.943351E-03  1.647567E-04
380  1.23690026E+00 -2.000000E+01  0.000000E+00 -3.605662E-03  1.205680E-04
381  1.27580722E+00 -2.000000E+01  0.000000E+00 -2.602953E-03  8.731212E-05
382  1.31571760E+00 -2.000000E+01  0.000000E+00 -1.859470E-03  6.256010E-05
383  1.35664942E+00 -2.000000E+01  0.000000E+00 -1.314248E-03  4.434325E-05
384  1.39862079E+00 -2.000000E+01  0.000000E+00 -9.188687E-04  3.108785E-05
385  1.44164990E+00 -2.000000E+01  0.000000E+00 -6.353897E-04  2.155322E-05
386  1.48575507E+00 -2.000000E+01  0.000000E+00 -4.344694E-04  1.477464E-05
387  1.53095466E+00 -2.000000E+01  0.000000E+00 -2.937184E-04  1.001220E-05
388  1.57726712E+00 -2.000000E+01  0.000000E+00 -1.962797E-04  6.706179E-06
389  1.62471098E+00 -2.000000E+01  0.000000E+00 -1.296305E-04  4.438958E-06
390  1.67330485E+00 -2.000000E+01  0.000000E+00 -8.459295E-05  2.903225E-06
391  1.72306738E+00 -2.000000E+01  0.000000E+00 -5.453106E-05  1.875964E-06
392  1.77401730E+00 -2.000000E+01  0.000000E+00 -3.471137E-05  1.197588E-06
393  1.82617338E+00 -2.000000E+01  0.000000E+00 -2.180287E-05  7.555211E-07
394  1.87955447E+00 -2.000000E+01  0.000000E+00 -1.349213E-05  4.715118E-07
395  1.93417943E+00 -2.000000E+01  0.000000E+00 -8.191865E-06  2.920300E-07
396  1.99006719E+00 -2.000000E+01  0.000000E+00 -4.822930E-06  1.811449E-07
397  2.04723671E+00 -2.000000E+01  0.000000E+00 -2.652324E-06  1.153943E-07
398  2.10570699E+00 -2.000000E+01  0.000000E+00 -1.171469E-06  8.070126E-08
399  2.16549704E+00 -2.000000E+01  0.000000E+00 -0.000000E+00  0.000000E+00
