#      n =  5
#  kappa = -1
# energy = -4.02670780E+02
#     vc = -8.08694910E+13


0    4.34782609E-08 -1.783674E-02  0.000000E+00  0.000000E+00  2.514170E+03
1    4.55977500E-08 -1.870625E-02  0.000000E+00  1.826143E-02  2.514170E+03
2    4.78205546E-08 -1.961815E-02  0.000000E+00  3.741303E-02  2.397305E+03
3    5.01517104E-08 -2.057449E-02  0.000000E+00  5.749817E-02  2.285873E+03
4    5.25964984E-08 -2.157745E-02  0.000000E+00  7.856237E-02  2.179622E+03
5    5.51604573E-08 -2.262931E-02  0.000000E+00  1.006533E-01  2.078309E+03
6    5.78493953E-08 -2.373243E-02  0.000000E+00  1.238211E-01  1.981705E+03
7    6.06694041E-08 -2.488932E-02  0.000000E+00  1.481182E-01  1.889593E+03
8    6.36268719E-08 -2.610261E-02  0.000000E+00  1.735996E-01  1.801762E+03
9    6.67284983E-08 -2.737504E-02  0.000000E+00  2.003231E-01  1.718013E+03
10   6.99813096E-08 -2.870948E-02  0.000000E+00  2.283492E-01  1.638158E+03
11   7.33926743E-08 -3.010898E-02  0.000000E+00  2.577414E-01  1.562015E+03
12   7.69703199E-08 -3.157669E-02  0.000000E+00  2.885662E-01  1.489411E+03
13   8.07223506E-08 -3.311594E-02  0.000000E+00  3.208936E-01  1.420182E+03
14   8.46572656E-08 -3.473022E-02  0.000000E+00  3.547966E-01  1.354171E+03
15   8.87839781E-08 -3.642318E-02  0.000000E+00  3.903522E-01  1.291229E+03
16   9.31118355E-08 -3.819866E-02  0.000000E+00  4.276408E-01  1.231212E+03
17   9.76506411E-08 -4.006068E-02  0.000000E+00  4.667470E-01  1.173986E+03
18   1.02410676E-07 -4.201346E-02  0.000000E+00  5.077592E-01  1.119419E+03
19   1.07402720E-07 -4.406142E-02  0.000000E+00  5.507705E-01  1.067389E+03
20   1.12638083E-07 -4.620920E-02  0.000000E+00  5.958782E-01  1.017777E+03
21   1.18128621E-07 -4.846166E-02  0.000000E+00  6.431844E-01  9.704712E+02
22   1.23886770E-07 -5.082391E-02  0.000000E+00  6.927964E-01  9.253645E+02
23   1.29925572E-07 -5.330129E-02  0.000000E+00  7.448264E-01  8.823545E+02
24   1.36258704E-07 -5.589942E-02  0.000000E+00  7.993924E-01  8.413438E+02
25   1.42900509E-07 -5.862418E-02  0.000000E+00  8.566179E-01  8.022393E+02
26   1.49866031E-07 -6.148174E-02  0.000000E+00  9.166325E-01  7.649525E+02
27   1.57171043E-07 -6.447858E-02  0.000000E+00  9.795722E-01  7.293990E+02
28   1.64832089E-07 -6.762148E-02  0.000000E+00  1.045579E+00  6.954980E+02
29   1.72866521E-07 -7.091755E-02  0.000000E+00  1.114804E+00  6.631728E+02
30   1.81292531E-07 -7.437426E-02  0.000000E+00  1.187402E+00  6.323502E+02
31   1.90129203E-07 -7.799945E-02  0.000000E+00  1.263538E+00  6.029603E+02
32   1.99396546E-07 -8.180131E-02  0.000000E+00  1.343385E+00  5.749365E+02
33   2.09115547E-07 -8.578846E-02  0.000000E+00  1.427124E+00  5.482153E+02
34   2.19308214E-07 -8.996992E-02  0.000000E+00  1.514943E+00  5.227361E+02
35   2.29997628E-07 -9.435517E-02  0.000000E+00  1.607043E+00  4.984413E+02
36   2.41207992E-07 -9.895413E-02  0.000000E+00  1.703631E+00  4.752757E+02
37   2.52964690E-07 -1.037772E-01  0.000000E+00  1.804926E+00  4.531868E+02
38   2.65294343E-07 -1.088354E-01  0.000000E+00  1.911157E+00  4.321247E+02
39   2.78224868E-07 -1.141400E-01  0.000000E+00  2.022566E+00  4.120416E+02
40   2.91785541E-07 -1.197031E-01  0.000000E+00  2.139404E+00  3.928919E+02
41   3.06007064E-07 -1.255374E-01  0.000000E+00  2.261936E+00  3.746324E+02
42   3.20921636E-07 -1.316559E-01  0.000000E+00  2.390439E+00  3.572215E+02
43   3.36563023E-07 -1.380726E-01  0.000000E+00  2.525205E+00  3.406199E+02
44   3.52966636E-07 -1.448020E-01  0.000000E+00  2.666537E+00  3.247900E+02
45   3.70169610E-07 -1.518593E-01  0.000000E+00  2.814757E+00  3.096958E+02
46   3.88210890E-07 -1.592605E-01  0.000000E+00  2.970200E+00  2.953031E+02
47   4.07131316E-07 -1.670223E-01  0.000000E+00  3.133217E+00  2.815795E+02
48   4.26973717E-07 -1.751624E-01  0.000000E+00  3.304178E+00  2.684936E+02
49   4.47783009E-07 -1.836991E-01  0.000000E+00  3.483470E+00  2.560160E+02
50   4.69606295E-07 -1.926517E-01  0.000000E+00  3.671498E+00  2.441183E+02
51   4.92492971E-07 -2.020405E-01  0.000000E+00  3.868688E+00  2.327736E+02
52   5.16494838E-07 -2.118868E-01  0.000000E+00  4.075487E+00  2.219562E+02
53   5.41666221E-07 -2.222129E-01  0.000000E+00  4.292362E+00  2.116415E+02
54   5.68064088E-07 -2.330420E-01  0.000000E+00  4.519804E+00  2.018062E+02
55   5.95748183E-07 -2.443987E-01  0.000000E+00  4.758328E+00  1.924279E+02
56   6.24781156E-07 -2.563087E-01  0.000000E+00  5.008474E+00  1.834856E+02
57   6.55228711E-07 -2.687989E-01  0.000000E+00  5.270808E+00  1.749588E+02
58   6.87159748E-07 -2.818977E-01  0.000000E+00  5.545923E+00  1.668282E+02
59   7.20646522E-07 -2.956345E-01  0.000000E+00  5.834443E+00  1.590755E+02
60   7.55764805E-07 -3.100405E-01  0.000000E+00  6.137019E+00  1.516831E+02
61   7.92594059E-07 -3.251482E-01  0.000000E+00  6.454337E+00  1.446342E+02
62   8.31217613E-07 -3.409919E-01  0.000000E+00  6.787114E+00  1.379128E+02
63   8.71722853E-07 -3.576072E-01  0.000000E+00  7.136103E+00  1.315037E+02
64   9.14201417E-07 -3.750319E-01  0.000000E+00  7.502094E+00  1.253925E+02
65   9.58749404E-07 -3.933052E-01  0.000000E+00  7.885915E+00  1.195651E+02
66   1.00546759E-06 -4.124685E-01  0.000000E+00  8.288434E+00  1.140085E+02
67   1.05446166E-06 -4.325651E-01  0.000000E+00  8.710561E+00  1.087100E+02
68   1.10584243E-06 -4.536403E-01  0.000000E+00  9.153252E+00  1.036577E+02
69   1.15972613E-06 -4.757418E-01  0.000000E+00  9.617507E+00  9.883998E+01
70   1.21623462E-06 -4.989195E-01  0.000000E+00  1.010438E+01  9.424604E+01
71   1.27549572E-06 -5.232258E-01  0.000000E+00  1.061496E+01  8.986544E+01
72   1.33764343E-06 -5.487154E-01  0.000000E+00  1.115042E+01  8.568824E+01
73   1.40281831E-06 -5.754460E-01  0.000000E+00  1.171195E+01  8.170497E+01
74   1.47116774E-06 -6.034778E-01  0.000000E+00  1.230084E+01  7.790659E+01
75   1.54284626E-06 -6.328742E-01  0.000000E+00  1.291841E+01  7.428449E+01
76   1.61801595E-06 -6.637013E-01  0.000000E+00  1.356606E+01  7.083046E+01
77   1.69684676E-06 -6.960287E-01  0.000000E+00  1.424525E+01  6.753664E+01
78   1.77951691E-06 -7.299292E-01  0.000000E+00  1.495752E+01  6.439557E+01
79   1.86621330E-06 -7.654792E-01  0.000000E+00  1.570447E+01  6.140012E+01
80   1.95713190E-06 -8.027589E-01  0.000000E+00  1.648780E+01  5.854347E+01
81   2.05247822E-06 -8.418520E-01  0.000000E+00  1.730928E+01  5.581915E+01
82   2.15246778E-06 -8.828466E-01  0.000000E+00  1.817076E+01  5.322095E+01
83   2.25732655E-06 -9.258348E-01  0.000000E+00  1.907420E+01  5.074296E+01
84   2.36729151E-06 -9.709133E-01  0.000000E+00  2.002162E+01  4.837955E+01
85   2.48261117E-06 -1.018183E+00  0.000000E+00  2.101517E+01  4.612534E+01
86   2.60354609E-06 -1.067751E+00  0.000000E+00  2.205710E+01  4.397518E+01
87   2.73036954E-06 -1.119727E+00  0.000000E+00  2.314976E+01  4.192416E+01
88   2.86336804E-06 -1.174229E+00  0.000000E+00  2.429561E+01  3.996761E+01
89   3.00284205E-06 -1.231378E+00  0.000000E+00  2.549725E+01  3.810105E+01
90   3.14910664E-06 -1.291302E+00  0.000000E+00  2.675739E+01  3.632020E+01
91   3.30249218E-06 -1.354135E+00  0.000000E+00  2.807887E+01  3.462098E+01
92   3.46334512E-06 -1.420017E+00  0.000000E+00  2.946468E+01  3.299947E+01
93   3.63202873E-06 -1.489096E+00  0.000000E+00  3.091795E+01  3.145196E+01
94   3.80892393E-06 -1.561524E+00  0.000000E+00  3.244195E+01  2.997486E+01
95   3.99443014E-06 -1.637463E+00  0.000000E+00  3.404012E+01  2.856474E+01
96   4.18896621E-06 -1.717082E+00  0.000000E+00  3.571608E+01  2.721834E+01
97   4.39297133E-06 -1.800556E+00  0.000000E+00  3.747360E+01  2.593251E+01
98   4.60690602E-06 -1.888070E+00  0.000000E+00  3.931664E+01  2.470423E+01
99   4.83125316E-06 -1.979818E+00  0.000000E+00  4.124936E+01  2.353062E+01
100  5.06651910E-06 -2.076000E+00  0.000000E+00  4.327613E+01  2.240890E+01
101  5.31323476E-06 -2.176828E+00  0.000000E+00  4.540151E+01  2.133638E+01
102  5.57195687E-06 -2.282523E+00  0.000000E+00  4.763028E+01  2.031049E+01
103  5.84326917E-06 -2.393315E+00  0.000000E+00  4.996748E+01  1.932876E+01
104  6.12778373E-06 -2.509444E+00  0.000000E+00  5.241837E+01  1.838876E+01
105  6.42614237E-06 -2.631162E+00  0.000000E+00  5.498847E+01  1.748819E+01
106  6.73901803E-06 -2.758732E+00  0.000000E+00  5.768357E+01  1.662478E+01
107  7.06711632E-06 -2.892425E+00  0.000000E+00  6.050973E+01  1.579635E+01
108  7.41117710E-06 -3.032528E+00  0.000000E+00  6.347331E+01  1.500075E+01
109  7.77197613E-06 -3.179338E+00  0.000000E+00  6.658099E+01  1.423591E+01
110  8.15032679E-06 -3.333163E+00  0.000000E+00  6.983975E+01  1.349977E+01
111  8.54708196E-06 -3.494326E+00  0.000000E+00  7.325692E+01  1.279032E+01
112  8.96313584E-06 -3.663159E+00  0.000000E+00  7.684018E+01  1.210559E+01
113  9.39942604E-06 -3.840011E+00  0.000000E+00  8.059758E+01  1.144360E+01
114  9.85693562E-06 -4.025242E+00  0.000000E+00  8.453756E+01  1.080241E+01
115  1.03366953E-05 -4.219223E+00  0.000000E+00  8.866897E+01  1.018006E+01
116  1.08397858E-05 -4.422341E+00  0.000000E+00  9.300106E+01  9.574596E+00
117  1.13673402E-05 -4.634994E+00  0.000000E+00  9.754356E+01  8.984051E+00
118  1.19205466E-05 -4.857593E+00  0.000000E+00  1.023066E+02  8.406431E+00
119  1.25006504E-05 -5.090559E+00  0.000000E+00  1.073010E+02  7.839707E+00
120  1.31089577E-05 -5.334327E+00  0.000000E+00  1.125377E+02  7.281811E+00
121  1.37468376E-05 -5.589341E+00  0.000000E+00  1.180286E+02  6.730616E+00
122  1.44157258E-05 -5.856054E+00  0.000000E+00  1.237860E+02  6.183933E+00
123  1.51171272E-05 -6.134928E+00  0.000000E+00  1.298226E+02  5.639494E+00
124  1.58526199E-05 -6.426428E+00  0.000000E+00  1.361519E+02  5.094938E+00
125  1.66238581E-05 -6.731026E+00  0.000000E+00  1.427880E+02  4.547804E+00
126  1.74325764E-05 -7.049193E+00  0.000000E+00  1.497458E+02  3.995511E+00
127  1.82805930E-05 -7.381399E+00  0.000000E+00  1.570407E+02  3.435346E+00
128  1.91698145E-05 -7.728108E+00  0.000000E+00  1.646888E+02  2.864446E+00
129  2.01022394E-05 -8.089772E+00  0.000000E+00  1.727072E+02  2.279786E+00
130  2.10799631E-05 -8.466826E+00  0.000000E+00  1.811137E+02  1.678156E+00
131  2.21051821E-05 -8.859684E+00  0.000000E+00  1.899267E+02  1.056149E+00
132  2.31801995E-05 -9.268727E+00  0.000000E+00  1.991658E+02  4.101394E-01
133  2.43074294E-05 -9.694297E+00  0.000000E+00  2.088513E+02 -2.637343E-01
134  2.54894027E-05 -1.013668E+01  0.000000E+00  2.190045E+02 -9.695893E-01
135  2.67287727E-05 -1.059611E+01  0.000000E+00  2.296478E+02 -1.711816E+00
136  2.80283208E-05 -1.107272E+01  0.000000E+00  2.408044E+02 -2.495098E+00
137  2.93909629E-05 -1.156658E+01  0.000000E+00  2.524987E+02 -3.324428E+00
138  3.08197556E-05 -1.207760E+01  0.000000E+00  2.647562E+02 -4.205122E+00
139  3.23179031E-05 -1.260558E+01  0.000000E+00  2.776036E+02 -5.142838E+00
140  3.38887642E-05 -1.315015E+01  0.000000E+00  2.910688E+02 -6.143581E+00
141  3.55358602E-05 -1.371071E+01  0.000000E+00  3.051807E+02 -7.213711E+00
142  3.72628818E-05 -1.428645E+01  0.000000E+00  3.199699E+02 -8.359941E+00
143  3.90736980E-05 -1.487628E+01  0.000000E+00  3.354682E+02 -9.589330E+00
144  4.09723645E-05 -1.547874E+01  0.000000E+00  3.517087E+02 -1.090926E+01
145  4.29631323E-05 -1.609200E+01  0.000000E+00  3.687261E+02 -1.232742E+01
146  4.50504575E-05 -1.671379E+01  0.000000E+00  3.865566E+02 -1.385172E+01
147  4.72390108E-05 -1.734125E+01  0.000000E+00  4.052381E+02 -1.549025E+01
148  4.95336880E-05 -1.797093E+01  0.000000E+00  4.248100E+02 -1.725117E+01
149  5.19396206E-05 -1.859861E+01  0.000000E+00  4.453136E+02 -1.914260E+01
150  5.44621874E-05 -1.921924E+01  0.000000E+00  4.667921E+02 -2.117238E+01
151  5.71070257E-05 -1.982674E+01  0.000000E+00  4.892904E+02 -2.334791E+01
152  5.98800446E-05 -2.041388E+01  0.000000E+00  5.128558E+02 -2.567582E+01
153  6.27874369E-05 -2.097206E+01  0.000000E+00  5.375377E+02 -2.816158E+01
154  6.58356936E-05 -2.149111E+01  0.000000E+00  5.633876E+02 -3.080599E+01
155  6.90316175E-05 -2.195904E+01  0.000000E+00  5.904600E+02 -3.364471E+01
156  7.23823385E-05 -2.236172E+01  0.000000E+00  6.188116E+02 -3.696677E+01
157  7.58953288E-05 -2.268259E+01  0.000000E+00  6.485034E+02 -3.695744E+01
158  7.95784197E-05 -2.290222E+01  0.000000E+00  6.796376E+02 -4.023862E+01
159  8.34398182E-05 -2.299790E+01  0.000000E+00  7.121902E+02 -5.669311E+01
160  8.74881253E-05 -2.300000E+01  0.000000E+00  7.461707E+02 -5.094411E+01
161  9.17323544E-05 -2.300000E+01  0.000000E+00  7.819912E+02 -4.587884E+01
162  9.61819514E-05 -2.300000E+01  0.000000E+00  8.194046E+02 -5.817771E+01
163  1.00846815E-04 -2.300000E+01  0.000000E+00  8.585849E+02 -6.131801E+01
164  1.05737317E-04 -2.300000E+01  0.000000E+00  8.996203E+02 -6.521354E+01
165  1.10864328E-04 -2.300000E+01  0.000000E+00  9.425971E+02 -6.935880E+01
166  1.16239237E-04 -2.300000E+01  0.000000E+00  9.876066E+02 -7.364644E+01
167  1.21873979E-04 -2.300000E+01  0.000000E+00  1.034744E+03 -7.809291E+01
168  1.27781060E-04 -2.300000E+01  0.000000E+00  1.084110E+03 -8.270794E+01
169  1.33973584E-04 -2.300000E+01  0.000000E+00  1.135809E+03 -8.750139E+01
170  1.40465279E-04 -2.300000E+01  0.000000E+00  1.189949E+03 -9.248347E+01
171  1.47270532E-04 -2.300000E+01  0.000000E+00  1.246645E+03 -9.766479E+01
172  1.54404415E-04 -2.300000E+01  0.000000E+00  1.306017E+03 -1.030564E+02
173  1.61882719E-04 -2.300000E+01  0.000000E+00  1.368189E+03 -1.086696E+02
174  1.69721988E-04 -2.300000E+01  0.000000E+00  1.433293E+03 -1.145165E+02
175  1.77939556E-04 -2.300000E+01  0.000000E+00  1.501464E+03 -1.206093E+02
176  1.86553581E-04 -2.300000E+01  0.000000E+00  1.572845E+03 -1.269610E+02
177  1.95583087E-04 -2.300000E+01  0.000000E+00  1.647586E+03 -1.335850E+02
178  2.05048001E-04 -2.300000E+01  0.000000E+00  1.725841E+03 -1.404951E+02
179  2.14969201E-04 -2.300000E+01  0.000000E+00  1.807775E+03 -1.477059E+02
180  2.25368556E-04 -2.300000E+01  0.000000E+00  1.893557E+03 -1.552326E+02
181  2.36268971E-04 -2.300000E+01  0.000000E+00  1.983365E+03 -1.630909E+02
182  2.47694443E-04 -2.300000E+01  0.000000E+00  2.077384E+03 -1.712972E+02
183  2.59670104E-04 -2.300000E+01  0.000000E+00  2.175808E+03 -1.798687E+02
184  2.72222279E-04 -2.300000E+01  0.000000E+00  2.278841E+03 -1.888232E+02
185  2.85378540E-04 -2.300000E+01  0.000000E+00  2.386692E+03 -1.981793E+02
186  2.99167764E-04 -2.300000E+01  0.000000E+00  2.499583E+03 -2.079563E+02
187  3.13620195E-04 -2.300000E+01  0.000000E+00  2.617745E+03 -2.181746E+02
188  3.28767507E-04 -2.300000E+01  0.000000E+00  2.741416E+03 -2.288552E+02
189  3.44642869E-04 -2.300000E+01  0.000000E+00  2.870850E+03 -2.400201E+02
190  3.61281017E-04 -2.300000E+01  0.000000E+00  3.006306E+03 -2.516923E+02
191  3.78718327E-04 -2.300000E+01  0.000000E+00  3.148058E+03 -2.638955E+02
192  3.96992886E-04 -2.300000E+01  0.000000E+00  3.296390E+03 -2.766548E+02
193  4.16144578E-04 -2.300000E+01  0.000000E+00  3.451599E+03 -2.899962E+02
194  4.36215163E-04 -2.300000E+01  0.000000E+00  3.613995E+03 -3.039466E+02
195  4.57248365E-04 -2.300000E+01  0.000000E+00  3.783899E+03 -3.185345E+02
196  4.79289960E-04 -2.300000E+01  0.000000E+00  3.961648E+03 -3.337893E+02
197  5.02387875E-04 -2.300000E+01  0.000000E+00  4.147590E+03 -3.497416E+02
198  5.26592283E-04 -2.300000E+01  0.000000E+00  4.342091E+03 -3.664234E+02
199  5.51955710E-04 -2.300000E+01  0.000000E+00  4.545529E+03 -3.838681E+02
200  5.78533138E-04 -2.300000E+01  0.000000E+00  4.758299E+03 -4.021105E+02
201  6.06382121E-04 -2.300000E+01  0.000000E+00  4.980811E+03 -4.211867E+02
202  6.35562903E-04 -2.300000E+01  0.000000E+00  5.213492E+03 -4.411344E+02
203  6.66138537E-04 -2.300000E+01  0.000000E+00  5.456786E+03 -4.619929E+02
204  6.98175018E-04 -2.300000E+01  0.000000E+00  5.711155E+03 -4.838030E+02
205  7.31741414E-04 -2.300000E+01  0.000000E+00  5.977076E+03 -5.066074E+02
206  7.66910004E-04 -2.300000E+01  0.000000E+00  6.255049E+03 -5.304503E+02
207  8.03756428E-04 -2.300000E+01  0.000000E+00  6.545589E+03 -5.553777E+02
208  8.42359836E-04 -2.300000E+01  0.000000E+00  6.849233E+03 -5.814376E+02
209  8.82803048E-04 -2.300000E+01  0.000000E+00  7.166535E+03 -6.086797E+02
210  9.25172718E-04 -2.300000E+01  0.000000E+00  7.498073E+03 -6.371560E+02
211  9.69559509E-04 -2.300000E+01  0.000000E+00  7.844443E+03 -6.669202E+02
212  1.01605827E-03 -2.300000E+01  0.000000E+00  8.206263E+03 -6.980282E+02
213  1.06476823E-03 -2.300000E+01  0.000000E+00  8.584171E+03 -7.305381E+02
214  1.11579319E-03 -2.300000E+01  0.000000E+00  8.978830E+03 -7.645101E+02
215  1.16924171E-03 -2.300000E+01  0.000000E+00  9.390923E+03 -8.000067E+02
216  1.22522737E-03 -2.300000E+01  0.000000E+00  9.821155E+03 -8.370928E+02
217  1.28386893E-03 -2.300000E+01  0.000000E+00  1.027025E+04 -8.758356E+02
218  1.34529061E-03 -2.300000E+01  0.000000E+00  1.073897E+04 -9.163047E+02
219  1.40962230E-03 -2.300000E+01  0.000000E+00  1.122808E+04 -9.585721E+02
220  1.47699985E-03 -2.300000E+01  0.000000E+00  1.173837E+04 -1.002713E+03
221  1.54756528E-03 -2.300000E+01  0.000000E+00  1.227067E+04 -1.048803E+03
222  1.62146708E-03 -2.300000E+01  0.000000E+00  1.282581E+04 -1.096924E+03
223  1.69886050E-03 -2.300000E+01  0.000000E+00  1.340466E+04 -1.147157E+03
224  1.77990784E-03 -2.300000E+01  0.000000E+00  1.400811E+04 -1.199587E+03
225  1.86477874E-03 -2.300000E+01  0.000000E+00  1.463704E+04 -1.254303E+03
226  1.95365054E-03 -2.300000E+01  0.000000E+00  1.529240E+04 -1.311394E+03
227  2.04670855E-03 -2.300000E+01  0.000000E+00  1.597511E+04 -1.370954E+03
228  2.14414648E-03 -2.300000E+01  0.000000E+00  1.668614E+04 -1.433079E+03
229  2.24616671E-03 -2.300000E+01  0.000000E+00  1.742647E+04 -1.497866E+03
230  2.35298075E-03 -2.300000E+01  0.000000E+00  1.819708E+04 -1.565418E+03
231  2.46480956E-03 -2.300000E+01  0.000000E+00  1.899898E+04 -1.635837E+03
232  2.58188400E-03 -2.300000E+01  0.000000E+00  1.983318E+04 -1.709230E+03
233  2.70444523E-03 -2.300000E+01  0.000000E+00  2.070070E+04 -1.785706E+03
234  2.83274516E-03 -2.300000E+01  0.000000E+00  2.160257E+04 -1.865376E+03
235  2.96704689E-03 -2.300000E+01  0.000000E+00  2.253980E+04 -1.948353E+03
236  3.10762521E-03 -2.300000E+01  0.000000E+00  2.351342E+04 -2.034752E+03
237  3.25476707E-03 -2.300000E+01  0.000000E+00  2.452445E+04 -2.124691E+03
238  3.40877206E-03 -2.300000E+01  0.000000E+00  2.557388E+04 -2.218288E+03
239  3.56995302E-03 -2.300000E+01  0.000000E+00  2.666272E+04 -2.315665E+03
240  3.73863652E-03 -2.300000E+01  0.000000E+00  2.779191E+04 -2.416943E+03
241  3.91516344E-03 -2.300000E+01  0.000000E+00  2.896240E+04 -2.522245E+03
242  4.09988958E-03 -2.300000E+01  0.000000E+00  3.017509E+04 -2.631694E+03
243  4.29318629E-03 -2.300000E+01  0.000000E+00  3.143081E+04 -2.745414E+03
244  4.49544104E-03 -2.300000E+01  0.000000E+00  3.273039E+04 -2.863528E+03
245  4.70705816E-03 -2.300000E+01  0.000000E+00  3.407455E+04 -2.986160E+03
246  4.92845945E-03 -2.300000E+01  0.000000E+00  3.546397E+04 -3.113431E+03
247  5.16008494E-03 -2.300000E+01  0.000000E+00  3.689922E+04 -3.245460E+03
248  5.40239359E-03 -2.300000E+01  0.000000E+00  3.838078E+04 -3.382367E+03
249  5.65586409E-03 -2.300000E+01  0.000000E+00  3.990904E+04 -3.524264E+03
250  5.92099559E-03 -2.300000E+01  0.000000E+00  4.148424E+04 -3.671263E+03
251  6.19830854E-03 -2.300000E+01  0.000000E+00  4.310649E+04 -3.823470E+03
252  6.48834554E-03 -2.300000E+01  0.000000E+00  4.477575E+04 -3.980984E+03
253  6.79167220E-03 -2.300000E+01  0.000000E+00  4.649180E+04 -4.143899E+03
254  7.10887804E-03 -2.300000E+01  0.000000E+00  4.825423E+04 -4.312302E+03
255  7.44057740E-03 -2.300000E+01  0.000000E+00  5.006240E+04 -4.486268E+03
256  7.78741044E-03 -2.300000E+01  0.000000E+00  5.191546E+04 -4.665863E+03
257  8.15004409E-03 -2.300000E+01  0.000000E+00  5.381226E+04 -4.851144E+03
258  8.52917309E-03 -2.300000E+01  0.000000E+00  5.575141E+04 -5.042150E+03
259  8.92552106E-03 -2.300000E+01  0.000000E+00  5.773117E+04 -5.238908E+03
260  9.33984157E-03 -2.300000E+01  0.000000E+00  5.974949E+04 -5.441429E+03
261  9.77291926E-03 -2.300000E+01  0.000000E+00  6.180392E+04 -5.649703E+03
262  1.02255710E-02 -2.300000E+01  0.000000E+00  6.389164E+04 -5.863701E+03
263  1.06986471E-02 -2.300000E+01  0.000000E+00  6.600937E+04 -6.083372E+03
264  1.11930326E-02 -2.300000E+01  0.000000E+00  6.815338E+04 -6.308638E+03
265  1.17096483E-02 -2.300000E+01  0.000000E+00  7.031943E+04 -6.539396E+03
266  1.22494524E-02 -2.300000E+01  0.000000E+00  7.250276E+04 -6.775512E+03
267  1.28134416E-02 -2.300000E+01  0.000000E+00  7.469801E+04 -7.016819E+03
268  1.34026524E-02 -2.300000E+01  0.000000E+00  7.689923E+04 -7.263116E+03
269  1.40181629E-02 -2.300000E+01  0.000000E+00  7.909981E+04 -7.514164E+03
270  1.46610940E-02 -2.300000E+01  0.000000E+00  8.129246E+04 -7.769681E+03
271  1.53326106E-02 -2.300000E+01  0.000000E+00  8.346914E+04 -8.029344E+03
272  1.60339238E-02 -2.300000E+01  0.000000E+00  8.562109E+04 -8.292781E+03
273  1.67662920E-02 -2.300000E+01  0.000000E+00  8.773872E+04 -8.559567E+03
274  1.75310226E-02 -2.300000E+01  0.000000E+00  8.981162E+04 -8.829229E+03
275  1.83294737E-02 -2.300000E+01  0.000000E+00  9.182850E+04 -9.101231E+03
276  1.91630558E-02 -2.300000E+01  0.000000E+00  9.377720E+04 -9.374979E+03
277  2.00332334E-02 -2.300000E+01  0.000000E+00  9.564462E+04 -9.649816E+03
278  2.09415271E-02 -2.300000E+01  0.000000E+00  9.741672E+04 -9.925016E+03
279  2.18895151E-02 -2.300000E+01  0.000000E+00  9.907853E+04 -1.019979E+04
280  2.28788350E-02 -2.300000E+01  0.000000E+00  1.006141E+05 -1.047325E+04
281  2.39111860E-02 -2.300000E+01  0.000000E+00  1.020065E+05 -1.074448E+04
282  2.49883309E-02 -2.300000E+01  0.000000E+00  1.032379E+05 -1.101243E+04
283  2.61120974E-02 -2.300000E+01  0.000000E+00  1.042894E+05 -1.127602E+04
284  2.72843809E-02 -2.300000E+01  0.000000E+00  1.051414E+05 -1.153405E+04
285  2.85071461E-02 -2.300000E+01  0.000000E+00  1.057733E+05 -1.178525E+04
286  2.97824293E-02 -2.300000E+01  0.000000E+00  1.061638E+05 -1.202827E+04
287  3.11123403E-02 -2.300000E+01  0.000000E+00  1.062908E+05 -1.226166E+04
288  3.24990648E-02 -2.300000E+01  0.000000E+00  1.061316E+05 -1.248392E+04
289  3.39448664E-02 -2.300000E+01  0.000000E+00  1.056630E+05 -1.269342E+04
290  3.54520891E-02 -2.300000E+01  0.000000E+00  1.048616E+05 -1.288849E+04
291  3.70231591E-02 -2.300000E+01  0.000000E+00  1.037035E+05 -1.306736E+04
292  3.86605876E-02 -2.300000E+01  0.000000E+00  1.021651E+05 -1.322820E+04
293  4.03669728E-02 -2.300000E+01  0.000000E+00  1.002229E+05 -1.336912E+04
294  4.21450023E-02 -2.300000E+01  0.000000E+00  9.785391E+04 -1.348814E+04
295  4.39974557E-02 -2.300000E+01  0.000000E+00  9.503583E+04 -1.358328E+04
296  4.59272065E-02 -2.300000E+01  0.000000E+00  9.174753E+04 -1.365248E+04
297  4.79372252E-02 -2.300000E+01  0.000000E+00  8.796929E+04 -1.369369E+04
298  5.00305813E-02 -2.300000E+01  0.000000E+00  8.368319E+04 -1.370481E+04
299  5.22104457E-02 -2.300000E+01  0.000000E+00  7.887355E+04 -1.368379E+04
300  5.44800935E-02 -2.300000E+01  0.000000E+00  7.352738E+04 -1.362857E+04
301  5.68429063E-02 -2.300000E+01  0.000000E+00  6.763483E+04 -1.353717E+04
302  5.93023748E-02 -2.300000E+01  0.000000E+00  6.118974E+04 -1.340764E+04
303  6.18621013E-02 -2.300000E+01  0.000000E+00  5.419015E+04 -1.323815E+04
304  6.45258021E-02 -2.300000E+01  0.000000E+00  4.663889E+04 -1.302700E+04
305  6.72973101E-02 -2.300000E+01  0.000000E+00  3.854408E+04 -1.277263E+04
306  7.01805776E-02 -2.300000E+01  0.000000E+00  2.991979E+04 -1.247366E+04
307  7.31796784E-02 -2.300000E+01  0.000000E+00  2.078658E+04 -1.212893E+04
308  7.62988105E-02 -2.300000E+01  0.000000E+00  1.117208E+04 -1.173755E+04
309  7.95422987E-02 -2.300000E+01  0.000000E+00  1.111512E+03 -1.129890E+04
310  8.29145970E-02 -2.300000E+01  0.000000E+00 -9.351747E+03 -1.081268E+04
311  8.64202913E-02 -2.300000E+01  0.000000E+00 -2.016574E+04 -1.027898E+04
312  9.00641013E-02 -2.300000E+01  0.000000E+00 -3.126952E+04 -9.698269E+03
313  9.38508837E-02 -2.300000E+01  0.000000E+00 -4.259282E+04 -9.071461E+03
314  9.77856342E-02 -2.300000E+01  0.000000E+00 -5.405587E+04 -8.399942E+03
315  1.01873490E-01 -2.300000E+01  0.000000E+00 -6.556929E+04 -7.685603E+03
316  1.06119731E-01 -2.300000E+01  0.000000E+00 -7.703415E+04 -6.930870E+03
317  1.10529785E-01 -2.300000E+01  0.000000E+00 -8.834218E+04 -6.138729E+03
318  1.15109228E-01 -2.300000E+01  0.000000E+00 -9.937623E+04 -5.312746E+03
319  1.19863785E-01 -2.300000E+01  0.000000E+00 -1.100108E+05 -4.457082E+03
320  1.24799335E-01 -2.300000E+01  0.000000E+00 -1.201131E+05 -3.576499E+03
321  1.29921911E-01 -2.300000E+01  0.000000E+00 -1.295437E+05 -2.676358E+03
322  1.35237706E-01 -2.300000E+01  0.000000E+00 -1.381586E+05 -1.762610E+03
323  1.40753067E-01 -2.300000E+01  0.000000E+00 -1.458101E+05 -8.417708E+02
324  1.46474506E-01 -2.300000E+01  0.000000E+00 -1.523495E+05  7.911053E+01
325  1.52408697E-01 -2.300000E+01  0.000000E+00 -1.576285E+05  9.924980E+02
326  1.58562476E-01 -2.300000E+01  0.000000E+00 -1.615024E+05  1.890428E+03
327  1.64942850E-01 -2.300000E+01  0.000000E+00 -1.638325E+05  2.764582E+03
328  1.71556989E-01 -2.300000E+01  0.000000E+00 -1.644891E+05  3.606373E+03
329  1.78412237E-01 -2.300000E+01  0.000000E+00 -1.633550E+05  4.407048E+03
330  1.85516105E-01 -2.300000E+01  0.000000E+00 -1.603285E+05  5.157801E+03
331  1.92876279E-01 -2.300000E+01  0.000000E+00 -1.553271E+05  5.849901E+03
332  2.00500617E-01 -2.300000E+01  0.000000E+00 -1.482910E+05  6.474830E+03
333  2.08397153E-01 -2.300000E+01  0.000000E+00 -1.391868E+05  7.024435E+03
334  2.16574097E-01 -2.300000E+01  0.000000E+00 -1.280106E+05  7.491081E+03
335  2.25039835E-01 -2.300000E+01  0.000000E+00 -1.147914E+05  7.867818E+03
336  2.33802930E-01 -2.300000E+01  0.000000E+00 -9.959378E+04  8.148543E+03
337  2.42872124E-01 -2.300000E+01  0.000000E+00 -8.252046E+04  8.328163E+03
338  2.52256340E-01 -2.300000E+01  0.000000E+00 -6.371410E+04  8.402760E+03
339  2.61964677E-01 -2.300000E+01  0.000000E+00 -4.335842E+04  8.369731E+03
340  2.72006416E-01 -2.300000E+01  0.000000E+00 -2.167859E+04  8.227930E+03
341  2.82391019E-01 -2.300000E+01  0.000000E+00  1.059328E+03  7.977786E+03
342  2.93128127E-01 -2.300000E+01  0.000000E+00  2.454994E+04  7.621390E+03
343  3.04227561E-01 -2.300000E+01  0.000000E+00  4.845118E+04  7.162564E+03
344  3.15699323E-01 -2.300000E+01  0.000000E+00  7.238816E+04  6.606896E+03
345  3.27553595E-01 -2.300000E+01  0.000000E+00  9.595813E+04  5.961732E+03
346  3.39800739E-01 -2.300000E+01  0.000000E+00  1.187367E+05  5.236135E+03
347  3.52451295E-01 -2.300000E+01  0.000000E+00  1.402850E+05  4.440800E+03
348  3.65515983E-01 -2.300000E+01  0.000000E+00  1.601586E+05  3.587923E+03
349  3.79005700E-01 -2.300000E+01  0.000000E+00  1.779161E+05  2.691031E+03
350  3.92931520E-01 -2.300000E+01  0.000000E+00  1.931298E+05  1.764763E+03
351  4.07304692E-01 -2.300000E+01  0.000000E+00  2.053964E+05  8.246198E+02
352  4.22136643E-01 -2.300000E+01  0.000000E+00  2.143474E+05 -1.133340E+02
353  4.37438969E-01 -2.300000E+01  0.000000E+00  2.196608E+05 -1.032788E+03
354  4.53223441E-01 -2.300000E+01  0.000000E+00  2.210713E+05 -1.917532E+03
355  4.69502001E-01 -2.300000E+01  0.000000E+00  2.183804E+05 -2.751818E+03
356  4.86286757E-01 -2.300000E+01  0.000000E+00  2.114654E+05 -3.520726E+03
357  5.03589988E-01 -2.300000E+01  0.000000E+00  2.002866E+05 -4.210524E+03
358  5.21424135E-01 -2.300000E+01  0.000000E+00  1.848939E+05 -4.809012E+03
359  5.39801804E-01 -2.300000E+01  0.000000E+00  1.654294E+05 -5.305843E+03
360  5.58735762E-01 -2.300000E+01  0.000000E+00  1.421296E+05 -5.692795E+03
361  5.78238934E-01 -2.300000E+01  0.000000E+00  1.153241E+05 -5.964008E+03
362  5.98324403E-01 -2.300000E+01  0.000000E+00  8.543144E+04 -6.116147E+03
363  6.19005404E-01 -2.300000E+01  0.000000E+00  5.295260E+04 -6.148509E+03
364  6.40295327E-01 -2.300000E+01  0.000000E+00  1.846195E+04 -6.063054E+03
365  6.62207707E-01 -2.300000E+01  0.000000E+00 -1.740471E+04 -5.864363E+03
366  6.84756226E-01 -2.300000E+01  0.000000E+00 -5.396418E+04 -5.559509E+03
367  7.07954712E-01 -2.300000E+01  0.000000E+00 -9.050177E+04 -5.157869E+03
368  7.31817130E-01 -2.300000E+01  0.000000E+00 -1.262887E+05 -4.670854E+03
369  7.56357583E-01 -2.300000E+01  0.000000E+00 -1.606004E+05 -4.111579E+03
370  7.81590308E-01 -2.300000E+01  0.000000E+00 -1.927349E+05 -3.494485E+03
371  8.07529675E-01 -2.300000E+01  0.000000E+00 -2.220313E+05 -2.834914E+03
372  8.34190179E-01 -2.300000E+01  0.000000E+00 -2.478870E+05 -2.148671E+03
373  8.61586439E-01 -2.300000E+01  0.000000E+00 -2.697730E+05 -1.451561E+03
374  8.89733197E-01 -2.300000E+01  0.000000E+00 -2.872475E+05 -7.589421E+02
375  9.18645312E-01 -2.300000E+01  0.000000E+00 -2.999665E+05 -8.530135E+01
376  9.48337754E-01 -2.300000E+01  0.000000E+00 -3.076910E+05  5.561392E+02
377  9.78825606E-01 -2.300000E+01  0.000000E+00 -3.102910E+05  1.153760E+03
378  1.01012406E+00 -2.300000E+01  0.000000E+00 -3.077459E+05  1.697823E+03
379  1.04224840E+00 -2.300000E+01  0.000000E+00 -3.001405E+05  2.180677E+03
380  1.07521402E+00 -2.300000E+01  0.000000E+00 -2.876582E+05  2.596896E+03
381  1.10903640E+00 -2.300000E+01  0.000000E+00 -2.705700E+05  2.943327E+03
382  1.14373114E+00 -2.300000E+01  0.000000E+00 -2.492216E+05  3.219079E+03
383  1.17931388E+00 -2.300000E+01  0.000000E+00 -2.240166E+05  3.425430E+03
384  1.21580037E+00 -2.300000E+01  0.000000E+00 -1.953986E+05  3.565679E+03
385  1.25320646E+00 -2.300000E+01  0.000000E+00 -1.638316E+05  3.644944E+03
386  1.29154803E+00 -2.300000E+01  0.000000E+00 -1.297795E+05  3.669925E+03
387  1.33084108E+00 -2.300000E+01  0.000000E+00 -9.368516E+04  3.648650E+03
388  1.37110164E+00 -2.300000E+01  0.000000E+00 -5.594984E+04  3.590203E+03
389  1.41234582E+00 -2.300000E+01  0.000000E+00 -1.691286E+04  3.504481E+03
390  1.45458980E+00 -2.300000E+01  0.000000E+00  2.316806E+04  3.401960E+03
391  1.49784981E+00 -2.300000E+01  0.000000E+00  6.413605E+04  3.293523E+03
392  1.54214211E+00 -2.300000E+01  0.000000E+00  1.059540E+05  3.190337E+03
393  1.58748305E+00 -2.300000E+01  0.000000E+00  1.487238E+05  3.103815E+03
394  1.63388900E+00 -2.300000E+01  0.000000E+00  1.927076E+05  3.045665E+03
395  1.68137636E+00 -2.300000E+01  0.000000E+00  2.383508E+05  3.028058E+03
396  1.72996160E+00 -2.300000E+01  0.000000E+00  2.863107E+05  3.063926E+03
397  1.77966121E+00 -2.300000E+01  0.000000E+00  3.374921E+05  3.167421E+03
398  1.83049169E+00 -2.300000E+01  0.000000E+00  3.930941E+05  3.355068E+03
399  1.88246959E+00 -2.300000E+01  0.000000E+00  1.569050E+06  1.257323E+04
